9.388571381568908691e-01
6.984463334083557129e-02
2.020109653472900391e+00
1.046261191368103027e-01
2.015219926834106445e-01
3.835351020097732544e-02
7.666924037039279938e-03
6.712744012475013733e-03
2.380015701055526733e-02
1.693581640720367432e-01
1.661133527755737305e+00
1.182192206382751465e+00
1.029435470700263977e-01
3.077962696552276611e-01
5.510469526052474976e-02
1.474891006946563721e-01
3.301633894443511963e-01
1.934640705585479736e-01
1.378939021378755569e-02
6.420356035232543945e-01
1.408561766147613525e-01
6.232718825340270996e-01
1.088172663003206253e-02
5.463356897234916687e-02
4.331399202346801758e-01
1.246029734611511230e-01
1.806286163628101349e-02
2.010881453752517700e-01
1.760244518518447876e-01
2.874515056610107422e-01
2.549376105889678001e-03
3.311509266495704651e-03
1.394681036472320557e-01
4.286252707242965698e-02
1.048465222120285034e-01
4.090811610221862793e-01
5.343003273010253906e-01
1.118069410324096680e+00
6.281650066375732422e-01
1.058510690927505493e-01
5.394822359085083008e-01
1.449317336082458496e+00
6.707817316055297852e-01
4.389483928680419922e-01
6.090170890092849731e-02
4.698036238551139832e-02
8.019881248474121094e-01
1.414418816566467285e-01
1.121285334229469299e-01
1.107280731201171875e+00
2.843028903007507324e-01
1.488788276910781860e-01
3.556655943393707275e-01
6.861050128936767578e-01
6.797727942466735840e-02
4.735549092292785645e-01
3.143253037706017494e-03
2.968501150608062744e-01
2.896067798137664795e-01
2.525172755122184753e-02
4.339326173067092896e-03
1.019284129142761230e-02
1.441899418830871582e+00
7.360149621963500977e-01
7.109759002923965454e-02
3.923062324523925781e+00
4.152062535285949707e-01
7.173491269350051880e-02
5.734084174036979675e-02
6.590221822261810303e-02
1.865962296724319458e-01
1.909792423248291016e-01
5.137107372283935547e-01
8.953379094600677490e-02
7.825969457626342773e-01
5.458807945251464844e-02
4.750739783048629761e-02
2.227858781814575195e+00
5.497826337814331055e-01
6.157111749053001404e-02
5.023124217987060547e-01
9.370815753936767578e-02
8.847582340240478516e-02
3.116776049137115479e-01
2.262580692768096924e-01
1.281902845948934555e-02
1.596368104219436646e-01
1.680324971675872803e-01
6.326518654823303223e-01
6.415584087371826172e-01
1.309723138809204102e+00
1.308912485837936401e-01
1.638849526643753052e-01
4.450272917747497559e-01
4.540691897273063660e-02
2.039859443902969360e-02
1.529302716255187988e+00
3.291291892528533936e-01
3.962544724345207214e-02
1.591646313667297363e+00
2.524441182613372803e-01
3.196268379688262939e-01
3.784148395061492920e-02
1.743314787745475769e-02
1.100697875022888184e+00
1.334491651505231857e-03
8.501240611076354980e-02
7.416435480117797852e-01
6.341566145420074463e-02
2.502438306808471680e+00
9.780581109225749969e-03
9.293959736824035645e-01
3.376243114471435547e-01
7.023855447769165039e-01
4.247826635837554932e-01
1.513685192912817001e-02
3.671562969684600830e-01
2.458794564008712769e-01
6.411547958850860596e-02
3.568434417247772217e-01
4.593432843685150146e-01
2.218721657991409302e-01
3.864688575267791748e-01
3.309569135308265686e-02
1.542425062507390976e-02
2.517073750495910645e-01
7.248403877019882202e-02
7.250920683145523071e-02
6.529188714921474457e-03
5.305311083793640137e-01
3.959090709686279297e-01
1.480831503868103027e-01
3.612837791442871094e-01
1.884932518005371094e-01
1.037991568446159363e-01
1.629100441932678223e+00
4.229039192199707031e+00
4.487398639321327209e-02
5.875231027603149414e-01
1.515678912401199341e-01
5.924138822592794895e-04
1.553024351596832275e-02
9.709133207798004150e-02
4.739598929882049561e-02
1.321745395660400391e+00
8.777991533279418945e-01
1.755614764988422394e-02
3.293652459979057312e-02
1.083196327090263367e-02
8.355541154742240906e-03
3.872949481010437012e-01
3.380609303712844849e-02
1.019187475321814418e-04
5.607784166932106018e-02
1.194454953074455261e-01
3.704928457736968994e-01
1.012374609708786011e-01
1.043026859406381845e-04
5.139853432774543762e-02
4.580277502536773682e-01
5.460298061370849609e-02
7.874056100845336914e-01
4.436870664358139038e-02
3.470233874395489693e-03
1.617645025253295898e-01
1.453689858317375183e-02
3.909217566251754761e-02
2.274734824895858765e-01
3.578886985778808594e-01
8.588756434619426727e-03
7.197372913360595703e-01
1.781784445047378540e-01
1.529373526573181152e-01
1.136531591415405273e+00
4.012778997421264648e-01
8.475339412689208984e-01
6.073527336120605469e+00
3.926307894289493561e-03
9.780733287334442139e-02
6.506804823875427246e-01
1.153181418776512146e-01
9.515727311372756958e-02
9.921134263277053833e-02
2.674694871529936790e-03
1.150164961814880371e+00
1.846302002668380737e-01
1.490527577698230743e-02
1.114583015441894531e-02
2.477085776627063751e-02
5.899376869201660156e-01
2.806121706962585449e-01
1.926520466804504395e-02
7.048503030091524124e-03
7.229180932044982910e-01
2.225903980433940887e-02
1.349967479705810547e+00
2.115236818790435791e-01
3.533789634704589844e+00
4.572606086730957031e-01
5.037235561758279800e-03
1.671077489852905273e+00
3.421419858932495117e-01
5.953436251729726791e-03
1.928919553756713867e-01
3.953005373477935791e-01
1.815101504325866699e-02
1.206693612039089203e-02
7.077689468860626221e-02
7.391351461410522461e-02
1.468491852283477783e-01
1.485998868942260742e+00
4.944436848163604736e-01
1.097434316761791706e-03
8.152540773153305054e-03
8.839911222457885742e-02
1.718218475580215454e-01
3.662546630948781967e-03
6.137892007827758789e-01
2.235891297459602356e-03
1.982722580432891846e-01
3.148307502269744873e-01
1.706241369247436523e+00
2.054439485073089600e-01
5.894249677658081055e-02
1.657989472150802612e-01
3.631647559814155102e-04
2.033201158046722412e-01
1.449161767959594727e-01
5.520273000001907349e-02
1.368539407849311829e-03
1.230377256870269775e-01
4.965473897755146027e-03
3.768277168273925781e-01
1.233810856938362122e-01
6.835884414613246918e-03
8.538358807563781738e-01
1.112438156269490719e-03
6.935048103332519531e-02
1.159559004008769989e-02
1.691369153559207916e-02
8.803195506334304810e-02
9.305449575185775757e-02
1.983147487044334412e-02
1.916182786226272583e-02
1.435168981552124023e-01
7.760305702686309814e-02
1.644225269556045532e-01
4.567607641220092773e-01
9.859976768493652344e-01
1.233343034982681274e-01
5.534237250685691833e-02
3.655017614364624023e-01
1.572722494602203369e-01
2.178272008895874023e+00
2.341635465621948242e+00
5.098680257797241211e-01
1.190268039703369141e+00
8.662080764770507812e-01
2.221199274063110352e-01
1.649868302047252655e-02
6.104870233684778214e-03
3.767930567264556885e-01
2.402970567345619202e-04
1.147828578948974609e+00
2.715277373790740967e-01
3.286385163664817810e-02
6.773912906646728516e-02
1.385972499847412109e-01
4.072202444076538086e-01
2.964128255844116211e-01
2.306024171411991119e-02
7.478408217430114746e-01
1.335487514734268188e-01
5.317503213882446289e-01
1.905451267957687378e-01
1.852148920297622681e-01
2.464039772748947144e-01
2.470657462254166603e-03
5.295604467391967773e-01
1.440141916275024414e+00
6.011889576911926270e-01
1.831854701042175293e+00
5.540924072265625000e-01
2.059517800807952881e-01
4.793814569711685181e-02
1.693601952865719795e-03
1.756994962692260742e+00
5.981367081403732300e-02
7.606373727321624756e-02
1.488636713474988937e-02
4.087318181991577148e-01
4.758265241980552673e-02
2.010468859225511551e-03
2.658786773681640625e-01
1.101201865822076797e-02
3.523932695388793945e-01
2.682690918445587158e-01
2.270859926939010620e-01
3.726035356521606445e-01
9.410592913627624512e-01
2.729097008705139160e-01
2.573397359810769558e-04
6.210089921951293945e-01
5.111345052719116211e-01
4.743282496929168701e-02
6.853778660297393799e-02
1.265689969062805176e+00
6.538501381874084473e-02
2.058055717498064041e-03
3.151846528053283691e-01
2.653187215328216553e-01
1.183719396591186523e+00
5.584055185317993164e-01
1.938155182870104909e-04
1.299133058637380600e-03
3.740159571170806885e-01
1.427498180419206619e-02
2.731020450592041016e-01
2.301513403654098511e-01
3.242356469854712486e-03
3.794495249167084694e-03
6.256399210542440414e-03
6.113993469625711441e-03
6.663511991500854492e-01
4.069367349147796631e-01
7.883449792861938477e-01
1.435309499502182007e-01
2.875128388404846191e-01
6.906109452247619629e-01
9.913998842239379883e-02
2.165593439713120461e-03
1.253677010536193848e-01
1.276867151260375977e+00
3.237924277782440186e-01
8.607735633850097656e-01
1.934267640113830566e+00
1.391648221760988235e-02
1.989319771528244019e-01
9.095071814954280853e-03
1.164584159851074219e+00
3.898284165188670158e-03
3.471873700618743896e-01
1.502219471149146557e-03
6.704182028770446777e-01
1.345008313655853271e-01
6.537360604852437973e-03
3.423414006829261780e-02
1.387568749487400055e-02
6.365263368934392929e-03
7.121535949409008026e-03
2.369003184139728546e-02
1.340801245532929897e-03
1.785695791244506836e+00
1.668862253427505493e-02
5.855086818337440491e-02
2.676358819007873535e-01
2.069589346647262573e-01
3.172891959547996521e-02
3.426837921142578125e-01
1.664247214794158936e-01
6.989732384681701660e-02
1.309217959642410278e-01
4.075127840042114258e-01
1.645631939172744751e-01
7.619559764862060547e-01
6.836578994989395142e-02
2.120740890502929688e+00
6.891994476318359375e-01
5.940769910812377930e-01
8.804799914360046387e-01
6.462686657905578613e-01
5.508021265268325806e-02
1.308791190385818481e-01
4.233320951461791992e-01
2.388594485819339752e-02
3.082307279109954834e-01
1.150700747966766357e-01
2.777322828769683838e-01
3.074033185839653015e-02
2.858254611492156982e-01
2.923858165740966797e-01
2.334088683128356934e-01
7.071230560541152954e-03
8.816654235124588013e-02
2.346484214067459106e-01
2.065632343292236328e+00
1.567708969116210938e+00
4.892611801624298096e-01
7.865459322929382324e-01
9.723348617553710938e-01
2.972426451742649078e-02
6.012259721755981445e-01
5.239865183830261230e-01
2.578637003898620605e-01
9.433177113533020020e-02
1.354959309101104736e-01
2.528929114341735840e-01
1.180672526359558105e+00
1.724261045455932617e+00
2.440091133117675781e+00
1.083954334259033203e+00
2.767882823944091797e+00
2.794603407382965088e-01
8.469186723232269287e-02
5.245547294616699219e-01
6.369290873408317566e-03
5.445476621389389038e-02
7.457038164138793945e-01
4.458845853805541992e-01
5.239316448569297791e-02
4.291525328881107271e-06
1.087146718055009842e-02
6.956627964973449707e-01
5.187382102012634277e-01
5.061852335929870605e-01
1.122418880462646484e+00
3.450709283351898193e-01
1.337160468101501465e+00
2.924987375736236572e-01
9.721140563488006592e-02
2.946739196777343750e-01
6.938476562500000000e-01
7.702647447586059570e-01
5.040090763941407204e-04
5.996688734740018845e-03
4.037061333656311035e-02
1.443819403648376465e-01
4.395822528749704361e-03
3.147377818822860718e-02
2.508699297904968262e-01
6.127771139144897461e-01
2.145744110748637468e-05
2.098505020141601562e+00
1.114729419350624084e-01
4.515332635492086411e-03
1.872602588264271617e-04
7.552477717399597168e-01
1.699948497116565704e-02
9.219874739646911621e-01
7.762026786804199219e-02
1.896923303604125977e+00
1.565523631870746613e-02
3.462646007537841797e-01
2.063379585742950439e-01
1.117413043975830078e+00
8.332375288009643555e-01
1.292199641466140747e-01
1.005294680595397949e+00
4.233120754361152649e-02
3.044053353369235992e-02
7.423266023397445679e-02
6.179160475730895996e-01
4.430062323808670044e-02
2.168648719787597656e+00
4.724340105894953012e-04
2.528506815433502197e-01
1.086255908012390137e+00
2.017057687044143677e-01
9.069673717021942139e-03
5.679901223629713058e-04
1.236975789070129395e-01
6.492987275123596191e-02
1.367336809635162354e-01
1.118831932544708252e-01
7.952893972396850586e-01
1.702449083328247070e+00
1.465755701065063477e-01
1.610735952854156494e-01
1.462975442409515381e-01
2.114118076860904694e-02
7.024489641189575195e-01
1.703950017690658569e-01
4.791195392608642578e-01
3.197661638259887695e-01
3.025450706481933594e-01
1.040751347318291664e-03
2.023696601390838623e-01
3.440772742033004761e-02
1.144707435742020607e-03
2.304240316152572632e-01
7.144538313150405884e-02
4.881906881928443909e-02
3.491141833364963531e-03
1.132806837558746338e-01
7.707772850990295410e-01
1.621229574084281921e-02
6.270617246627807617e-02
6.190912425518035889e-02
7.354802917689085007e-03
1.470878571271896362e-01
2.176497280597686768e-01
6.187103390693664551e-01
5.377569198608398438e-01
4.641829524189233780e-03
8.439304828643798828e-01
1.396514941006898880e-03
6.302567720413208008e-01
1.768159866333007812e-01
5.379198491573333740e-02
1.907186061143875122e-01
1.240888476371765137e+00
4.828168749809265137e-01
1.635503023862838745e-02
1.814270392060279846e-02
1.264147043228149414e+00
5.513886809349060059e-01
2.407768219709396362e-01
9.014977514743804932e-02
1.673848330974578857e-01
2.358187176287174225e-02
2.304206974804401398e-02
1.284500062465667725e-01
4.889694452285766602e-01
1.062597513198852539e+00
5.458751693367958069e-02
1.493373036384582520e+00
1.449916660785675049e-01
6.618602201342582703e-03
2.349486500024795532e-01
5.537948012351989746e-01
8.896207436919212341e-04
3.770149545744061470e-03
1.662987470626831055e-01
2.773012733086943626e-03
1.259209495037794113e-02
2.193436771631240845e-01
1.333704471588134766e+00
4.787519574165344238e-02
8.843627572059631348e-01
2.359227742999792099e-03
7.384453713893890381e-02
4.956643581390380859e-01
2.102749235928058624e-02
3.168490529060363770e-01
8.810884952545166016e-01
1.077122986316680908e-02
3.503833711147308350e-01
8.641467429697513580e-03
4.825223088264465332e-01
3.504123538732528687e-02
1.567445928230881691e-03
1.183864116668701172e+00
2.984087705612182617e+00
7.982731796801090240e-03
2.031050389632582664e-03
2.189956426620483398e+00
6.346421688795089722e-02
7.746416330337524414e-01
4.890452623367309570e-01
2.537873983383178711e-01
9.104321599006652832e-01
2.438259683549404144e-02
2.704179584980010986e-01
2.946085995063185692e-03
1.162363588809967041e-01
5.153214186429977417e-02
1.399947166442871094e+00
8.495028130710124969e-03
4.522669613361358643e-01
6.406896561384201050e-02
4.088794958079233766e-05
2.649468928575515747e-02
4.464460372924804688e+00
1.268657445907592773e+00
1.670632511377334595e-02
4.719902761280536652e-03
1.477012783288955688e-01
2.171522080898284912e-01
5.100753903388977051e-01
1.123294606804847717e-02
9.782518148422241211e-01
3.336826562881469727e-01
2.309452056884765625e+00
2.698780298233032227e-01
3.205298781394958496e-01
1.268535619601607323e-03
5.839786957949399948e-03
2.861805551219731569e-04
4.092651419341564178e-03
3.036571480333805084e-02
2.413368970155715942e-01
1.532208919525146484e+00
1.254249066114425659e-01
8.951429724693298340e-01
9.352708607912063599e-02
2.297240309417247772e-02
3.552491962909698486e-01
5.125441551208496094e-01
9.665994644165039062e-01
1.896414160728454590e-01
3.852363303303718567e-02
2.117035910487174988e-02
2.962673604488372803e-01
1.753091216087341309e-01
1.382078826427459717e-01
1.458590477705001831e-01
1.414241790771484375e-01
2.438832044601440430e+00
1.963432312011718750e+00
2.986781895160675049e-01
1.523154526948928833e-01
1.806147545576095581e-01
5.905701220035552979e-02
1.675591468811035156e+00
1.882233917713165283e-01
5.029039382934570312e-01
1.639150269329547882e-02
1.946900039911270142e-02
6.688113790005445480e-03
6.638945196755230427e-04
1.095992177724838257e-01
2.326241433620452881e-01
1.483891606330871582e+00
3.678414523601531982e-01
8.036655187606811523e-01
1.479510515928268433e-01
2.172949316445738077e-04
2.048899419605731964e-02
8.900109529495239258e-01
6.604138016700744629e-02
2.859519958496093750e+00
2.393450736999511719e-01
1.487038880586624146e-01
2.568630152381956577e-04
9.878193587064743042e-02
7.601888477802276611e-02
5.853846669197082520e-04
3.520553112030029297e-01
5.308421850204467773e-01
1.949316472746431828e-03
1.849947333335876465e+00
1.983940124511718750e+00
2.218617126345634460e-02
2.879807651042938232e-01
1.703260540962219238e+00
1.024160623550415039e+00
4.310252189636230469e+00
8.578567951917648315e-02
5.292402952909469604e-02
7.897876501083374023e-01
2.249127626419067383e-01
5.951055884361267090e-02
4.430574178695678711e-01
4.898095969110727310e-03
1.048897858709096909e-02
1.607899367809295654e-01
1.105107545852661133e+00
1.385257393121719360e-01
5.089370906352996826e-02
9.111015796661376953e-01
4.291332960128784180e-01
7.498614788055419922e-01
5.774599686264991760e-02
1.494513303041458130e-01
2.023984193801879883e+00
1.981376260519027710e-01
6.724406480789184570e-01
6.745533347129821777e-01
1.486317515373229980e-01
2.667507901787757874e-02
4.573117494583129883e-01
2.423482537269592285e-01
2.477815628051757812e+00
1.323903799057006836e-01
9.829270094633102417e-02
1.295442343689501286e-03
1.351741957478225231e-04
8.942446112632751465e-02
1.220048964023590088e-02
1.626174598932266235e-01
8.174060843884944916e-03
1.920643091201782227e+00
1.079764682799577713e-02
4.127629846334457397e-02
2.124934345483779907e-01
2.602580487728118896e-01
1.335092186927795410e-01
7.824817299842834473e-01
1.200393199920654297e+00
6.642161309719085693e-02
9.695518016815185547e-01
1.036461293697357178e-01
1.804504543542861938e-01
4.846297577023506165e-02
7.693185936659574509e-03
3.122080862522125244e-01
2.041214555501937866e-01
1.000926941633224487e-01
4.165756106376647949e-01
3.371865721419453621e-03
8.983943462371826172e-01
8.738817572593688965e-01
4.828043878078460693e-01
1.086408793926239014e-01
1.675845682621002197e-01
2.725816797465085983e-03
1.618488729000091553e-01
3.181210160255432129e-01
1.551151573657989502e-01
3.182705044746398926e-01
5.041471123695373535e-01
1.120182592421770096e-02
9.041646122932434082e-01
1.903661787509918213e-01
1.370941996574401855e-01
5.722818374633789062e-01
6.150901690125465393e-02
1.176206842064857483e-01
2.471515163779258728e-02
5.837416276335716248e-03
6.924031972885131836e-01
3.788557369261980057e-03
5.491029098629951477e-02
6.520663499832153320e-01
2.943083047866821289e-01
1.225084304809570312e+00
2.163690282031893730e-03
2.948730707168579102e+00
2.703959345817565918e-01
6.550861150026321411e-02
5.558935403823852539e-01
5.731332302093505859e-01
2.139838784933090210e-02
2.082837820053100586e-01
2.784511089324951172e+00
1.992147415876388550e-03
6.578082442283630371e-01
3.953026235103607178e-01
1.059278286993503571e-02
2.027921564877033234e-02
5.554086714982986450e-02
4.002180881798267365e-03
9.695464745163917542e-03
6.320898979902267456e-02
2.350552380084991455e-01
7.547924667596817017e-02
7.311491295695304871e-03
1.731128245592117310e-01
6.587921380996704102e-01
1.029360853135585785e-02
3.967035561800003052e-03
1.568528078496456146e-02
7.522363960742950439e-02
9.709981083869934082e-01
5.200586467981338501e-02
6.814689189195632935e-02
2.044343471527099609e+00
1.040109060704708099e-02
4.522376954555511475e-01
6.748822331428527832e-02
9.158269502222537994e-03
1.364849042147397995e-03
2.494803667068481445e+00
4.636564478278160095e-02
4.206974990665912628e-03
1.812116503715515137e+00
1.930609047412872314e-01
3.298314511775970459e-01
5.160063505172729492e-01
1.358727931976318359e+00
7.501327991485595703e-01
5.394380167126655579e-02
1.397958248853683472e-01
2.140003889799118042e-01
6.273976713418960571e-02
3.564926236867904663e-02
1.845873147249221802e-02
2.964203655719757080e-01
1.893743395805358887e+00
3.095856122672557831e-02
8.537594079971313477e-01
1.581245660781860352e-01
2.107700705528259277e-01
5.975596141070127487e-03
3.720506327226758003e-03
3.726338595151901245e-02
4.612912237644195557e-02
1.482233703136444092e-01
6.519173383712768555e-01
3.313987553119659424e-01
1.722291409969329834e-01
1.120167374610900879e-01
2.316219210624694824e-01
4.457695484161376953e-01
1.548057675361633301e+00
8.160485327243804932e-02
3.397409105673432350e-03
1.142663359642028809e+00
8.538879454135894775e-03
1.062466621398925781e+00
6.628786213696002960e-03
3.793824091553688049e-02
4.322393238544464111e-02
2.383901592111214995e-04
3.408173918724060059e-01
5.796561017632484436e-02
4.185754223726689816e-04
8.490169793367385864e-02
1.569588319398462772e-03
7.737370580434799194e-02
5.240789651870727539e-01
8.855035901069641113e-01
3.927821666002273560e-02
1.440197080373764038e-01
2.332379579544067383e+00
3.844952955842018127e-02
2.106331110000610352e+00
1.001094132661819458e-01
1.244467020034790039e+00
4.552443623542785645e-01
1.926020860671997070e+00
7.905410230159759521e-02
9.376946687698364258e-01
2.836798429489135742e-01
2.176759093999862671e-01
1.697786450386047363e-01
4.517747759819030762e-01
2.988591045141220093e-02
3.153948113322257996e-03
3.198184669017791748e-01
2.259917557239532471e-03
1.097030565142631531e-01
6.995826493948698044e-03
1.293901801109313965e-01
1.583196222782135010e-02
1.037331819534301758e+00
1.737752812914550304e-03
7.741485536098480225e-02
6.800804138183593750e-01
7.858563959598541260e-02
1.264857947826385498e-01
5.242950916290283203e-01
1.678158715367317200e-02
6.831223964691162109e-01
5.021706223487854004e-01
8.033862104639410973e-04
2.470765709877014160e-01
6.042037606239318848e-01
2.588781714439392090e-01
4.799200594425201416e-02
1.748813539743423462e-01
1.189382225275039673e-01
3.669079160317778587e-03
6.957045197486877441e-01
2.697185993194580078e+00
2.906341291964054108e-02
1.576390862464904785e-01
1.334204524755477905e-01
8.073427677154541016e-01
5.286440849304199219e-01
9.059986099600791931e-03
7.234981060028076172e-01
8.239444345235824585e-03
3.113957047462463379e-01
6.559994071722030640e-02
5.535154342651367188e-01
1.726923510432243347e-03
1.681225025095045567e-03
2.532372483983635902e-03
2.530004680156707764e-01
3.717196360230445862e-02
1.058452576398849487e-02
5.693477392196655273e-01
6.831704378128051758e-01
3.022785857319831848e-02
2.911528758704662323e-02
2.727729678153991699e-01
2.175435721874237061e-01
1.713535189628601074e-01
4.966053366661071777e-02
9.060662984848022461e-01
2.319151908159255981e-02
8.021516352891921997e-02
6.805279105901718140e-02
2.679569413885474205e-03
5.051344633102416992e-01
1.089526772499084473e+00
5.384936928749084473e-02
4.021713435649871826e-01
4.082431793212890625e-01
3.652127087116241455e-01
2.428090870380401611e-01
4.837594628334045410e-01
1.669820100069046021e-01
7.459006905555725098e-01
5.640424322336912155e-03
2.650935947895050049e-01
9.806989431381225586e-01
3.742584288120269775e-01
4.278407990932464600e-01
1.134538501501083374e-01
7.777645718306303024e-03
7.963199168443679810e-02
8.808683604001998901e-03
8.256942965090274811e-03
4.249368309974670410e-01
1.852789819240570068e-01
1.303074061870574951e-01
2.159796953201293945e-01
5.280220508575439453e-01
1.196348369121551514e-01
3.171268105506896973e-01
6.207340359687805176e-01
7.294449955224990845e-03
1.290722489356994629e-01
8.178853243589401245e-02
6.376042962074279785e-02
8.964239954948425293e-01
1.875367045402526855e+00
1.667729377746582031e+00
9.196490794420242310e-02
5.158286541700363159e-02
4.934039432555437088e-03
8.916454971767961979e-04
7.905160784721374512e-01
2.395975869148969650e-03
3.114462085068225861e-02
4.501994252204895020e-01
5.853060632944107056e-03
6.954171061515808105e-01
4.106185864657163620e-03
2.533374428749084473e-01
1.485201716423034668e-01
1.074675202369689941e+00
7.159698009490966797e-02
2.604665700346231461e-03
4.074024036526679993e-02
9.988591074943542480e-02
2.376352787017822266e+00
1.341962814331054688e-01
1.103374958038330078e-01
4.119219303131103516e+00
2.227932587265968323e-02
7.504483312368392944e-02
1.597085595130920410e+00
1.084222272038459778e-02
3.025174140930175781e-01
5.171649456024169922e-01
4.698514938354492188e-01
1.372933864593505859e+00
2.774252891540527344e-01
7.869586944580078125e-01
1.222575664520263672e+00
7.580782771110534668e-01
4.589653015136718750e-02
1.089210342615842819e-02
7.678467780351638794e-02
4.124751687049865723e-01
3.418276086449623108e-02
8.179139345884323120e-02
2.156593464314937592e-02
7.065593451261520386e-02
5.738068744540214539e-02
1.750354766845703125e-01
2.398235490545630455e-03
5.180700868368148804e-02
1.795429438352584839e-01
5.215462446212768555e-01
1.124697446823120117e+00
2.819996476173400879e-01
5.856734234839677811e-03
1.784919381141662598e+00
4.015954211354255676e-03
1.738155037164688110e-01
2.938413918018341064e-01
1.134361848235130310e-01
5.745846405625343323e-02
1.743955850601196289e+00
4.739837720990180969e-02
1.201798558235168457e+00
1.941201090812683105e+00
6.340333223342895508e-01
4.679138064384460449e-01
2.245703786611557007e-01
8.332664519548416138e-02
4.788440093398094177e-02
1.254112180322408676e-02
6.443181633949279785e-01
4.549153614789247513e-03
2.930469997227191925e-02
2.960145175457000732e-01
1.131492853164672852e+00
2.007040381431579590e-01
3.437223136425018311e-01
3.952198894694447517e-04
1.122083282098174095e-03
1.833160072565078735e-01
3.464021980762481689e-01
4.554656744003295898e-01
1.213231608271598816e-01
2.324338704347610474e-01
1.541169080883264542e-02
2.082163095474243164e-01
1.765289530158042908e-02
6.120135784149169922e-01
1.200764253735542297e-01
6.662145256996154785e-01
1.577347755432128906e+00
1.344519555568695068e-01
8.058948814868927002e-02
1.060090214014053345e-01
1.745072752237319946e-01
2.894726395606994629e-02
7.531935814768075943e-03
3.565169870853424072e-01
1.171462774276733398e+00
3.039467930793762207e-01
3.301552205812186003e-04
1.262344536371529102e-03
4.021714925765991211e-01
1.427659392356872559e-01
8.013737201690673828e-02
7.461211085319519043e-02
8.550483584403991699e-01
1.410802364349365234e+00
1.281083822250366211e-01
1.414692997932434082e-01
2.415122464299201965e-03
6.001375913619995117e-01
1.465518921613693237e-01
5.740663618780672550e-04
5.712980628013610840e-01
9.711383283138275146e-02
9.970268234610557556e-03
1.136731624603271484e+00
6.689914315938949585e-02
1.127164959907531738e+00
7.710224390029907227e-02
1.454247540095821023e-04
3.180476427078247070e-01
4.124211072921752930e-01
4.428157955408096313e-02
6.036858074367046356e-03
3.368759155273437500e-01
1.904072761535644531e-01
1.182603359222412109e+00
3.510025739669799805e-01
8.092972636222839355e-01
1.207421422004699707e-01
1.149671435356140137e+00
7.440596818923950195e-02
3.247980475425720215e-01
1.058246254920959473e+00
3.080306351184844971e-01
7.651537060737609863e-01
2.680950462818145752e-01
3.069928847253322601e-03
5.052067637443542480e-01
3.438561409711837769e-02
5.987194776535034180e-01
9.994279826059937477e-04
3.669288381934165955e-02
6.769906282424926758e-01
1.977283239364624023e+00
8.106371760368347168e-02
2.219479903578758240e-02
2.950686514377593994e-01
8.516415208578109741e-02
4.926025867462158203e-01
5.048297643661499023e-01
2.000128924846649170e-01
9.514817968010902405e-03
2.478655613958835602e-02
6.724784523248672485e-02
6.787279844284057617e-01
6.373620033264160156e-01
3.216778859496116638e-02
3.789722621440887451e-01
1.351339459419250488e+00
2.408290386199951172e+00
5.595599487423896790e-02
4.254435598850250244e-01
1.339296698570251465e+00
6.942304372787475586e-01
4.247453529387712479e-03
5.370273813605308533e-02
1.474639922380447388e-01
1.115029081702232361e-01
1.920314878225326538e-01
1.731083728373050690e-02
8.662740699946880341e-03
8.250097185373306274e-02
1.181792616844177246e-01
7.630691528320312500e-01
4.293463826179504395e-01
1.004131790250539780e-02
1.058625429868698120e-01
1.077641472220420837e-01
4.062097892165184021e-02
1.919729411602020264e-01
4.064833372831344604e-02
3.198277354240417480e-01
3.484952151775360107e-01
5.471858382225036621e-01
4.425247013568878174e-01
1.135467052459716797e+00
9.654481410980224609e-01
5.863642320036888123e-02
2.616551145911216736e-02
1.527163945138454437e-02
2.517241239547729492e+00
9.128867089748382568e-02
4.577355086803436279e-02
5.600674152374267578e-01
4.080882370471954346e-01
2.610338106751441956e-02
3.385408222675323486e-01
1.145084872841835022e-01
6.664866209030151367e-01
3.910312414169311523e+00
1.985309645533561707e-02
5.082425195723772049e-03
5.765213966369628906e-01
5.034859776496887207e-01
5.112787708640098572e-03
8.947215080261230469e-01
4.006782174110412598e-01
7.597002983093261719e-01
1.544874757528305054e-01
8.794968128204345703e-01
2.174710109829902649e-02
2.827503383159637451e-01
2.233302593231201172e-01
5.120830535888671875e-01
2.191855385899543762e-02
6.335960328578948975e-02
3.846317052841186523e+00
5.323444008827209473e-01
2.227783203125000000e-01
6.857436299324035645e-01
2.468385398387908936e-01
6.656496785581111908e-03
6.055258959531784058e-02
1.034949049353599548e-01
1.984176225960254669e-03
1.432222276926040649e-01
8.749209642410278320e-01
5.478368606418371201e-03
1.907715573906898499e-02
1.388653159141540527e+00
5.471804738044738770e-01
3.160589635372161865e-01
6.247514393180608749e-03
1.008359598927199841e-03
5.267496109008789062e-01
9.134536236524581909e-02
1.453223228454589844e-01
5.306856632232666016e-01
2.881210669875144958e-02
7.089283317327499390e-02
1.514659728854894638e-02
3.292476534843444824e-01
5.588341712951660156e+00
1.904265210032463074e-02
1.292543262243270874e-01
1.523532748222351074e+00
2.524116933345794678e-01
4.497570991516113281e-01
3.812472522258758545e-02
5.939295142889022827e-02
8.823825418949127197e-02
3.961379528045654297e-01
8.013913631439208984e-01
5.235532298684120178e-03
1.154947676695883274e-03
6.228864192962646484e-01
3.798478574026376009e-04
7.586950063705444336e-02
8.082658052444458008e-03
4.456944297999143600e-03
4.431601986289024353e-02
1.156604766845703125e+00
4.543879032135009766e-01
1.152692556381225586e+00
1.183808073401451111e-01
7.773000397719442844e-04
1.062209680676460266e-01
5.578701198101043701e-02
1.438285876065492630e-02
5.340861901640892029e-02
4.250099882483482361e-04
1.447838693857192993e-01
1.056718640029430389e-02
1.627868041396141052e-02
1.411234378814697266e+00
1.639513671398162842e-02
9.313204139471054077e-02
2.705684746615588665e-04
1.470015168190002441e+00
9.746145457029342651e-02
2.584082186222076416e-01
1.320751762250438333e-04
7.591125965118408203e-01
1.701395064592361450e-01
6.383278965950012207e-02
3.594784438610076904e-02
2.782094180583953857e-01
5.471130013465881348e-01
2.031799405813217163e-01
3.503529727458953857e-01
1.922193728387355804e-02
1.155907884240150452e-01
5.153701081871986389e-02
4.286780655384063721e-01
7.111180573701858521e-02
1.748903155326843262e+00
2.414171118289232254e-03
7.830263376235961914e-01
9.883765876293182373e-02
3.648330748546868563e-04
4.750755310058593750e+00
5.334295704960823059e-02
6.507278420031070709e-03
1.086912453174591064e-01
6.795405745506286621e-01
7.924266159534454346e-02
1.970102429389953613e+00
3.075908422470092773e+00
3.525456190109252930e-01
1.191292479634284973e-01
8.290210366249084473e-01
1.482100039720535278e-01
3.344791829586029053e-01
4.303836729377508163e-03
6.304275989532470703e-01
6.626855581998825073e-02
2.361853599548339844e+00
5.309429019689559937e-02
1.880352348089218140e-01
1.154645159840583801e-02
1.993003845214843750e+00
2.778308093547821045e-01
8.188024908304214478e-02
6.151511073112487793e-01
2.414279133081436157e-01
3.689647316932678223e-01
1.718077808618545532e-02
1.034927129745483398e+00
4.759719967842102051e-02
3.748655021190643311e-01
9.769640564918518066e-01
4.700031280517578125e-01
6.130520254373550415e-02
1.996804177761077881e-01
1.221615169197320938e-02
2.165368497371673584e-01
1.503205895423889160e-01
1.012188196182250977e-01
2.563035488128662109e-02
4.518505334854125977e-01
2.869025245308876038e-02
8.669582605361938477e-01
4.200754687190055847e-02
2.040462195873260498e-01
6.253911554813385010e-02
4.482588544487953186e-02
1.827037930488586426e-01
4.707137346267700195e-01
5.636866092681884766e-01
4.958119709044694901e-03
1.318365335464477539e+00
3.511789068579673767e-02
4.816265404224395752e-02
4.483330249786376953e-01
2.513227984309196472e-03
3.343509912490844727e+00
3.740693628787994385e-02
1.383777242153882980e-03
4.096110537648200989e-02
3.208183050155639648e-01
1.423020567744970322e-02
1.179544702172279358e-01
2.322284430265426636e-01
1.009454205632209778e-02
7.856116294860839844e-01
3.691602125763893127e-02
3.995889723300933838e-01
3.770253658294677734e-01
3.554431200027465820e-01
2.209896047133952379e-04
5.206597037613391876e-03
3.008813224732875824e-02
7.510506510734558105e-01
1.705551296472549438e-01
1.308300183154642582e-03
7.303903251886367798e-02
5.947842597961425781e-01
6.826636940240859985e-02
1.245333194732666016e+00
1.033797621726989746e+00
1.119876861572265625e+00
9.123121947050094604e-02
6.474383473396301270e-01
5.037436485290527344e-01
1.082458972930908203e+00
3.573272228240966797e-01
3.444717884063720703e+00
5.561237223446369171e-03
1.437710039317607880e-02
1.749335974454879761e-01
1.223021224141120911e-01
9.880396723747253418e-02
1.866737194359302521e-02
6.744503974914550781e-01
2.514036744832992554e-02
2.920887665823101997e-03
1.969063840806484222e-02
1.840973615646362305e+00
1.765992306172847748e-02
4.466921389102935791e-01
4.226799122989177704e-03
2.752065099775791168e-02
2.162434309720993042e-01
4.876149818301200867e-03
2.792683662846684456e-04
7.210753974504768848e-04
1.223510727286338806e-01
1.249235356226563454e-04
3.199196234345436096e-02
2.020284235477447510e-01
1.359666734933853149e-01
1.205551787279546261e-03
2.505323886871337891e-01
1.325874309986829758e-02
3.000165103003382683e-03
1.152103900909423828e+00
1.039242297410964966e-01
2.225837230682373047e+00
3.840479254722595215e-02
1.497650623321533203e+00
1.665846854448318481e-01
1.211288571357727051e-01
3.087207376956939697e-01
1.148818880319595337e-01
1.451711803674697876e-01
2.703109523281455040e-03
4.204195365309715271e-02
7.521760649979114532e-03
3.283097594976425171e-02
4.754752665758132935e-02
2.307848930358886719e+00
2.551659569144248962e-02
5.589666366577148438e-01
6.817873567342758179e-02
4.334460012614727020e-03
6.673667114228010178e-03
1.165144238620996475e-02
3.241406055167317390e-03
2.435457892715930939e-03
5.342017859220504761e-03
8.326806873083114624e-02
1.230034790933132172e-02
4.343868792057037354e-01
5.345840454101562500e-01
2.603454589843750000e-01
2.223269268870353699e-02
4.644865691661834717e-01
4.887957870960235596e-02
2.087176404893398285e-02
6.366813778877258301e-01
2.877026796340942383e-03
3.190268874168395996e-01
2.575318515300750732e-01
1.015862217172980309e-03
1.181450299918651581e-02
7.186815887689590454e-02
2.287220209836959839e-01
1.819669723510742188e+00
3.091452643275260925e-02
7.858861982822418213e-02
1.547111421823501587e-01
1.257950782775878906e+00
1.512507796287536621e-01
2.598816528916358948e-02
7.921963930130004883e-02
3.981708586215972900e-01
7.528306841850280762e-01
6.245737429708242416e-03
7.005193829536437988e-02
1.351748108863830566e-01
1.373330410569906235e-02
3.064881861209869385e-01
4.764869343489408493e-03
1.035876646637916565e-01
2.413197606801986694e-01
1.037852987647056580e-01
7.015389273874461651e-04
1.778538078069686890e-01
8.395639657974243164e-01
4.274387955665588379e-01
2.535308152437210083e-02
1.111786603927612305e+00
8.644563704729080200e-02
4.777814447879791260e-02
1.150353670120239258e+00
2.391803741455078125e+00
8.175518512725830078e-01
2.049032151699066162e-01
1.388050802052021027e-02
6.117096543312072754e-01
1.223707944154739380e-01
1.144056200981140137e+00
1.604103483259677887e-02
1.877906799316406250e+00
1.083474159240722656e+00
2.673139870166778564e-01
6.362609565258026123e-02
2.034802287817001343e-01
1.295695267617702484e-02
8.003931641578674316e-01
4.861728250980377197e-01
1.340602159500122070e+00
2.555152773857116699e-01
3.161013722419738770e-01
1.043671146035194397e-01
9.299886226654052734e-01
1.154491957277059555e-02
1.026103738695383072e-03
2.081023715436458588e-02
9.620147347450256348e-01
5.956110358238220215e-02
9.793698191642761230e-01
4.945465624332427979e-01
1.937028288841247559e+00
7.873032242059707642e-02
1.875667423009872437e-01
7.027879953384399414e-01
8.922410197556018829e-04
1.016808897256851196e-01
5.634413957595825195e-01
1.574782840907573700e-02
1.797976344823837280e-01
2.138175725936889648e+00
3.415348473936319351e-03
8.120750188827514648e-01
9.906343221664428711e-01
8.514565229415893555e-02
3.660247311927378178e-04
4.822527989745140076e-03
1.433048367500305176e+00
2.247015982866287231e-01
6.567596644163131714e-02
9.476439654827117920e-02
2.737891077995300293e-01
1.090765930712223053e-03
8.272454142570495605e-02
1.203552782535552979e-01
2.878708243370056152e-01
9.966657310724258423e-02
4.200480505824089050e-02
5.766778718680143356e-03
4.686572551727294922e-01
4.215214252471923828e-01
4.210143685340881348e-01
9.041269421577453613e-01
4.429252818226814270e-02
7.749693393707275391e-01
7.480112835764884949e-03
2.981148660182952881e-03
8.083995580673217773e-01
5.138897895812988281e-01
8.002297282218933105e-01
8.042937517166137695e-01
6.689992547035217285e-02
5.220654010772705078e-01
7.032588124275207520e-01
1.211086753755807877e-02
2.069832989946007729e-03
1.231072917580604553e-01
5.738372802734375000e-01
1.338519811630249023e+00
2.144277244806289673e-01
5.356941819190979004e-01
1.239714175462722778e-01
7.355154156684875488e-01
2.625063247978687286e-02
7.522627115249633789e-01
2.757144533097743988e-02
1.508328437805175781e+00
5.237042531371116638e-02
9.807672500610351562e-01
3.552480041980743408e-01
9.025574326515197754e-01
1.539465188980102539e+00
1.916577666997909546e-01
2.072460800409317017e-01
1.557862162590026855e+00
3.736747503280639648e-01
2.474005222320556641e+00
2.205186843872070312e+00
7.865641713142395020e-01
5.423743859864771366e-04
4.613584876060485840e-01
2.788115143775939941e-01
1.370866000652313232e-01
1.224504709243774414e+00
1.216578185558319092e-01
6.389139592647552490e-02
2.464020252227783203e-01
3.386364281177520752e-01
4.114758074283599854e-01
1.134075522422790527e-01
4.472876712679862976e-02
1.840258240699768066e-01
4.212062835693359375e+00
6.547071970999240875e-03
1.111982345581054688e+00
6.799306273460388184e-01
1.249133944511413574e-01
1.357007771730422974e-01
8.085732348263263702e-03
9.419594705104827881e-02
1.682660169899463654e-02
5.194452404975891113e-02
1.121780872344970703e-01
5.503384396433830261e-03
9.805507212877273560e-02
9.066478908061981201e-02
3.968935459852218628e-03
6.412252038717269897e-02
7.742323726415634155e-02
1.412710100412368774e-01
1.296656370162963867e+00
4.906619340181350708e-02
7.761861383914947510e-02
4.325681030750274658e-01
1.559099555015563965e-01
1.145229209214448929e-02
5.420750975608825684e-01
4.171238243579864502e-01
1.557938575744628906e+00
7.891871780157089233e-02
6.625470705330371857e-03
2.821656167507171631e-01
4.800098389387130737e-02
4.209247231483459473e-02
2.078467369079589844e+00
3.194185346364974976e-02
4.664191603660583496e-01
3.747557699680328369e-01
5.914971828460693359e-01
2.400446534156799316e-01
8.538756370544433594e-01
2.368211373686790466e-02
1.917521357536315918e-01
4.482168878894299269e-05
3.907549381256103516e-01
2.925798594951629639e-01
1.040490150451660156e+00
1.302123427391052246e+00
4.566835239529609680e-03
1.081605106592178345e-01
1.575731635093688965e+00
1.309133600443601608e-03
1.925172656774520874e-01
3.631221503019332886e-02
1.951434463262557983e-01
4.123122617602348328e-02
2.646933495998382568e-01
1.296695508062839508e-02
1.250537335872650146e-01
3.164195641875267029e-02
2.918391488492488861e-03
3.633546233177185059e-01
3.704930841922760010e-01
1.505524292588233948e-02
6.311095356941223145e-01
2.688433416187763214e-02
7.380179315805435181e-02
5.368495583534240723e-01
1.997819393873214722e-01
8.515740633010864258e-01
2.023793524131178856e-03
1.362738907337188721e-01
1.418706327676773071e-01
2.150839865207672119e-01
1.688653230667114258e-01
9.215278923511505127e-02
3.078354299068450928e-01
7.906731963157653809e-02
3.036051243543624878e-02
4.324830174446105957e-01
4.564551115036010742e-01
1.019000913947820663e-02
4.173894524574279785e-01
7.726490497589111328e-02
1.879241168498992920e-01
5.542852282524108887e-01
8.810219354927539825e-03
1.165215373039245605e+00
2.017816752195358276e-01
1.314944177865982056e-01
4.909428954124450684e-01
3.493422269821166992e-01
1.153078377246856689e-01
5.089767277240753174e-02
8.505783975124359131e-03
1.130182743072509766e-01
1.608930230140686035e+00
1.202168166637420654e-01
4.819701910018920898e-01
1.720345973968505859e+00
1.178175210952758789e-02
2.683519423007965088e-01
1.115736740757711232e-04
3.918345868587493896e-01
3.656670078635215759e-02
1.212418437004089355e+00
3.118059597909450531e-03
1.497271776199340820e+00
8.509207963943481445e-01
9.714996218681335449e-01
7.731527686119079590e-01
2.098272442817687988e-01
6.540042161941528320e-02
1.054571628570556641e+00
4.357495903968811035e-01
6.160117387771606445e-01
7.124072909355163574e-01
3.739627543836832047e-03
1.210560873150825500e-01
7.619263529777526855e-01
8.582728914916515350e-03
5.452080443501472473e-02
5.026903748512268066e-02
6.627480983734130859e-01
1.079245749861001968e-02
8.497979640960693359e-01
7.744069099426269531e-01
8.330985903739929199e-02
1.837848126888275146e-01
1.080721393227577209e-01
1.102510560303926468e-02
4.217064939439296722e-03
8.293194323778152466e-02
1.071363240480422974e-01
1.105613708496093750e+00
2.475922740995883942e-02
1.263654208742082119e-03
1.329610589891672134e-03
1.333556622266769409e-01
2.116786241531372070e-01
1.305617541074752808e-01
8.297722339630126953e-01
2.231420278549194336e-01
4.004377722740173340e-01
6.753950379788875580e-03
1.790273785591125488e+00
6.755910515785217285e-01
8.356347680091857910e-01
2.521453239023685455e-02
1.211698055267333984e+00
1.565288938581943512e-02
2.079729288816452026e-01
1.728360891342163086e+00
8.272641301155090332e-01
7.212289571762084961e-01
2.355729103088378906e+00
4.350043535232543945e-01
1.167528554797172546e-01
2.367328703403472900e-01
4.426155984401702881e-01
8.301532268524169922e-02
5.096436738967895508e-01
8.619905263185501099e-02
4.871116280555725098e-01
7.122500538825988770e-01
8.765024691820144653e-02
7.584795355796813965e-02
1.816943883895874023e+00
5.483863502740859985e-02
1.390644311904907227e+00
1.514020264148712158e-01
1.805305957794189453e+00
2.019736766815185547e-01
8.034142255783081055e-01
4.384666215628385544e-03
1.521473526954650879e+00
3.127253055572509766e-02
1.126559730619192123e-02
3.806598186492919922e+00
5.200416594743728638e-02
4.803091287612915039e-01
4.548946022987365723e-01
4.073804616928100586e-01
1.129465992562472820e-03
8.449085801839828491e-02
1.268206238746643066e-01
7.800465822219848633e-01
3.745573759078979492e-02
3.135155202471651137e-05
1.214105486869812012e+00
5.804177001118659973e-02
7.655729055404663086e-01
6.745245307683944702e-02
8.419590443372726440e-02
3.131513893604278564e-01
3.514206036925315857e-02
5.061942338943481445e-01
5.574358701705932617e-01
1.698869228363037109e+00
5.197361707687377930e-01
1.088694855570793152e-01
1.353712916374206543e+00
7.529319077730178833e-02
4.723462276160717010e-03
6.967381238937377930e-01
1.701097190380096436e-02
9.048251062631607056e-02
6.468395590782165527e-01
1.202582836151123047e+00
1.455240696668624878e-02
5.467973276972770691e-02
5.307393614202737808e-03
3.673855960369110107e-01
4.794719517230987549e-01
2.120034070685505867e-03
9.374799728393554688e-01
6.540005207061767578e-01
2.511436939239501953e-01
1.508200526237487793e+00
1.015909295529127121e-02
7.913571596145629883e-02
3.990330733358860016e-04
7.194375395774841309e-01
1.242032870650291443e-01
4.409870505332946777e-01
8.149426579475402832e-01
3.216629028320312500e-01
1.455615878105163574e+00
1.714446097612380981e-01
1.464724191464483738e-03
1.569514870643615723e+00
3.609311878681182861e-01
5.741854547522962093e-04
1.033242821693420410e+00
4.131962954998016357e-01
1.448909193277359009e-01
9.525208733975887299e-03
1.910694390535354614e-01
3.667772747576236725e-03
1.559057086706161499e-02
3.771762549877166748e-02
4.080560505390167236e-01
5.176139250397682190e-02
3.838646709918975830e-01
3.285843133926391602e-02
7.866487652063369751e-02
1.432446718215942383e+00
2.029622904956340790e-03
8.490063250064849854e-03
1.806759536266326904e-01
1.951971888542175293e+00
2.698250487446784973e-02
8.210685849189758301e-01
4.736882448196411133e-01
1.158638857305049896e-03
5.989664932712912560e-04
1.529911067336797714e-02
3.179717063903808594e-02
1.236469745635986328e+00
4.655669033527374268e-01
6.587129831314086914e-02
7.566415071487426758e-01
1.619922986719757318e-04
1.761292695999145508e+00
3.079792950302362442e-03
1.574102640151977539e-01
5.178106427192687988e-01
2.051988383755087852e-03
6.053676828742027283e-02
4.046126306056976318e-01
6.162614822387695312e-01
2.598897926509380341e-02
1.422794610261917114e-01
4.120046496391296387e-01
1.291778802871704102e+00
9.649854302406311035e-01
2.011421620845794678e-01
1.391953229904174805e+00
1.251410394906997681e-01
6.973801553249359131e-02
1.410919008776545525e-03
1.274450302124023438e+00
8.403902029385790229e-05
3.221600353717803955e-01
2.803520672023296356e-02
3.178377449512481689e-02
4.821946322917938232e-01
2.843351960182189941e-01
4.847047477960586548e-02
1.480485498905181885e-02
3.425196111202239990e-01
1.521806001663208008e+00
1.084511578083038330e-01
3.113196492195129395e-01
2.047260403633117676e-01
3.316421210765838623e-01
1.162925385870039463e-03
2.701801713556051254e-03
7.118458859622478485e-03
7.894263267517089844e-01
1.188494190573692322e-01
1.245128810405731201e-01
6.749836355447769165e-02
1.637484878301620483e-02
7.758706342428922653e-04
4.078430309891700745e-02
6.609684228897094727e-02
7.907987572252750397e-03
7.263167644850909710e-04
8.492546528577804565e-02
5.154771804809570312e-01
4.486948549747467041e-01
6.936161778867244720e-03
1.521281898021697998e-02
8.214247226715087891e-01
2.805784225463867188e+00
2.362098395824432373e-01
1.284080091863870621e-02
9.564014077186584473e-01
1.618930816650390625e+00
7.632441702298820019e-04
4.373132288455963135e-01
9.533813595771789551e-01
2.354904413223266602e-01
7.902414351701736450e-02
8.273016214370727539e-01
4.315931200981140137e-01
9.023610353469848633e-01
7.882697582244873047e-01
4.736222624778747559e-01
1.464309096336364746e-01
1.957236975431442261e-01
1.282814502716064453e+00
2.609015703201293945e-01
6.164357662200927734e-01
1.415231078863143921e-01
5.542136430740356445e-01
4.234852313995361328e+00
2.077958136796951294e-01
3.237714767456054688e-01
3.108681142330169678e-01
1.380324945785105228e-03
7.504249922931194305e-03
1.525854587554931641e+00
3.375786356627941132e-03
1.976010560989379883e+00
1.270764023065567017e-01
2.460398197174072266e+00
6.964128464460372925e-02
1.956295967102050781e-01
8.514479398727416992e-01
2.657428979873657227e+00
3.714795783162117004e-02
8.637336641550064087e-02
9.411094188690185547e-01
2.151749283075332642e-01
5.699036270380020142e-02
1.603394746780395508e-01
1.940035521984100342e-01
6.779995560646057129e-02
7.897142767906188965e-01
4.970903682988137007e-05
1.421128399670124054e-02
2.282758057117462158e-02
4.791848063468933105e-01
5.929251760244369507e-02
8.191677741706371307e-03
1.913002431392669678e-01
4.325795453041791916e-03
8.899267762899398804e-02
6.375595927238464355e-02
9.700122172944247723e-04
2.125948369503021240e-01
2.083089500665664673e-01
3.812546376138925552e-03
5.970890074968338013e-02
4.795831628143787384e-04
3.348450362682342529e-02
7.919939160346984863e-01
3.400030732154846191e-01
8.486399427056312561e-03
4.140976667404174805e-01
6.118076443672180176e-01
8.425376564264297485e-02
4.455639049410820007e-02
2.250418183393776417e-04
8.214153051376342773e-01
6.237302720546722412e-02
5.918515324592590332e-01
4.091934114694595337e-02
1.730052754282951355e-02
1.233775377273559570e+00
1.131698250770568848e+00
2.081886291503906250e+00
9.220162755809724331e-04
2.009334415197372437e-02
1.970330476760864258e-01
4.029252752661705017e-02
5.083374213427305222e-03
1.610809922218322754e+00
1.185957074165344238e+00
1.204135179519653320e+00
2.569114323705434799e-03
3.507814109325408936e-01
1.697370223701000214e-02
1.053982041776180267e-02
2.527913093566894531e+00
1.692934483289718628e-01
4.383753240108489990e-01
2.322478219866752625e-03
9.107712656259536743e-02
6.844004988670349121e-02
4.559477791190147400e-03
2.197593078017234802e-02
2.666707150638103485e-02
3.486128449440002441e-01
6.481695920228958130e-03
5.015825033187866211e-01
2.769852280616760254e-01
7.004732489585876465e-01
7.231405377388000488e-02
5.503964424133300781e-01
6.811257451772689819e-03
5.370981097221374512e-01
7.794678676873445511e-03
2.449567057192325592e-02
8.188753724098205566e-01
3.011498451232910156e-01
3.321701586246490479e-01
1.392796397209167480e+00
2.471999228000640869e-01
1.590838432312011719e-01
4.673104267567396164e-04
9.325044229626655579e-03
3.734711706638336182e-01
3.383781611919403076e-01
3.300025463104248047e-01
3.726223856210708618e-02
1.080745697021484375e+00
2.000886574387550354e-02
1.849419064819812775e-02
5.084397792816162109e-01
2.811885671690106392e-03
5.660526156425476074e-01
1.073113270103931427e-02
9.773901700973510742e-01
8.056493825279176235e-04
2.414008140563964844e+00
3.483045473694801331e-02
2.268029004335403442e-02
6.441372036933898926e-01
1.034596204757690430e+00
1.328079223632812500e+00
1.258177012205123901e-01
8.843994140625000000e-01
9.527508914470672607e-02
2.243709802627563477e+00
6.160178184509277344e-01
8.049171566963195801e-01
3.883083164691925049e-01
5.372070148587226868e-02
9.200100600719451904e-02
3.587258160114288330e-01
7.513874173164367676e-01
1.444683074951171875e-01
3.321717083454132080e-01
2.073986828327178955e-01
9.120041131973266602e-01
7.052080035209655762e-01
2.078636316582560539e-03
8.681523799896240234e-02
7.533752173185348511e-02
2.631018757820129395e-01
1.265790820121765137e+00
1.656209677457809448e-01
1.806078851222991943e-01
1.079599559307098389e-02
8.170026540756225586e-01
4.598037048708647490e-04
1.363759994506835938e+00
1.491898149251937866e-01
2.297468781471252441e-01
8.174725770950317383e-01
1.068911552429199219e+00
9.359508403576910496e-04
1.786252409219741821e-01
3.655716031789779663e-02
1.598192930221557617e+00
5.363920331001281738e-01
2.354729175567626953e-02
1.004061579704284668e+00
5.980584025382995605e-01
1.329463124275207520e-01
1.587631367146968842e-02
9.412672370672225952e-03
1.960963383316993713e-02
3.489108383655548096e-01
1.247929260134696960e-01
1.215108275413513184e+00
9.405435323715209961e-01
7.170617580413818359e-02
1.993176490068435669e-01
5.071738958358764648e-01
1.204006548505276442e-05
1.303366780281066895e+00
1.287387125194072723e-02
8.142234385013580322e-02
5.160226952284574509e-03
1.073803901672363281e+00
9.844915941357612610e-03
1.257175207138061523e-01
8.993602544069290161e-02
2.833203470800071955e-04
3.168332576751708984e-01
1.018158555030822754e+00
4.461100324988365173e-02
9.813358187675476074e-01
5.399415493011474609e-01
2.860487625002861023e-02
1.467340946197509766e+00
3.615253567695617676e-01
1.548972249031066895e+00
1.697932742536067963e-02
2.889507682994008064e-03
5.216655135154724121e-02
5.312938592396676540e-04
1.244058087468147278e-02
6.012937426567077637e-01
1.767389774322509766e-01
4.419261962175369263e-02
7.697578668594360352e-01
4.240970686078071594e-02
2.681449949741363525e-01
1.360414385795593262e+00
8.553116023540496826e-02
5.027935281395912170e-02
1.215236559510231018e-01
1.824557930231094360e-01
1.911334544420242310e-01
7.166749797761440277e-03
1.417955104261636734e-02
9.133078157901763916e-02
1.033274054527282715e+00
1.242397665977478027e+00
2.009655833244323730e-01
1.471402168273925781e+00
2.995648421347141266e-02
7.386072278022766113e-01
7.465348392724990845e-02
1.861402243375778198e-01
6.642953306436538696e-02
2.207961827516555786e-01
7.736045867204666138e-02
6.808893084526062012e-01
4.920936524868011475e-01
2.719401568174362183e-02
8.404127322137355804e-03
1.567272283136844635e-02
4.852952808141708374e-02
2.289399623870849609e+00
6.266113370656967163e-03
4.792465269565582275e-01
1.482737362384796143e-01
3.456825315952301025e-01
1.251522265374660492e-02
1.518982887268066406e+00
1.441795706748962402e+00
9.245365262031555176e-01
1.687541604042053223e-01
1.022143214941024780e-01
4.995111003518104553e-02
5.896396189928054810e-02
1.284868478775024414e+00
6.618128623813390732e-03
2.735688351094722748e-02
4.584164023399353027e-01
2.187948301434516907e-02
9.316934347152709961e-01
2.383429288864135742e+00
5.629589557647705078e-01
3.179566934704780579e-02
1.598385334014892578e+00
2.772317230701446533e-01
5.978801846504211426e-01
2.664582729339599609e-01
1.335444045253098011e-03
1.650032401084899902e-02
6.226819008588790894e-02
3.888912871479988098e-02
2.125708311796188354e-01
7.890531420707702637e-01
1.325744856148958206e-02
8.536885678768157959e-02
1.548045082017779350e-03
4.517985507845878601e-02
7.519581913948059082e-01
9.745886176824569702e-02
5.602273941040039062e-01
2.399013638496398926e-01
3.547039232216775417e-04
1.103059649467468262e+00
2.266697119921445847e-03
3.823590464890003204e-03
8.381908386945724487e-02
1.344496130943298340e+00
1.072877876140410081e-05
5.424863100051879883e-01
7.184930145740509033e-02
2.712282836437225342e-01
6.250260770320892334e-02
2.289295429363846779e-03
4.633535444736480713e-01
5.808573332615196705e-04
3.339155018329620361e-01
1.063134074211120605e+00
2.503398358821868896e-01
1.789683848619461060e-01
1.064363479614257812e+00
3.654910027980804443e-01
2.597004547715187073e-02
7.112512737512588501e-02
3.014099597930908203e+00
7.821056246757507324e-02
1.716191470623016357e-01
3.927150964736938477e-01
2.865594029426574707e-01
2.536415355280041695e-03
1.298483371734619141e+00
3.778176903724670410e-01
1.505379080772399902e+00
1.228980183601379395e+00
3.069029450416564941e-01
1.239947974681854248e-01
4.025271236896514893e-01
4.456786215305328369e-01
5.563155412673950195e-01
2.481790632009506226e-01
4.734640121459960938e-01
1.797563582658767700e-02
2.032726556062698364e-01
3.120251186192035675e-02
6.997568905353546143e-02
1.182950288057327271e-01
1.394792199134826660e+00
9.572047565598040819e-05
9.876959323883056641e-01
9.208824485540390015e-03
1.156377270817756653e-01
3.011516034603118896e-01
1.928999125957489014e-01
1.115971654653549194e-01
2.171863317489624023e+00
1.693074941635131836e+00
1.520994846941903234e-04
1.443002223968505859e-01
1.516640931367874146e-01
5.827224347740411758e-03
4.102380946278572083e-02
5.403427034616470337e-02
6.470970110967755318e-04
1.515551954507827759e-01
1.571121439337730408e-02
5.278786420822143555e-01
1.660047471523284912e-01
8.996950984001159668e-01
2.259917557239532471e-03
1.018068753182888031e-02
2.717974595725536346e-02
1.350384950637817383e-01
5.397153086960315704e-03
1.796998858451843262e+00
5.173962116241455078e+00
1.410182267427444458e-01
1.317078590393066406e+00
3.153590261936187744e-01
1.208242326974868774e-01
5.712967365980148315e-03
2.483763694763183594e+00
7.152395695447921753e-02
5.512853860855102539e-01
2.934035472571849823e-02
1.079617068171501160e-01
2.253157645463943481e-01
2.030113190412521362e-01
3.320268988609313965e-01
5.872733425348997116e-03
4.771266579627990723e-01
3.281589448451995850e-01
3.289885818958282471e-01
1.205253958702087402e+00
2.039757519960403442e-01
1.180135831236839294e-01
2.339275181293487549e-01
8.239247798919677734e-01
8.012043237686157227e-01
6.352597475051879883e-02
7.467321753501892090e-01
3.434280157089233398e-01
2.783979475498199463e-01
1.689415425062179565e-01
3.249834179878234863e-01
2.956608533859252930e-01
1.495643138885498047e+00
1.710076570510864258e+00
5.884214043617248535e-01
5.351266358047723770e-03
2.009731531143188477e-02
4.474711790680885315e-02
8.285188814625144005e-04
2.663306146860122681e-02
9.074480831623077393e-02
1.954519450664520264e-01
8.229622989892959595e-02
1.421553641557693481e-01
3.074891865253448486e-01
2.988956272602081299e-01
7.757625579833984375e-01
4.181927070021629333e-03
8.173825740814208984e-01
4.527373984456062317e-02
1.404830098152160645e+00
6.149699687957763672e-01
1.263700276613235474e-01
1.773815788328647614e-02
1.209719106554985046e-03
1.054736971855163574e-02
3.462983965873718262e-01
7.931027561426162720e-02
1.062857136130332947e-01
1.039283256977796555e-02
8.548574447631835938e-01
3.761131167411804199e-01
4.710929393768310547e-01
8.170302510261535645e-01
4.145908653736114502e-01
1.893625855445861816e-01
2.783149539027363062e-04
6.514475345611572266e-01
8.403964042663574219e-01
4.822201132774353027e-01
3.749366151168942451e-03
1.960490643978118896e-01
3.830899670720100403e-02
3.879522206261754036e-03
6.013711914420127869e-02
1.938045173883438110e-01
1.196040153503417969e+00
3.287403881549835205e-01
1.862389743328094482e-01
3.663956522941589355e-01
1.133852481842041016e+00
2.182380408048629761e-01
9.901573881506919861e-03
5.713261198252439499e-04
9.276364445686340332e-01
5.855786148458719254e-03
1.934343017637729645e-02
1.824101060628890991e-01
2.843799352645874023e+00
1.761787891387939453e+00
3.609575748443603516e+00
2.923502586781978607e-03
2.934243902564048767e-02
2.024841606616973877e-01
1.958303302526473999e-01
1.738779246807098389e-01
1.241709589958190918e-01
8.030515164136886597e-02
1.267102509737014771e-01
8.297692239284515381e-02
2.293868958950042725e-01
1.675986796617507935e-01
1.113887503743171692e-02
3.558460995554924011e-02
8.546658754348754883e-01
6.391397118568420410e-01
1.177721247076988220e-01
1.098493337631225586e+00
1.798233240842819214e-01
2.935469448566436768e-01
2.376185916364192963e-02
2.858871519565582275e-01
1.419403553009033203e-01
3.138378858566284180e-01
3.697520196437835693e-01
1.623692959547042847e-01
9.456478357315063477e-01
3.073370158672332764e-01
5.622643232345581055e-01
1.119701773859560490e-03
4.928689897060394287e-01
3.306667506694793701e-01
1.231400761753320694e-02
6.992021948099136353e-02
3.705660346895456314e-03
4.736664891242980957e-01
5.639878287911415100e-02
6.330468654632568359e-01
2.428673356771469116e-01
3.036066591739654541e-01
5.731095671653747559e-01
1.788547635078430176e-02
1.687175477854907513e-03
2.346644550561904907e-01
1.435999274253845215e-01
1.939269751310348511e-01
4.704924225807189941e-01
1.620255969464778900e-02
3.319355547428131104e-01
2.963441312313079834e-01
3.172868862748146057e-02
5.631269514560699463e-02
1.487335711717605591e-01
1.105752348899841309e+00
1.533407568931579590e+00
6.305700540542602539e-02
8.410987854003906250e-01
7.485634088516235352e-01
1.793648153543472290e-01
2.122532948851585388e-02
5.347592234611511230e-01
3.345412015914916992e-01
6.916514830663800240e-04
1.494475007057189941e+00
7.498688995838165283e-03
2.858012616634368896e-01
1.034921109676361084e-01
5.495384708046913147e-02
1.002361439168453217e-02
2.390433475375175476e-02
1.195464134216308594e-01
7.001176476478576660e-01
4.309737682342529297e-01
4.853094220161437988e-01
4.099675178527832031e+00
3.358368873596191406e-01
1.370156109333038330e-01
4.409754872322082520e-01
3.780810534954071045e-01
3.492980822920799255e-02
3.062567114830017090e-01
1.977513777092099190e-03
4.064292907714843750e-01
2.224497050046920776e-01
4.018813967704772949e-01
4.177192151546478271e-01
1.060552835464477539e+00
1.554457545280456543e-01
2.397130280733108521e-01
3.016447648406028748e-03
1.083786413073539734e-01
7.409669160842895508e-01
5.161105468869209290e-02
1.312210321426391602e+00
2.747303247451782227e-01
1.094257086515426636e-02
2.005805820226669312e-02
7.085429877042770386e-02
4.196154475212097168e-01
4.522793740034103394e-02
4.407265484333038330e-01
9.289372712373733521e-02
3.980085253715515137e-02
3.431201353669166565e-02
2.125065401196479797e-02
2.939051687717437744e-01
8.974380791187286377e-02
4.231807887554168701e-01
3.961261361837387085e-02
4.458657205104827881e-01
3.741176426410675049e-01
3.593353629112243652e-01
1.495284028351306915e-02
1.824376583099365234e+00
9.731403589248657227e-01
2.429533936083316803e-02
2.077112346887588501e-02
1.962985657155513763e-02
3.495930433273315430e-01
6.723177648382261395e-05
4.013908281922340393e-02
4.242950526531785727e-04
2.795305550098419189e-01
6.182592362165451050e-03
1.410468108952045441e-02
3.448927029967308044e-02
1.913138329982757568e-01
9.454214572906494141e-01
1.767151951789855957e-01
3.785285651683807373e-01
2.959766052663326263e-02
9.337799623608589172e-03
3.988493233919143677e-02
1.612197491340339184e-03
1.644838154315948486e-01
7.398046851158142090e-01
1.227419614791870117e+00
1.664550423622131348e+00
2.091862857341766357e-01
1.257918328046798706e-01
5.894451737403869629e-01
5.813344195485115051e-02
5.734870433807373047e-01
1.483511179685592651e-01
3.030870109796524048e-02
1.477408036589622498e-02
7.207667827606201172e-01
3.595943450927734375e-01
1.144883930683135986e-01
6.309573352336883545e-02
3.680066466331481934e-01
2.068482488393783569e-01
2.211866155266761780e-02
2.956426469609141350e-03
3.457380086183547974e-02
3.919213414192199707e-01
1.826854050159454346e-02
1.692065358161926270e+00
8.135553002357482910e-01
3.667964458465576172e+00
2.771597802639007568e-01
5.829656124114990234e-01
8.620014786720275879e-02
3.206850960850715637e-02
2.068525105714797974e-01
6.082713603973388672e-03
1.431632339954376221e-01
9.020993113517761230e-01
3.706018924713134766e-01
6.621874570846557617e-01
1.239544674754142761e-01
2.418045550584793091e-01
1.219333857297897339e-01
7.003477076068520546e-04
7.995267398655414581e-03
5.249892920255661011e-02
6.176254898309707642e-02
4.883065223693847656e-01
4.901360571384429932e-01
2.689098119735717773e-01
6.255384683609008789e-01
1.131510362029075623e-02
2.118390351533889771e-01
2.493047714233398438e-01
2.210437320172786713e-03
3.261648118495941162e-01
3.081951476633548737e-02
1.186182975769042969e+00
1.222282871603965759e-01
5.358647927641868591e-02
1.001344442367553711e+00
9.479628875851631165e-03
5.909758806228637695e-01
6.509928703308105469e-01
7.851720601320266724e-02
5.884414911270141602e-01
2.001189161092042923e-03
6.585221737623214722e-02
1.962079852819442749e-01
9.271390438079833984e-01
1.638670414686203003e-01
6.467671990394592285e-01
1.261304877698421478e-02
7.751740515232086182e-03
3.302241675555706024e-03
2.509863376617431641e-01
3.761804401874542236e-01
1.826444506645202637e+00
7.001903653144836426e-01
3.696871995925903320e-01
5.326010286808013916e-03
1.644795686006546021e-01
1.003588922321796417e-02
4.031657055020332336e-02
1.591128706932067871e+00
8.401618003845214844e-01
1.593298614025115967e-01
2.233971469104290009e-02
7.703150063753128052e-02
4.507077038288116455e-01
1.194866657257080078e+00
2.993826568126678467e-01
1.693958044052124023e-01
1.354762259870767593e-02
4.464486241340637207e-02
1.618872024118900299e-02
2.492992877960205078e-01
8.107371628284454346e-03
2.227327320724725723e-03
1.144070550799369812e-01
1.889702677726745605e-02
3.247456997632980347e-02
1.544951915740966797e+00
9.466147422790527344e-01
3.605256974697113037e-01
4.733431339263916016e-01
3.514994382858276367e-01
5.377432703971862793e-01
2.010315842926502228e-02
2.091763019561767578e+00
6.922601908445358276e-02
1.749368548393249512e+00
3.283351063728332520e-01
2.758275568485260010e-01
3.046340048313140869e-01
8.888568729162216187e-02
6.339564919471740723e-01
1.487939596176147461e+00
8.146603703498840332e-01
7.570152878761291504e-01
2.517619729042053223e-01
1.951133608818054199e+00
2.249042987823486328e-01
8.149401983246207237e-04
5.742124915122985840e-01
1.709782183170318604e-01
7.420166581869125366e-02
3.380471095442771912e-02
1.103477366268634796e-02
9.793803095817565918e-03
2.168958902359008789e+00
3.155763819813728333e-02
3.873347304761409760e-03
5.255045294761657715e-01
7.711334824562072754e-01
1.349538117647171021e-01
4.000162705779075623e-03
1.117589138448238373e-02
1.226677820086479187e-01
1.012640539556741714e-02
1.375039577484130859e+00
7.271502545336261392e-05
1.087400093674659729e-01
4.234870895743370056e-03
3.984060138463973999e-02
3.504979908466339111e-01
2.430220842361450195e-01
6.722956150770187378e-02
6.168251037597656250e-01
7.998071312904357910e-01
2.033667638897895813e-03
2.333163097500801086e-02
1.009867340326309204e-01
1.804726421833038330e-01
4.807483404874801636e-02
2.805850654840469360e-02
2.353162271901965141e-03
3.804387152194976807e-01
4.834612846374511719e+00
4.189168103039264679e-03
2.216549396514892578e+00
1.107444763183593750e+00
1.999510079622268677e-01
4.425279200077056885e-01
5.509984493255615234e-02
3.429012745618820190e-02
6.032429933547973633e-01
3.516930937767028809e-01
2.268433421850204468e-01
1.312918305397033691e+00
1.752457916736602783e-01
1.364779710769653320e+00
2.543455176055431366e-02
3.699705004692077637e-01
2.737119495868682861e-01
2.716604769229888916e-01
1.485317014157772064e-03
6.340507268905639648e-01
2.127693593502044678e-01
5.759167671203613281e-01
3.484084904193878174e-01
8.477422595024108887e-02
6.033896002918481827e-03
2.806917019188404083e-02
6.327456235885620117e-02
4.747579619288444519e-02
2.597222626209259033e-01
6.861013919115066528e-02
5.900109186768531799e-03
9.778755903244018555e-01
7.395730018615722656e-01
1.683933973312377930e+00
1.840729415416717529e-01
2.488613361492753029e-03
4.373264908790588379e-01
1.926251500844955444e-02
2.743239142000675201e-02
7.543513923883438110e-02
7.010624394752085209e-04
6.491171196103096008e-03
9.829806163907051086e-03
2.889094829559326172e+00
2.007137751206755638e-03
4.399300366640090942e-02
6.914378609508275986e-03
6.236469149589538574e-01
5.380055904388427734e-01
3.297989442944526672e-02
6.839696317911148071e-02
1.697639748454093933e-02
2.779075643047690392e-03
1.805058836936950684e+00
1.401422500610351562e+00
2.942439541220664978e-02
2.535020411014556885e-01
4.318212568759918213e-01
4.531956315040588379e-01
4.866481423377990723e-01
5.891417339444160461e-02
2.021221220493316650e-01
1.101665377616882324e+00
6.153513491153717041e-02
4.538200795650482178e-01
1.707792580127716064e-01
1.724054813385009766e+00
2.068997360765933990e-02
2.975875437259674072e-01
9.405956370756030083e-04
2.740291357040405273e-01
2.332706237211823463e-03
2.579614222049713135e-01
6.950059533119201660e-01
2.796713411808013916e-01
6.788524333387613297e-03
5.560881923884153366e-03
4.300984740257263184e-02
1.774547845125198364e-01
3.257784545421600342e-01
1.039643064141273499e-01
5.329537391662597656e-02
8.653601408004760742e-01
3.710973262786865234e-01
7.177940756082534790e-02
4.956814926117658615e-03
2.135836519300937653e-02
1.992255449295043945e-01
1.067973375320434570e+00
1.437953859567642212e-01
2.336381226778030396e-01
9.798359274864196777e-01
1.145686745643615723e+00
9.027220075950026512e-04
2.877137660980224609e-01
1.283864676952362061e-01
9.489428997039794922e-02
3.772589191794395447e-02
2.473015338182449341e-02
2.264101617038249969e-02
8.226987719535827637e-02
2.513036876916885376e-02
7.713441736996173859e-04
5.071049556136131287e-02
1.543104350566864014e-01
3.618387281894683838e-01
9.441366791725158691e-02
8.194538205862045288e-02
7.406396325677633286e-03
1.645863503217697144e-01
2.060780078172683716e-01
1.984942317008972168e+00
8.223779201507568359e-01
1.189136654138565063e-01
2.047873020172119141e+00
3.820384154096245766e-03
9.894327074289321899e-02
4.522629380226135254e-01
1.266174167394638062e-01
4.007428288459777832e-01
3.557873666286468506e-01
3.282797709107398987e-02
8.994746804237365723e-01
6.761437058448791504e-01
1.771038323640823364e-01
4.873376488685607910e-01
2.128017880022525787e-02
1.569310575723648071e-01
9.465932101011276245e-02
3.592737391591072083e-02
2.022593319416046143e-01
8.297122269868850708e-02
1.908019743859767914e-02
9.874759614467620850e-02
1.960613131523132324e-01
7.620635628700256348e-02
4.894893150776624680e-03
6.395231466740369797e-03
6.126197054982185364e-03
3.785681009292602539e+00
1.348066329956054688e-01
1.359988212585449219e+00
5.709627270698547363e-01
5.315624475479125977e-01
2.210093848407268524e-02
1.730135679244995117e-01
1.274146698415279388e-02
1.206222295761108398e+00
2.173567004501819611e-02
5.185454487800598145e-01
2.014765024185180664e+00
1.005370140075683594e+00
1.058273553848266602e+00
1.927655339241027832e-01
2.675725519657135010e-02
8.135815262794494629e-01
1.305681071244180202e-03
4.088140092790126801e-03
1.074044965207576752e-02
7.959796190261840820e-01
4.217102825641632080e-01
1.019134283065795898e+00
2.142240405082702637e-01
6.316933315247297287e-03
1.384582463651895523e-02
2.876600809395313263e-02
9.863980114459991455e-02
2.866546511650085449e-01
6.889189481735229492e-01
8.105908632278442383e-01
3.447925299406051636e-02
8.618022203445434570e-01
2.999909520149230957e-01
2.006318718194961548e-01
5.841509103775024414e-01
1.174634695053100586e+00
2.789680719375610352e+00
6.771286129951477051e-01
3.326221182942390442e-02
4.044892266392707825e-02
3.785423517227172852e+00
1.026478171348571777e+00
9.099679067730903625e-03
6.190826892852783203e-01
4.777746498584747314e-01
1.008675340563058853e-02
1.883681565523147583e-01
2.523009181022644043e-01
1.777400374412536621e-01
7.643870711326599121e-01
6.289924494922161102e-03
2.474805116653442383e+00
5.080612748861312866e-02
3.242809176445007324e-01
1.477272748947143555e+00
1.174837499856948853e-01
5.606033373624086380e-04
2.453180849552154541e-01
4.573472142219543457e-01
9.872418828308582306e-03
2.450788021087646484e-01
1.958855092525482178e-01
3.721156716346740723e-01
1.518611097708344460e-04
7.706383615732192993e-02
1.660854741930961609e-02
5.172709375619888306e-02
6.884066462516784668e-01
7.715314626693725586e-01
9.946089237928390503e-02
8.184839785099029541e-02
1.679122745990753174e-01
1.193061113357543945e+00
6.945661902427673340e-01
1.482581138610839844e+00
6.369935870170593262e-01
3.509703576564788818e-01
8.909104764461517334e-02
6.261073946952819824e-01
3.211803361773490906e-02
1.447551369667053223e+00
1.677464246749877930e+00
1.354621164500713348e-02
7.165058255195617676e-01
8.600305020809173584e-02
1.337934285402297974e-01
1.716708540916442871e-01
1.403008222579956055e+00
2.724152291193604469e-03
6.596987724304199219e+00
2.914724498987197876e-02
4.815743267536163330e-01
1.555489096790552139e-02
1.020760416984558105e+00
5.586615204811096191e-02
1.041349023580551147e-01
4.141435772180557251e-02
4.014054313302040100e-03
1.074486017227172852e+00
5.269660949707031250e-01
1.490962132811546326e-02
1.023956853896379471e-02
7.852872833609580994e-03
8.394229412078857422e-02
8.964801579713821411e-02
1.785151846706867218e-02
1.888419151306152344e+00
2.320128530263900757e-01
8.746616244316101074e-01
1.613849878311157227e+00
1.351844966411590576e-01
8.223128505051136017e-03
1.010360866785049438e-01
1.354270815849304199e+00
8.689261972904205322e-02
3.889874517917633057e-01
1.271155953407287598e+00
1.608701981604099274e-02
1.960569918155670166e-01
2.199867814779281616e-01
7.363225519657135010e-02
1.062709167599678040e-01
5.493333935737609863e-01
8.570780482841655612e-05
7.130485773086547852e-02
2.381489992141723633e+00
4.324891865253448486e-01
1.946140974760055542e-01
3.537505981512367725e-04
1.416743844747543335e-01
3.344651162624359131e-01
1.978355199098587036e-01
1.378403902053833008e-01
2.810185588896274567e-02
8.973265886306762695e-01
2.854706719517707825e-02
1.476209890097379684e-02
1.106778532266616821e-02
4.596416279673576355e-02
2.106944084167480469e+00
3.519782721996307373e-01
4.421908035874366760e-02
2.530305385589599609e-01
1.291352629661560059e+00
7.594907283782958984e-01
7.666660547256469727e-01
4.217478036880493164e-01
7.197138667106628418e-01
1.458838224411010742e+00
2.743076719343662262e-02
1.384896188974380493e-01
3.729425072669982910e-01
1.084380000829696655e-01
9.197788238525390625e-01
1.514171957969665527e-01
8.741050958633422852e-02
1.395304314792156219e-02
3.281920775771141052e-02
1.860418729484081268e-02
4.333985038101673126e-03
4.228603839874267578e-01
1.406774401664733887e+00
5.002085119485855103e-02
3.914544284343719482e-01
1.442845072597265244e-02
1.648196458816528320e+00
1.624255627393722534e-02
2.992559410631656647e-02
8.794974535703659058e-02
1.613806188106536865e-01
7.934361696243286133e-03
2.012620568275451660e-01
1.611457467079162598e+00
1.248414511792361736e-03
6.081141158938407898e-02
9.578692167997360229e-02
3.715248703956604004e-01
4.246681332588195801e-01
9.994109161198139191e-03
1.442052870988845825e-01
7.814726233482360840e-01
1.537568092346191406e+00
5.998706221580505371e-01
8.523257076740264893e-02
1.318419701419770718e-03
7.700224965810775757e-02
8.919632434844970703e-01
6.088130474090576172e-01
1.773684322834014893e-01
2.676478354260325432e-03
1.177051782608032227e+00
1.058776676654815674e-01
6.469679474830627441e-01
1.144689321517944336e-01
2.206388235092163086e+00
1.649748563766479492e+00
3.638949990272521973e-01
1.051004603505134583e-01
1.179883703589439392e-01
3.670265153050422668e-02
3.163882791996002197e-01
1.236946284770965576e-01
1.078233346343040466e-01
4.363254070281982422e+00
8.356604725122451782e-03
1.407073855400085449e+00
3.103918790817260742e+00
6.234838161617517471e-03
5.530323460698127747e-02
1.341354370117187500e+00
3.550642728805541992e+00
4.815172404050827026e-03
3.831347078084945679e-02
4.134237170219421387e-01
1.433914184570312500e+00
3.804857432842254639e-01
1.218829452991485596e-01
6.366810798645019531e-01
2.285608323290944099e-03
1.147346869111061096e-01
3.236703872680664062e-01
6.859295368194580078e-01
2.249602973461151123e-02
2.155895531177520752e-01
1.300060935318470001e-02
6.645083427429199219e-02
1.707946360111236572e-01
6.306148320436477661e-02
5.298711732029914856e-02
1.314807236194610596e-01
9.114231914281845093e-02
2.083394676446914673e-03
1.562760621309280396e-01
2.749450504779815674e-01
2.810340141877532005e-03
2.096049338579177856e-01
1.775205612182617188e+00
7.847757339477539062e-01
3.057475686073303223e-01
3.907796859741210938e+00
1.242618441581726074e+00
1.810885667800903320e+00
3.228288888931274414e-01
1.506298929452896118e-01
9.502434730529785156e-01
4.746502637863159180e-01
8.995376825332641602e-01
5.051469802856445312e-01
1.731119394302368164e+00
8.539862930774688721e-02
1.889187842607498169e-01
4.240125045180320740e-02
9.481438249349594116e-02
1.684418320655822754e-02
3.274143091402947903e-04
1.333785057067871094e-01
9.188772439956665039e-01
1.553147137165069580e-01
7.758601568639278412e-03
3.353589475154876709e-01
1.134131997823715210e-01
1.029541254043579102e+00
8.644682168960571289e-01
2.092593349516391754e-02
1.569231273606419563e-03
3.571076393127441406e-01
1.257761716842651367e+00
2.194817960262298584e-01
1.969230175018310547e-01
1.332403067499399185e-02
1.993197761476039886e-02
2.832329034805297852e+00
3.740933956578373909e-03
1.226855441927909851e-02
3.220414742827415466e-02
1.343221426010131836e+00
6.222398951649665833e-03
1.376609057188034058e-01
1.511015743017196655e-01
1.452870666980743408e-01
7.208649516105651855e-01
1.629191637039184570e+00
3.083072602748870850e-02
4.272092342376708984e+00
3.267107486724853516e+00
3.599740937352180481e-02
1.223770156502723694e-02
1.304826419800519943e-02
1.947449520230293274e-02
6.717528402805328369e-02
1.422850489616394043e+00
4.041720330715179443e-01
1.189054727554321289e+00
1.661195755004882812e+00
1.702791750431060791e-01
2.031728744506835938e+00
9.843346476554870605e-01
3.350731730461120605e-01
3.359866095706820488e-03
1.796626858413219452e-02
2.834912300109863281e+00
4.697590172290802002e-01
6.818694472312927246e-01
9.678579121828079224e-02
3.433223962783813477e-01
1.129716157913208008e+00
4.317101538181304932e-01
4.098725616931915283e-01
2.603671513497829437e-02
1.167748570442199707e+00
2.954850494861602783e-01
6.248300895094871521e-02
4.892300367355346680e-01
6.305347681045532227e-01
5.104430601932108402e-04
5.034863483160734177e-03
9.876141697168350220e-02
1.881946623325347900e-02
3.930990397930145264e-01
3.795088967308402061e-03
4.363524317741394043e-01
5.357066169381141663e-02
4.063521027565002441e-01
1.046585757285356522e-02
3.612796068191528320e-01
6.517260670661926270e-01
6.126242160797119141e+00
1.097319602966308594e+00
4.866896662861108780e-03
1.066387295722961426e-01
1.244258228689432144e-02
3.294231176376342773e+00
1.253796577453613281e+00
2.592009864747524261e-02
1.849000453948974609e-01
1.642579734325408936e-01
1.834332048892974854e-01
1.243533100932836533e-03
2.447217330336570740e-02
6.554296240210533142e-03
6.525045037269592285e-01
3.261633515357971191e-01
7.803427428007125854e-02
4.278337955474853516e-02
7.545484695583581924e-04
1.422588706016540527e+00
3.078497886657714844e+00
5.119638517498970032e-02
4.361640661954879761e-03
7.992777824401855469e-01
8.144637104123830795e-04
2.309889942407608032e-01
3.553508818149566650e-01
1.022763390210457146e-04
4.644083790481090546e-03
3.667065799236297607e-01
5.587424635887145996e-01
3.398897126317024231e-02
4.931056499481201172e-01
4.014160111546516418e-02
1.527368128299713135e-01
1.527852654457092285e+00
6.407495737075805664e-01
5.627351999282836914e-01
2.209526598453521729e-01
1.177154257893562317e-01
1.120291054248809814e-01
6.628470420837402344e-01
9.791024923324584961e-01
4.942336678504943848e-01
6.798106431961059570e-02
1.069977283477783203e-01
3.361674308776855469e+00
1.154496192932128906e+00
6.464877165853977203e-03
5.424070358276367188e-01
2.981984429061412811e-02
1.330196619033813477e+00
6.567367315292358398e-01
5.072097778320312500e-01
1.085745096206665039e+00
4.218653216958045959e-02
1.048896685242652893e-01
1.377126932144165039e+00
1.169305086135864258e+00
4.117630124092102051e-01
2.490196973085403442e-01
3.347931429743766785e-02
4.273061081767082214e-02
8.617550730705261230e-01
5.109050273895263672e-01
6.393691524863243103e-03
1.146105378866195679e-01
3.579107224941253662e-01
1.012109499424695969e-02
9.591449052095413208e-03
3.441544622182846069e-02
1.165737882256507874e-01
1.596725080162286758e-03
1.430341362953186035e+00
8.345923572778701782e-02
6.668905615806579590e-01
1.872214913368225098e+00
1.218129415065050125e-02
7.363412976264953613e-01
3.307113191112875938e-03
8.758930861949920654e-02
8.209650404751300812e-03
1.483527719974517822e-01
3.271238133311271667e-02
6.465166807174682617e-02
1.006245985627174377e-01
7.956571877002716064e-02
9.310517460107803345e-03
1.150673814117908478e-02
8.215391039848327637e-01
2.492775442078709602e-03
1.860665827989578247e-01
4.071048647165298462e-02
5.029788613319396973e-01
3.209204180166125298e-03
1.737740337848663330e-01
5.927218124270439148e-02
2.773354351520538330e-01
5.824304819107055664e-01
1.360317021608352661e-01
6.270149946212768555e-01
2.092900425195693970e-01
7.403595745563507080e-02
2.086198925971984863e-01
2.233012765645980835e-01
8.870835416018962860e-03
8.532474637031555176e-01
4.510943591594696045e-02
2.454218047205358744e-04
2.279060930013656616e-01
1.357185244560241699e+00
1.033068656921386719e+00
7.084684967994689941e-01
2.606731414794921875e+00
3.536704182624816895e-02
2.251800298690795898e+00
3.340911567211151123e-01
1.108160763978958130e-01
1.537791490554809570e-01
5.126943439245223999e-02
9.317224025726318359e-01
1.911956933327019215e-03
6.924650669097900391e-01
1.170585080981254578e-01
1.891195923089981079e-01
6.947015225887298584e-02
4.714890122413635254e-01
2.797450579237192869e-04
2.831748723983764648e-01
4.048396348953247070e-01
2.856745123863220215e-01
5.008910968899726868e-02
3.901490243151783943e-03
5.280357599258422852e-01
4.780564829707145691e-02
1.778849363327026367e-01
3.217399716377258301e-01
6.730923056602478027e-01
3.546712398529052734e+00
1.842897981405258179e-01
3.045266568660736084e-01
6.562137007713317871e-01
3.744615707546472549e-03
5.314020514488220215e-01
3.060819208621978760e-02
2.354426383972167969e+00
6.173093318939208984e-01
7.226170599460601807e-02
8.368426933884620667e-03
1.185616701841354370e-01
6.321488022804260254e-01
4.578561782836914062e-01
8.990791440010070801e-02
2.204974740743637085e-02
9.298335909843444824e-01
5.565454959869384766e-01
4.850497841835021973e-01
3.015378024429082870e-03
1.622124016284942627e-01
1.016628503799438477e+00
4.026520997285842896e-03
1.765836238861083984e+00
2.389667630195617676e-01
2.510043084621429443e-01
3.503021001815795898e-01
1.833666115999221802e-01
8.827500939369201660e-01
6.553713679313659668e-01
1.456767972558736801e-02
6.513975858688354492e-01
6.006841734051704407e-02
1.673357337713241577e-01
2.541434168815612793e-01
2.683826349675655365e-02
1.093089449568651617e-04
2.754013426601886749e-02
6.469669938087463379e-01
3.851972287520766258e-03
9.925247728824615479e-02
9.999854564666748047e-01
7.357524707913398743e-03
7.148866355419158936e-02
9.819707870483398438e-01
1.004533004015684128e-02
1.789308711886405945e-02
1.333144120872020721e-02
6.482051219791173935e-03
1.579018868505954742e-02
1.486017465591430664e+00
1.302872697124257684e-04
2.631774405017495155e-03
7.248411178588867188e-01
4.441933035850524902e-01
2.268297523260116577e-01
3.045710623264312744e-01
1.433902792632579803e-02
1.230156943202018738e-01
8.072629570960998535e-02
2.201744727790355682e-02
6.048296689987182617e-01
3.934372365474700928e-01
1.671532839536666870e-01
1.571232914924621582e+00
5.604458972811698914e-02
1.361169934272766113e+00
2.666869573295116425e-02
6.011511757969856262e-02
5.902084112167358398e-01
3.384458273649215698e-02
1.201397657394409180e+00
9.086212143301963806e-03
3.499979525804519653e-02
5.791905336081981659e-03
3.738392889499664307e-01
1.909999251365661621e-01
1.159353298135101795e-03
2.630049884319305420e-01
1.649082638323307037e-02
3.375548636540770531e-03
2.224633283913135529e-02
4.415087401866912842e-02
2.337300062179565430e+00
1.758824288845062256e-02
5.569095611572265625e-01
3.135969877243041992e+00
3.632496576756238937e-03
3.360168337821960449e-01
1.032442212104797363e+00
2.819403707981109619e-01
1.256984565407037735e-02
1.342229127883911133e+00
2.847160100936889648e-01
8.787911385297775269e-02
1.609160006046295166e-01
1.917574554681777954e-02
2.648545265197753906e+00
5.805200338363647461e-02
1.554369777441024780e-01
3.112711710855364799e-03
4.847944527864456177e-02
1.313410758972167969e+00
2.000208944082260132e-02
2.767291665077209473e-01
9.074544310569763184e-01
6.241354160010814667e-03
3.542470633983612061e-01
1.954009532928466797e+00
2.775699198246002197e-01
1.494308710098266602e+00
9.557029604911804199e-01
1.570446491241455078e+00
5.996688734740018845e-03
1.161195039749145508e-01
5.953741073608398438e-01
1.036742091178894043e+00
8.220125734806060791e-02
7.536650896072387695e-01
4.213498905301094055e-02
3.527399003505706787e-01
1.289581358432769775e-01
1.533881062641739845e-03
9.860896971076726913e-04
4.896601438522338867e-01
7.175588607788085938e-02
4.264539778232574463e-01
2.440717071294784546e-01
2.713357284665107727e-02
7.894859649240970612e-03
9.748113900423049927e-02
6.643956899642944336e-02
2.503595948219299316e-01
1.576703786849975586e+00
7.214149087667465210e-02
1.998117119073867798e-01
3.408790826797485352e+00
4.311700463294982910e-01
1.177197322249412537e-02
1.982523053884506226e-01
2.343742370605468750e+00
3.896078839898109436e-02
7.205908000469207764e-02
5.934271812438964844e-01
9.028325788676738739e-03
2.516017913818359375e+00
2.758234553039073944e-02
1.099667698144912720e-01
1.384361684322357178e-01
1.185072353109717369e-03
5.856776237487792969e-01
1.627031713724136353e-01
2.236489653587341309e-01
1.115466117858886719e+00
3.330841064453125000e-01
8.375144749879837036e-02
2.932179486379027367e-03
2.489722967147827148e-01
5.163785070180892944e-03
2.878343462944030762e-01
1.077241539955139160e+00
6.072535514831542969e-01
1.473969221115112305e-01
1.451492775231599808e-02
6.868987679481506348e-01
5.745587497949600220e-02
1.260363124310970306e-02
1.474436279386281967e-02
2.235188484191894531e-01
1.777610182762145996e-02
7.764310389757156372e-02
7.292203903198242188e-01
1.663492526859045029e-03
4.779675900936126709e-01
1.300488802371546626e-04
7.700046990066766739e-03
7.995772361755371094e-01
2.435400635004043579e-01
2.012253105640411377e-01
2.073990583419799805e+00
3.654753565788269043e-01
2.403367519378662109e+00
5.952970981597900391e-01
1.315173059701919556e-01
1.360850781202316284e-01
6.974676251411437988e-01
1.622864484786987305e+00
1.125068545341491699e+00
1.498724985867738724e-02
4.909434169530868530e-02
7.888032197952270508e-01
1.192884966731071472e-01
2.478457987308502197e-02
8.899409174919128418e-01
2.257973194122314453e+00
3.165846168994903564e-01
4.057656601071357727e-02
2.264381200075149536e-01
1.001308917999267578e+00
1.509686261415481567e-01
8.206417560577392578e-01
4.203572571277618408e-01
2.716483175754547119e-01
3.631665138527750969e-03
4.526162147521972656e-01
1.791187822818756104e-01
1.770805940032005310e-02
4.552162811160087585e-02
4.284210801124572754e-01
8.777842856943607330e-03
3.697665333747863770e-01
1.574393957853317261e-01
6.577508524060249329e-03
3.824747562408447266e+00
4.291525328881107271e-06
5.806346535682678223e-01
6.471189856529235840e-02
1.513874292373657227e+00
8.025861382484436035e-01
2.479355335235595703e-01
4.422753155231475830e-01
2.075757741928100586e+00
1.152637526392936707e-01
4.731411579996347427e-03
1.235833838582038879e-01
3.661439120769500732e-01
9.606874585151672363e-01
3.801620798185467720e-03
5.172086413949728012e-03
2.709226869046688080e-02
2.071083545684814453e+00
2.146742641925811768e-01
2.383472956717014313e-02
1.075706183910369873e-01
1.689446568489074707e-01
1.072304368019104004e+00
9.557443670928478241e-03
9.415279626846313477e-01
1.133083626627922058e-01
3.716571331024169922e-01
2.248099446296691895e-02
1.299413759261369705e-02
5.399998743087053299e-03
2.307130955159664154e-02
8.689829707145690918e-02
2.388794571161270142e-01
7.049884200096130371e-01
6.583135128021240234e-01
1.082146819680929184e-02
1.192978098988533020e-01
1.949316472746431828e-03
2.656596712768077850e-02
4.900181293487548828e-01
2.083124369382858276e-01
3.070861399173736572e-01
8.621442914009094238e-01
2.440657615661621094e+00
1.622424364089965820e+00
2.062661170959472656e+00
1.117938995361328125e+00
5.796336010098457336e-02
6.667976379394531250e-01
5.703722126781940460e-03
6.103562563657760620e-02
4.789386391639709473e-01
2.684118151664733887e-01
6.443418562412261963e-02
4.765385389328002930e-01
4.928170889616012573e-02
1.476879511028528214e-02
9.193479269742965698e-02
6.374280452728271484e-01
1.563778638839721680e+00
1.989137083292007446e-01
7.533258199691772461e-01
4.849102720618247986e-02
1.834743767976760864e-01
5.347766354680061340e-02
2.094288915395736694e-01
3.833048939704895020e-01
2.126763612031936646e-01
3.016329407691955566e-01
6.357606649398803711e-01
8.878225684165954590e-01
7.648335397243499756e-02
1.524286717176437378e-01
3.773941397666931152e-01
1.129347980022430420e-01
4.620220363140106201e-01
4.440094828605651855e-01
9.494405239820480347e-02
8.550670146942138672e-01
9.360828436911106110e-03
1.807129010558128357e-02
9.447798132896423340e-01
8.492852747440338135e-02
1.705383509397506714e-01
5.319014191627502441e-03
2.001217365264892578e+00
4.321696609258651733e-02
1.989316940307617188e-01
2.352400496602058411e-02
4.780870974063873291e-01
7.685322165489196777e-01
1.209603920578956604e-01
7.525556087493896484e-01
3.560025691986083984e-01
5.979281067848205566e-01
2.788450717926025391e-01
1.373953651636838913e-02
5.401265025138854980e-01
4.468783736228942871e-01
1.063131541013717651e-01
4.548176005482673645e-02
3.202381134033203125e-01
1.959020644426345825e-01
5.334171280264854431e-02
6.668456830084323883e-03
1.823070168495178223e+00
1.443827152252197266e+00
6.576403975486755371e-02
2.809792757034301758e-01
1.153497219085693359e+00
3.373968601226806641e-01
1.816803514957427979e-01
1.784445643424987793e-01
1.366174221038818359e-01
3.915258869528770447e-02
9.639604389667510986e-02
2.567729726433753967e-02
6.919767260551452637e-01
3.252212703227996826e-01
1.743312478065490723e-01
3.963707983493804932e-01
3.840454220771789551e-01
8.085140958428382874e-03
1.928902268409729004e+00
4.265430569648742676e-02
6.898126751184463501e-02
1.704366207122802734e-01
1.299692392349243164e-01
4.768360213347477838e-06
7.690732181072235107e-02
2.176692932844161987e-01
6.839672923088073730e-01
1.322921458631753922e-02
6.954860687255859375e-01
1.757692992687225342e-01
1.185245066881179810e-01
3.944176062941551208e-02
3.850666107609868050e-03
1.073499326594173908e-03
1.475702156312763691e-04
1.045416355133056641e+00
2.008649557828903198e-01
7.448054552078247070e-01
1.448088288307189941e-01
6.270212179515510798e-05
2.871371805667877197e-01
7.019023299217224121e-01
4.677663091570138931e-03
5.682549253106117249e-02
1.931966245174407959e-01
3.813767731189727783e-01
4.235678017139434814e-01
8.734506964683532715e-01
1.200005173683166504e+00
1.634613871574401855e-01
8.887008577585220337e-02
1.654943972826004028e-01
1.491310745477676392e-01
4.542286694049835205e-02
2.100712060928344727e+00
5.913159847259521484e-01
2.233647346496582031e+00
1.557436883449554443e-01
1.732372492551803589e-02
8.184938691556453705e-03
3.318610414862632751e-02
2.834947081282734871e-03
1.548936218023300171e-01
1.221948742866516113e+00
4.149371385574340820e-01
6.944392919540405273e-01
3.502070670947432518e-03
3.084408521652221680e+00
5.009024217724800110e-02
2.722873389720916748e-01
1.297024786472320557e-01
1.457478702068328857e-01
1.364579945802688599e-01
3.986508119851350784e-03
9.579028189182281494e-02
9.312953352928161621e-01
7.053790092468261719e-01
4.278976023197174072e-01
5.054855346679687500e-02
4.028513431549072266e-01
1.505491018295288086e+00
1.764855980873107910e-01
7.885543704032897949e-01
4.770006611943244934e-02
3.852736949920654297e-01
1.731575489044189453e+00
3.444938361644744873e-01
7.973397970199584961e-01
1.821213006973266602e+00
8.442413527518510818e-04
1.313575029373168945e+00
2.683652192354202271e-02
1.972852796316146851e-01
7.715589404106140137e-01
3.106769872829318047e-03
8.612675964832305908e-02
5.554447695612907410e-02
2.352924551814794540e-03
2.776323631405830383e-02
1.700163185596466064e-01
1.178880804218351841e-03
1.014434266835451126e-02
1.299528717994689941e+00
4.916242957115173340e-01
3.051171302795410156e+00
4.846468195319175720e-02
1.053794473409652710e-01
2.683807373046875000e+00
1.057803817093372345e-02
1.405472494661808014e-02
8.081771135330200195e-01
2.511981427669525146e-01
1.490751147270202637e+00
1.814525872468948364e-01
1.877489537000656128e-01
1.695055961608886719e-01
7.645916938781738281e-02
4.353190585970878601e-02
4.564699251204729080e-03
1.846493408083915710e-02
1.542692661285400391e+00
5.745162963867187500e-01
8.217874914407730103e-02
7.350109219551086426e-01
9.190161712467670441e-03
1.423842012882232666e-01
1.191815212368965149e-01
4.285438451915979385e-03
3.592167794704437256e-01
1.607151329517364502e-01
1.696788907051086426e+00
2.614058787003159523e-03
1.437464845366775990e-03
2.808620780706405640e-02
1.618198752403259277e-01
3.817544784396886826e-04
5.550093948841094971e-03
2.593044042587280273e-01
1.228197850286960602e-02
1.499952793121337891e+00
3.198007822036743164e+00
1.981250047683715820e-01
5.950918793678283691e-01
2.431893587112426758e+00
1.282518744468688965e+00
1.381185948848724365e-01
9.047815203666687012e-02
2.365303933620452881e-01
3.248891793191432953e-03
9.162678718566894531e-01
1.652970612049102783e-01
3.282578662037849426e-02
2.783573269844055176e-01
2.018651664257049561e-01
3.010326921939849854e-01
3.126371011603623629e-04
2.424370348453521729e-01
9.248273968696594238e-01
2.178504168987274170e-01
3.063235878944396973e-01
2.603845670819282532e-02
3.314418196678161621e-01
8.688602447509765625e-01
9.030452929437160492e-03
4.434698820114135742e-01
1.655308604240417480e-01
1.989131048321723938e-02
6.270825979299843311e-04
1.892800792120397091e-03
2.002402693033218384e-01
3.582271933555603027e-02
2.571730175986886024e-03
6.126049757003784180e-01
1.518022537231445312e+00
1.904456853866577148e+00
1.715139389038085938e+00
6.858008354902267456e-02
6.199058517813682556e-02
8.096258342266082764e-02
2.897494100034236908e-02
9.887934327125549316e-01
6.182973384857177734e-01
2.643186092376708984e+00
7.941411435604095459e-02
1.819128274917602539e+00
7.588718086481094360e-02
9.155426621437072754e-01
4.688709229230880737e-02
4.772461578249931335e-02
3.532385826110839844e-01
3.360647857189178467e-01
7.115777134895324707e-01
3.575456142425537109e-01
3.273194789886474609e+00
1.303231000900268555e+00
3.108152560889720917e-02
4.736858978867530823e-02
1.689426451921463013e-01
2.620360255241394043e-02
8.973520249128341675e-02
4.190474282950162888e-03
6.630105376243591309e-01
3.398321196436882019e-02
1.526741217821836472e-02
6.243697926402091980e-02
3.481436669826507568e-01
1.613171212375164032e-02
2.706287801265716553e-01
5.115613937377929688e-01
9.673075079917907715e-01
8.598806709051132202e-02
1.456611007452011108e-01
7.557251453399658203e-01
8.158788084983825684e-01
8.117616921663284302e-02
4.885880276560783386e-02
1.226675987243652344e+00
2.343620732426643372e-02
1.082361777662299573e-04
6.525480002164840698e-02
2.088250592350959778e-02
1.537942886352539062e-01
1.693820522632449865e-04
4.182179400231689215e-04
4.130494594573974609e-01
1.453693866729736328e+00
2.031548321247100830e-01
3.776710107922554016e-02
4.774757102131843567e-02
2.366933673620223999e-01
2.945991039276123047e+00
2.589835226535797119e-01
1.828428474254906178e-03
1.968465596437454224e-01
1.418551206588745117e-01
8.536245822906494141e-01
7.130175083875656128e-02
1.286504510790109634e-02
8.546078950166702271e-02
1.083379909396171570e-01
1.342786073684692383e+00
2.145883068442344666e-02
1.301920890808105469e+00
1.836995827034115791e-03
1.293537439778447151e-03
2.321073785424232483e-02
3.713888302445411682e-02
3.799906075000762939e-01
4.734084755182266235e-02
5.036799982190132141e-02
1.271869172342121601e-03
9.473720788955688477e-01
1.611671596765518188e-01
8.724429644644260406e-03
1.231160387396812439e-01
2.053157985210418701e-01
1.538071393966674805e+00
1.575674675405025482e-02
3.189255297183990479e-02
4.807603359222412109e-01
3.767532110214233398e-01
2.192647010087966919e-01
7.766503095626831055e-01
2.501595020294189453e-01
6.583045423030853271e-02
1.145704612135887146e-01
2.132671326398849487e-01
7.879173159599304199e-01
3.407372832298278809e-01
1.629052683711051941e-02
8.384572714567184448e-02
7.106672227382659912e-02
3.134858846664428711e+00
1.569595932960510254e-02
1.607509613037109375e+00
6.598440813831984997e-04
5.583292841911315918e-01
7.455136626958847046e-02
4.729513078927993774e-03
3.936756867915391922e-03
1.186680886894464493e-02
1.420378208160400391e+00
6.292882561683654785e-01
1.581704616546630859e-01
1.888738870620727539e-01
3.446381688117980957e-01
2.006995528936386108e-01
1.088032841682434082e+00
7.185891866683959961e-01
9.509385563433170319e-03
1.912605762481689453e-01
2.014809697866439819e-01
4.307700693607330322e-01
9.173263311386108398e-01
6.913550198078155518e-03
2.821543216705322266e+00
3.238364160060882568e-01
9.765672087669372559e-01
9.691682457923889160e-02
2.016058921813964844e+00
7.516131401062011719e-01
1.922473311424255371e+00
6.947693228721618652e-02
1.121360957622528076e-01
2.615295410156250000e+00
1.268567591905593872e-01
1.234882473945617676e-01
1.664595365524291992e+00
1.001088693737983704e-01
3.024859428405761719e-01
3.300683975219726562e+00
3.691112995147705078e-01
3.414191603660583496e-01
1.608489394187927246e+00
1.692268252372741699e-01
5.387264117598533630e-02
5.334384622983634472e-04
2.109985798597335815e-01
6.943857073783874512e-01
2.818852663040161133e-01
9.296640008687973022e-02
1.354990452527999878e-01
6.803330034017562866e-02
8.205575495958328247e-02
3.990914523601531982e-01
3.560715675354003906e+00
1.342636108398437500e+00
4.242913052439689636e-02
8.965662866830825806e-02
2.453968971967697144e-01
7.530053257942199707e-01
4.739503860473632812e-01
2.733142375946044922e-01
1.375612765550613403e-01
3.203722089529037476e-02
1.137396335601806641e+00
1.178125962615013123e-01
5.857107639312744141e-01
9.276032447814941406e-01
6.233320832252502441e-01
4.216362237930297852e-01
6.058455109596252441e-01
3.781561851501464844e-01
6.198800727725028992e-02
2.236442826688289642e-02
4.575501680374145508e-01
7.404618859291076660e-01
6.131379604339599609e-01
2.443605214357376099e-01
2.036670595407485962e-02
1.721902132034301758e+00
4.507381934672594070e-03
1.418342292308807373e-01
2.085084915161132812e+00
1.434126030653715134e-02
2.645303010940551758e-01
4.419318959116935730e-02
1.664933204650878906e+00
1.261313110589981079e-01
6.027998328208923340e-01
2.790355682373046875e-01
8.482269048690795898e-01
1.216174475848674774e-02
2.034860104322433472e-02
1.195660591125488281e+00
1.248334348201751709e-01
3.538981974124908447e-01
3.720777034759521484e-01
1.825950384140014648e+00
3.290829658508300781e-01
2.283789217472076416e-04
3.112356364727020264e-01
1.067526265978813171e-01
1.856639981269836426e-01
3.683364391326904297e-02
8.280399441719055176e-02
8.241304010152816772e-02
3.438987582921981812e-02
7.232791278511285782e-03
7.716723084449768066e-01
2.979459762573242188e+00
1.317567229270935059e-01
6.315079331398010254e-02
2.831058017909526825e-02
2.197137922048568726e-01
6.433884054422378540e-02
7.283145934343338013e-02
1.658890724182128906e+00
3.544799089431762695e-01
1.663259744644165039e+00
9.831599593162536621e-01
4.364609122276306152e-01
1.032212004065513611e-01
1.897078394889831543e+00
8.754168450832366943e-02
3.160114288330078125e-01
1.725216209888458252e-01
5.545944347977638245e-02
2.865349650382995605e-01
3.078010082244873047e-01
5.882583186030387878e-02
6.264910697937011719e-01
6.892155408859252930e-01
4.377337545156478882e-02
3.230240821838378906e+00
7.657810300588607788e-02
2.621744871139526367e-01
1.732164919376373291e-01
6.611378397792577744e-03
8.980417996644973755e-02
4.768987298011779785e-01
6.615869998931884766e-01
1.765412807464599609e+00
1.351042091846466064e-01
2.701864242553710938e-01
6.188672184944152832e-01
8.059015125036239624e-02
1.390355080366134644e-02
1.809711694717407227e+00
2.515930831432342529e-01
1.349740177392959595e-01
2.188414894044399261e-02
4.471385478973388672e-01
5.494662374258041382e-02
9.133219718933105469e-04
1.353372633457183838e-01
1.936704851686954498e-03
1.954330682754516602e+00
6.321128010749816895e-01
1.124090075492858887e+00
1.032194793224334717e-01
6.646359562873840332e-01
1.310151815414428711e-01
1.265797257423400879e+00
8.783099651336669922e-01
3.131932258605957031e+00
5.801387131214141846e-03
1.289845407009124756e-01
1.880414225161075592e-02
7.236068844795227051e-01
7.851620912551879883e-01
2.817406319081783295e-02
1.578768193721771240e-01
2.314802408218383789e+00
3.445299342274665833e-02
6.188069581985473633e-01
1.453078910708427429e-02
1.011171191930770874e-01
1.789622008800506592e-01
1.258114725351333618e-02
2.591057308018207550e-02
1.727147027850151062e-02
5.176027774810791016e+00
4.657927453517913818e-01
1.129554510116577148e-01
4.128902852535247803e-01
7.827637344598770142e-02
2.743147909641265869e-01
1.472291350364685059e-01
5.431684255599975586e-01
5.958468914031982422e-01
2.712196707725524902e-01
1.362001448869705200e-01
7.937469333410263062e-02
8.040052652359008789e-02
8.792322129011154175e-02
1.083731889724731445e+00
4.004442989826202393e-01
3.449805974960327148e-01
9.976130723953247070e-01
4.673545062541961670e-01
3.362328861840069294e-04
3.201759606599807739e-02
6.131884176284074783e-03
1.664688624441623688e-02
4.444008227437734604e-03
1.295142248272895813e-02
1.727466583251953125e+00
8.489944972097873688e-03
1.885882318019866943e-01
1.693406552076339722e-01
7.733132839202880859e-01
1.475857570767402649e-02
1.511548180133104324e-02
1.790627688169479370e-01
6.052745506167411804e-02
7.055307179689407349e-02
2.100357860326766968e-01
1.612592458724975586e+00
3.241732716560363770e-02
3.380548357963562012e-01
2.603952307254076004e-03
1.780713535845279694e-02
3.417249303311109543e-03
3.816731691360473633e+00
9.676749706268310547e-01
6.329201906919479370e-02
2.222696095705032349e-01
1.726178228855133057e-01
3.373566141817718744e-05
5.629665851593017578e-01
1.477145195007324219e+00
8.422685787081718445e-03
5.859391689300537109e-01
4.182057380676269531e-01
2.146546393632888794e-01
3.770212829113006592e-02
5.888396990485489368e-04
3.924670517444610596e-01
5.005357265472412109e-01
1.041958034038543701e-01
2.204127013683319092e-01
6.934235990047454834e-02
4.776312828063964844e+00
1.761195302009582520e+00
2.748616635799407959e-01
8.126282095909118652e-01
7.789758443832397461e-01
5.794987082481384277e-03
1.135404467582702637e+00
1.375995874404907227e+00
2.102821469306945801e-01
6.917113661766052246e-01
1.368752717971801758e+00
1.193707466125488281e+00
2.504429519176483154e-01
7.952377200126647949e-02
7.461615204811096191e-01
9.525847434997558594e-01
1.381827592849731445e-01
6.777644902467727661e-02
3.503948748111724854e-01
1.678835451602935791e-01
2.090725898742675781e+00
2.498888224363327026e-02
3.001076877117156982e-01
1.891670525074005127e-01
1.042079273611307144e-02
4.418234825134277344e-01
1.897631882457062602e-04
2.417812496423721313e-01
1.072368144989013672e+00
4.356277585029602051e-01
2.995035238564014435e-02
1.742134839296340942e-01
3.195617347955703735e-02
1.019225176423788071e-02
3.610377386212348938e-02
1.173733547329902649e-02
7.254330907016992569e-03
1.271597146987915039e+00
3.992531597614288330e-01
5.986273661255836487e-02
7.920289784669876099e-02
4.212316591292619705e-03
1.057842373847961426e+00
3.383974358439445496e-02
7.970946431159973145e-01
1.005446434020996094e+00
9.471083432435989380e-02
2.081730365753173828e-01
8.083676099777221680e-01
1.938914693892002106e-02
5.245481431484222412e-02
7.159072756767272949e-01
1.218734741210937500e+00
3.088235680479556322e-04
1.271835863590240479e-01
6.684420108795166016e-01
1.508528017438948154e-03
4.037325270473957062e-03
5.202875733375549316e-01
9.406532049179077148e-01
5.485837813466787338e-03
3.644946590065956116e-02
5.274729430675506592e-02
1.023036520928144455e-02
9.096135497093200684e-01
3.551664650440216064e-01
3.583272546529769897e-02
1.709623485803604126e-01
2.977477610111236572e-01
4.713150858879089355e-02
3.835277557373046875e-01
5.625597834587097168e-01
3.983355164527893066e-01
1.341515569947659969e-03
4.719007387757301331e-02
1.300119794905185699e-02
1.601743400096893311e-01
6.852185130119323730e-01
8.707489073276519775e-02
1.199173566419631243e-04
1.540588378906250000e+00
1.816053176298737526e-03
3.946105003356933594e+00
1.261260509490966797e+00
7.069993615150451660e-01
2.090527117252349854e-02
1.701218425296247005e-03
7.615395784378051758e-01
1.985927700996398926e+00
5.269869565963745117e-01
5.340342177078127861e-04
1.634912252426147461e+00
1.423180219717323780e-03
4.729365706443786621e-01
3.095568120479583740e-01
1.703108668327331543e+00
1.639775991439819336e+00
2.252186415717005730e-03
1.222212076187133789e+00
4.737936891615390778e-03
1.695048809051513672e-01
1.553742140531539917e-01
9.687200188636779785e-03
1.040821596980094910e-01
2.132201343774795532e-01
4.189482331275939941e-01
4.843925833702087402e-01
3.064195066690444946e-02
3.437617123126983643e-01
9.741174578666687012e-01
1.404644846916198730e-01
1.017410424537956715e-03
1.316356845200061798e-02
4.424149394035339355e-01
2.310692369937896729e-01
1.913879066705703735e-02
2.262540757656097412e-01
1.920285634696483612e-03
1.078675389289855957e-01
3.084332682192325592e-02
1.081051975488662720e-01
3.627665936946868896e-01
4.074275866150856018e-02
1.216278448700904846e-01
1.271203756332397461e+00
9.963658638298511505e-03
3.969522193074226379e-02
1.510496139526367188e+00
1.017266325652599335e-02
8.699066638946533203e-01
1.089513534680008888e-04
6.390850245952606201e-02
1.547106146812438965e+00
7.469035983085632324e-01
2.245469391345977783e-01
6.564582139253616333e-02
3.102420866489410400e-01
1.260564804077148438e+00
9.825619459152221680e-01
9.430975466966629028e-02
1.670621037483215332e-01
5.982905253767967224e-02
2.617625752463936806e-03
2.992975413799285889e-01
3.827443420886993408e-01
1.496215701103210449e+00
1.723149061203002930e+00
7.002404332160949707e-02
7.442434430122375488e-01
2.440888993442058563e-02
6.471398472785949707e-01
3.493801355361938477e-01
4.670693278312683105e-01
2.249172478914260864e-01
2.060984671115875244e-01
2.260061979293823242e+00
7.970311045646667480e-01
4.520059376955032349e-02
1.710702478885650635e-01
8.134449832141399384e-03
1.227561943233013153e-02
2.129208296537399292e-02
3.913791477680206299e-02
6.260427180677652359e-03
6.034824252128601074e-02
1.745470166206359863e-01
7.098256051540374756e-02
3.897096728906035423e-03
1.500392518937587738e-02
6.244342327117919922e-01
2.247946262359619141e-01
2.442189753055572510e-01
3.942665935028344393e-04
1.943888187408447266e+00
1.858964920043945312e+00
5.496806278824806213e-02
1.903164088726043701e-01
2.579710483551025391e+00
2.215614795684814453e+00
1.125713139772415161e-01
7.960050553083419800e-02
4.435724616050720215e-01
7.113487459719181061e-03
1.838089704513549805e+00
4.684068262577056885e-01
1.076004505157470703e+00
2.418183237314224243e-01
1.998928841203451157e-03
1.188445967272855341e-04
3.949061036109924316e-01
7.598118185997009277e-01
2.919653356075286865e-01
1.408401280641555786e-01
1.749640703201293945e-02
1.209531903266906738e+00
6.194464489817619324e-02
3.673158288002014160e-01
1.044243574142456055e-01
1.853396892547607422e-01
1.222180482000112534e-02
1.364023566246032715e+00
1.716453552246093750e+00
4.953293204307556152e-01
2.017170786857604980e-01
1.919085334520787001e-04
7.689614295959472656e-01
1.941701979376375675e-03
1.687931269407272339e-01
1.289079487323760986e-01
3.800648748874664307e-01
1.196040585637092590e-01
1.901481673121452332e-02
1.746792644262313843e-01
3.097490370273590088e-01
1.347823347896337509e-02
3.778729140758514404e-01
5.358286201953887939e-02
4.113514721393585205e-01
5.053604021668434143e-03
2.900331281125545502e-02
1.695623807609081268e-02
1.059513807296752930e+00
2.764357440173625946e-02
9.675778746604919434e-01
7.067324128001928329e-03
7.230141013860702515e-02
2.181411534547805786e-01
5.077026435174047947e-04
8.836048096418380737e-02
4.017733037471771240e-02
1.440440770238637924e-03
1.048576474189758301e+00
4.485552012920379639e-02
3.111523389816284180e-01
5.916537046432495117e-01
6.369172595441341400e-03
3.218879550695419312e-02
3.478918075561523438e-01
1.725582003593444824e+00
3.800511062145233154e-01
1.789425872266292572e-02
7.188497185707092285e-01
1.822757162153720856e-02
2.155847549438476562e-01
2.202095687389373779e-01
3.527685701847076416e-01
1.487356275320053101e-01
1.589506626129150391e+00
3.396146595478057861e-01
1.463065017014741898e-02
1.142788290977478027e+00
9.205955862998962402e-01
2.359589636325836182e-01
1.779987476766109467e-02
4.755252003669738770e-01
3.814934194087982178e-01
3.439880847930908203e+00
2.979484619572758675e-03
2.525452375411987305e-01
2.231337279081344604e-01
4.310870717745274305e-04
1.291961789131164551e+00
9.288049186579883099e-04
1.619345396757125854e-01
4.094907548278570175e-03
3.666023015975952148e-01
2.230555750429630280e-02
3.215594291687011719e-01
8.881162106990814209e-02
3.184369066730141640e-03
4.510510563850402832e-01
1.237723696976900101e-02
3.451771661639213562e-02
2.401684178039431572e-03
2.307104915380477905e-01
2.937705516815185547e-01
1.069539785385131836e+00
1.427885983139276505e-02
2.420761063694953918e-02
1.531178951263427734e-01
5.138023495674133301e-01
1.165456533432006836e+00
5.079222843050956726e-03
1.836162875406444073e-03
1.575991809368133545e-01
3.939212560653686523e-01
1.861860454082489014e-01
3.197128295898437500e+00
2.359700761735439301e-02
1.790889538824558258e-02
6.222860813140869141e-01
1.035627275705337524e-01
2.501228570938110352e+00
7.000345587730407715e-01
3.040908575057983398e-01
2.286922484636306763e-01
4.535406082868576050e-02
6.311398744583129883e-01
5.298789739608764648e-01
5.533603429794311523e-01
1.385472059249877930e+00
2.049962244927883148e-02
1.177668571472167969e-02
1.299554947763681412e-02
4.014377668499946594e-02
5.944311618804931641e-03
1.486248850822448730e+00
2.574319601058959961e+00
3.668898642063140869e-01
2.819840051233768463e-02
1.241506412625312805e-01
1.925368458032608032e-01
8.058298379182815552e-03
1.758959889411926270e-01
4.748334288597106934e-01
4.631681740283966064e-02
1.856892406940460205e-01
5.064990371465682983e-03
7.330528497695922852e-01
1.118859648704528809e-01
5.333628877997398376e-02
4.412313997745513916e-01
1.207254528999328613e-01
1.300249155610799789e-02
5.132842659950256348e-01
2.634033327922224998e-03
8.472745865583419800e-02
1.192598193883895874e-01
4.098231438547372818e-03
1.423808000981807709e-02
1.624222874641418457e+00
1.286139637231826782e-01
2.379461526870727539e-01
6.954511627554893494e-03
1.013455092906951904e-01
3.580087125301361084e-01
2.574808001518249512e-01
1.398235559463500977e+00
1.402699351310729980e-01
2.612620294094085693e-01
1.381807923316955566e-01
9.760599732398986816e-01
3.598505556583404541e-01
9.645406156778335571e-03
7.853582501411437988e-03
1.475674659013748169e-01
7.997143268585205078e-02
6.130923703312873840e-02
1.708477735519409180e-03
1.220638081431388855e-01
2.906399220228195190e-02
4.032481461763381958e-02
4.280313849449157715e-02
1.737577199935913086e+00
5.277194431982934475e-04
6.431486010551452637e-01
2.685640156269073486e-01
8.655704557895660400e-02
2.913705445826053619e-02
1.133623197674751282e-01
3.073375439271330833e-03
5.403231978416442871e-01
5.403238534927368164e-01
1.909994482994079590e+00
1.016457681544125080e-03
3.089260160923004150e-01
1.410159468650817871e-01
9.197281599044799805e-01
7.357643842697143555e-01
4.580293223261833191e-02
7.797872181981801987e-03
1.066632747650146484e+00
5.877828598022460938e-02
1.039693504571914673e-01
4.934196174144744873e-02
4.679483547806739807e-02
5.995309948921203613e-01
5.674124509096145630e-02
3.161238878965377808e-02
4.983870983123779297e-01
7.378782902378588915e-05
3.570677712559700012e-02
2.539848387241363525e-01
1.594107970595359802e-02
1.655451059341430664e-01
1.977922797203063965e+00
3.805539570748806000e-03
1.053487583994865417e-01
9.564306586980819702e-02
1.393423415720462799e-02
4.464817941188812256e-01
1.708620972931385040e-02
4.225440025329589844e-01
1.136773154139518738e-01
1.058641355484724045e-02
9.851357340812683105e-01
7.469848990440368652e-01
9.160593748092651367e-01
1.195409707725048065e-02
1.304363161325454712e-01
1.241698041558265686e-01
5.678657293319702148e-01
6.308789551258087158e-02
1.301085501909255981e-01
2.071309275925159454e-02
1.247700187377631664e-03
1.978049129247665405e-01
1.651181466877460480e-02
2.865853253751993179e-03
8.364762179553508759e-03
1.199778914451599121e+00
1.030804514884948730e-01
5.628982186317443848e-02
7.370378007180988789e-04
1.645033359527587891e-01
1.783382445573806763e-01
6.983751431107521057e-03
2.330595552921295166e-01
2.730145156383514404e-01
7.152546662837266922e-03
6.870473921298980713e-02
3.242575526237487793e-01
3.769788146018981934e-02
1.377892017364501953e+00
6.486172974109649658e-02
3.398501873016357422e-01
1.217849031090736389e-01
5.662280818796716630e-05
9.921901226043701172e-01
4.014501869678497314e-01
1.479299180209636688e-02
1.837605357170104980e+00
1.875664442777633667e-01
3.368380665779113770e-02
7.335212230682373047e-01
2.739442825317382812e+00
2.685133457183837891e+00
3.509705886244773865e-02
1.350595355033874512e-01
1.422644499689340591e-02
1.716059893369674683e-01
1.003082871437072754e+00
5.040404573082923889e-02
2.613448500633239746e-01
1.117357611656188965e-01
3.962235525250434875e-02
2.656977176666259766e-01
1.440306939184665680e-02
3.972271829843521118e-02
5.708851814270019531e-01
4.161711782217025757e-02
3.494864702224731445e-01
2.472646385431289673e-01
3.534015417098999023e+00
4.029115289449691772e-02
9.911740422248840332e-01
1.389956772327423096e-01
2.475651912391185760e-03
5.814052745699882507e-02
3.645134270191192627e-01
8.437911421060562134e-02
8.729392662644386292e-03
7.364421617239713669e-04
2.299136966466903687e-01
5.927964448928833008e-01
5.474451556801795959e-02
1.924052685499191284e-01
1.188048976473510265e-03
1.063991308212280273e+00
1.098313182592391968e-02
1.409552693367004395e-01
6.243440136313438416e-02
1.978453099727630615e-01
4.999268054962158203e-01
1.694986522197723389e-01
7.213618606328964233e-03
2.952390313148498535e-01
6.736292839050292969e-01
9.818767011165618896e-02
2.725816797465085983e-03
8.952394127845764160e-01
8.920542895793914795e-02
2.555287480354309082e-01
4.934750963002443314e-03
9.525052737444639206e-04
9.993990883231163025e-03
5.849858745932579041e-02
2.345550805330276489e-03
1.207351684570312500e-01
2.382414489984512329e-01
8.880907297134399414e-01
4.725843966007232666e-01
4.173793792724609375e-01
1.537548780441284180e+00
8.628468029201030731e-03
6.892596930265426636e-02
2.538253545761108398e+00
4.287172555923461914e-01
6.920917034149169922e-01
9.732930362224578857e-02
1.012267589569091797e+00
2.216437816619873047e+00
3.254957497119903564e-02
2.118377834558486938e-01
1.510792851448059082e+00
9.059531986713409424e-02
4.613588564097881317e-03
1.497110277414321899e-01
3.668173775076866150e-02
1.914916187524795532e-01
2.550160512328147888e-02
1.662941649556159973e-02
1.550230830907821655e-01
9.792870879173278809e-01
1.926459819078445435e-01
1.722990870475769043e-01
1.439177244901657104e-01
5.068886876106262207e-01
5.843342281877994537e-03
7.336853444576263428e-02
2.789474427700042725e-01
2.331721037626266479e-01
1.953527182340621948e-01
3.104247748851776123e-01
4.504232108592987061e-01
6.309115327894687653e-03
9.484470821917057037e-03
8.158689364790916443e-03
2.154066711664199829e-01
1.449621915817260742e+00
2.715218870434910059e-04
9.167223572731018066e-01
1.078845381736755371e+00
2.089768275618553162e-02
1.114632412791252136e-01
1.206294074654579163e-01
6.372933983802795410e-01
8.782332763075828552e-03
3.015140304341912270e-03
9.332012385129928589e-03
4.426711201667785645e-01
6.657687574625015259e-02
7.646648287773132324e-01
1.623810887336730957e+00
3.405911922454833984e-01
1.231968641281127930e+00
1.518611097708344460e-04
3.420557081699371338e-02
5.212195515632629395e-01
6.015238165855407715e-01
2.933458685874938965e-01
7.101039886474609375e-01
1.846856251358985901e-02
3.808536753058433533e-02
8.805608004331588745e-02
6.905130743980407715e-01
7.166677969507873058e-04
1.056022755801677704e-02
1.761457026004791260e-01
9.030368924140930176e-02
1.934450119733810425e-01
4.231791496276855469e-01
2.583626210689544678e-01
9.532059431076049805e-01
1.265397965908050537e-01
3.180566476657986641e-03
8.149401983246207237e-04
3.445089168963022530e-05
1.721464753150939941e+00
1.257315754890441895e+00
2.396332565695047379e-03
7.570375800132751465e-01
7.376431226730346680e-01
5.586557388305664062e-01
9.091778844594955444e-02
4.130976498126983643e-01
2.132242359220981598e-02
5.815566778182983398e-01
2.632889524102210999e-02
1.367924690246582031e+00
5.693067982792854309e-02
3.656187281012535095e-02
5.371798947453498840e-02
9.855824708938598633e-02
2.568891458213329315e-02
1.627961695194244385e-01
1.083296462893486023e-01
6.787726283073425293e-02
1.115970611572265625e-01
6.449605822563171387e-01
5.623156204819679260e-02
1.430322532542049885e-03
2.218586057424545288e-01
7.305335402488708496e-01
3.872801363468170166e-02
1.809517294168472290e-02
1.571566820144653320e+00
2.408677041530609131e-01
5.217130109667778015e-02
6.883123889565467834e-03
5.833036825060844421e-02
6.739500164985656738e-01
1.639186441898345947e-01
6.825532317161560059e-01
7.677452638745307922e-03
5.708581805229187012e-01
1.024308681488037109e+00
6.297532916069030762e-01
5.364026427268981934e-01
9.044004082679748535e-01
1.979722023010253906e+00
2.483621597290039062e+00
2.482311248779296875e+00
1.442328357370570302e-04
6.100007519125938416e-02
4.559471607208251953e-01
2.968864440917968750e-01
9.577706456184387207e-02
3.525818139314651489e-02
7.647414803504943848e-01
8.829914778470993042e-02
4.138477612286806107e-03
3.572064451873302460e-04
1.869653314352035522e-01
9.704370498657226562e-01
1.507715344429016113e+00
1.355783641338348389e-01
2.293197624385356903e-02
9.776685386896133423e-03
3.040684461593627930e-01
2.513269521296024323e-02
6.574461609125137329e-02
1.170268058776855469e+00
1.822311043739318848e+00
2.129570245742797852e+00
1.225911895744502544e-03
5.472316741943359375e-01
2.450462430715560913e-01
1.636708021163940430e+00
8.642037957906723022e-02
1.663255989551544189e-01
4.721895456314086914e-01
8.462572097778320312e-01
1.328267902135848999e-01
4.658414363861083984e+00
1.795087754726409912e-01
1.272454619407653809e+00
4.865934550762176514e-01
1.518882960081100464e-01
6.322224140167236328e-01
5.474756285548210144e-02
1.735052764415740967e-01
3.758950531482696533e-01
8.106071501970291138e-03
7.814978957176208496e-01
7.464612368494272232e-03
4.694578424096107483e-02
7.641433179378509521e-02
1.498986184597015381e-01
1.946523636579513550e-01
3.041335940361022949e-02
7.318328619003295898e-01
1.085169147700071335e-03
7.909170351922512054e-03
1.385859251022338867e-01
3.132833540439605713e-02
4.543146491050720215e-01
2.258983373641967773e+00
8.842093497514724731e-02
1.082580089569091797e+00
2.215842157602310181e-02
1.623184233903884888e-01
2.579694271087646484e+00
9.023735765367746353e-05
7.648044228553771973e-01
1.188930273056030273e-01
2.798408828675746918e-02
1.318168044090270996e-01
1.501966174691915512e-02
1.127066556364297867e-02
2.079754352569580078e+00
3.484438732266426086e-02
4.433454573154449463e-01
2.937045320868492126e-02
3.111919760704040527e-02
1.478091955184936523e+00
7.912195473909378052e-02
4.411190450191497803e-01
1.525743305683135986e-02
2.618675529956817627e-01
3.630899637937545776e-02
9.479510597884654999e-03
2.311825379729270935e-02
1.202229689806699753e-02
4.782191514968872070e-01
4.500498473644256592e-01
3.815972432494163513e-02
5.416244268417358398e-01
1.795363724231719971e-01
9.089152445085346699e-04
1.661294400691986084e-01
7.793377619236707687e-03
6.254731416702270508e-01
8.997695446014404297e-01
1.400103718042373657e-01
2.411078214645385742e+00
5.013559758663177490e-02
8.988630957901477814e-03
9.025086462497711182e-02
4.139391183853149414e-01
2.400353699922561646e-01
3.268748223781585693e-01
2.155703306198120117e-01
1.323556806892156601e-02
7.249312847852706909e-02
7.711633443832397461e-01
5.746171474456787109e-01
1.721723914146423340e+00
1.965896226465702057e-02
3.082668036222457886e-02
4.538515955209732056e-02
1.574225068092346191e+00
1.252413839101791382e-01
2.025573514401912689e-02
3.416256904602050781e-01
2.235633730888366699e-01
4.896909929811954498e-03
1.517794966697692871e+00
8.204801939427852631e-03
1.061630249023437500e+00
1.440683007240295410e-02
1.366155862808227539e+00
8.310472965240478516e-01
3.186928033828735352e-01
9.469563961029052734e-01
1.583680808544158936e-01
9.160187244415283203e-01
8.376558870077133179e-02
1.611224003136157990e-02
8.923972249031066895e-01
1.538891717791557312e-02
2.363861083984375000e+00
4.629963543266057968e-03
3.135780394077301025e-01
1.963081061840057373e-01
2.351978778839111328e+00
5.297094956040382385e-02
2.497062832117080688e-02
8.803413808345794678e-02
4.482052847743034363e-02
2.443683743476867676e-01
1.423230171203613281e+00
3.005516342818737030e-02
1.630331873893737793e-01
9.018756449222564697e-03
9.864423424005508423e-02
2.275542736053466797e+00
4.372841864824295044e-02
3.938419278711080551e-03
1.180027127265930176e+00
7.469587326049804688e-01
5.471255164593458176e-03
6.517249345779418945e-02
1.105283021926879883e+00
7.572915405035018921e-02
1.158515691757202148e+00
4.339528083801269531e-02
1.789320111274719238e-01
2.337816506624221802e-01
4.323683306574821472e-02
4.550862312316894531e-01
1.926331967115402222e-01
1.717937178909778595e-02
5.843934603035449982e-03
2.534075677394866943e-01
4.432374238967895508e-01
3.903287649154663086e-01
6.337717175483703613e-02
1.026154756546020508e-01
8.617713116109371185e-03
7.965113520622253418e-01
4.325520694255828857e-01
1.152092337608337402e+00
3.733202517032623291e-01
1.191501971334218979e-03
5.554808303713798523e-02
6.535998582839965820e-01
2.102552413940429688e+00
6.375015377998352051e-01
1.190247535705566406e+00
2.089623808860778809e-01
3.931500762701034546e-02
1.683269143104553223e-01
2.387152433395385742e+00
3.788678050041198730e-01
3.741221874952316284e-02
1.392354846000671387e+00
7.431898266077041626e-02
6.057020276784896851e-02
3.702217936515808105e-01
5.605935677886009216e-02
2.875581681728363037e-01
4.365620911121368408e-01
8.201496601104736328e-01
1.679940521717071533e-02
5.142389610409736633e-02
1.550528764724731445e+00
3.863408789038658142e-02
2.640540897846221924e-02
4.181899726390838623e-01
1.050568893551826477e-01
1.119416117668151855e+00
3.563580289483070374e-02
2.084725201129913330e-01
2.293269038200378418e-01
1.118941426277160645e+00
2.655354514718055725e-02
6.240891814231872559e-01
1.381711363792419434e-01
7.150335311889648438e-01
8.332082629203796387e-02
1.443857699632644653e-01
9.272867441177368164e-01
2.127200923860073090e-02
3.678170144557952881e-01
4.068382382392883301e-01
4.301943629980087280e-02
1.790903806686401367e-01
1.171974698081612587e-03
5.853658914566040039e-01
1.682449221611022949e+00
7.397757843136787415e-03
9.965400386136025190e-05
1.045514829456806183e-03
6.232172995805740356e-02
4.564361274242401123e-02
8.928364841267466545e-04
2.257809787988662720e-01
4.626971483230590820e-01
7.013929635286331177e-02
2.128434658050537109e+00
3.520927205681800842e-02
1.825693249702453613e-01
4.244850575923919678e-01
3.730852156877517700e-02
3.179998311679810286e-04
1.891158461570739746e+00
7.068863138556480408e-03
2.057506702840328217e-02
1.829749494791030884e-01
7.009170055389404297e-01
4.291152209043502808e-02
3.763149976730346680e-01
3.464736044406890869e-01
9.861388206481933594e-01
6.118140183389186859e-03
3.178289532661437988e-01
1.010633483529090881e-01
1.439327895641326904e-01
6.652779877185821533e-02
1.261104047298431396e-01
4.936168193817138672e-01
8.443724513053894043e-01
5.454112291336059570e-01
7.929513230919837952e-03
3.663974702358245850e-01
3.343857765197753906e+00
8.476896286010742188e-01
5.580177903175354004e-02
1.222115635871887207e+00
3.487288355827331543e-01
2.453964017331600189e-02
8.244127035140991211e-01
5.636497959494590759e-02
8.394769974984228611e-04
1.651472091674804688e+00
6.146025285124778748e-02
3.324912190437316895e-01
3.705530252773314714e-04
5.903158187866210938e-01
7.456889748573303223e-01
4.535166919231414795e-02
1.124402955174446106e-01
6.115608811378479004e-01
1.518132209777832031e+00
4.189231991767883301e-02
9.692976600490510464e-04
1.596193313598632812e-01
3.424139926210045815e-03
1.394328568130731583e-02
2.150713279843330383e-02
9.856610298156738281e-01
3.083009719848632812e-01
1.949106007814407349e-01
3.166149854660034180e-01
3.323234021663665771e-01
2.377720177173614502e-01
2.352210925891995430e-03
4.468142390251159668e-01
4.670632630586624146e-02
1.098614931106567383e+00
7.124313712120056152e-02
5.254974365234375000e-01
1.351786870509386063e-02
2.025228500366210938e+00
4.099554941058158875e-02
2.666051387786865234e-01
5.823297798633575439e-02
3.141109943389892578e-01
1.053982734680175781e+00
3.268422931432723999e-02
2.870703637599945068e-01
3.620564192533493042e-02
5.623210668563842773e-01
4.668248891830444336e-01
8.291679620742797852e-02
1.456701755523681641e-01
3.041898906230926514e-01
2.275194168090820312e+00
4.888272285461425781e-01
2.878314852714538574e-01
5.515595432370901108e-03
3.461954295635223389e-01
3.077454864978790283e-02
5.836568027734756470e-02
9.709577262401580811e-02
1.410931795835494995e-01
2.519638836383819580e-01
1.265283487737178802e-02
3.634030872490257025e-04
4.144654870033264160e-01
5.204135179519653320e-01
2.899941464420408010e-04
6.628579497337341309e-01
6.019877195358276367e-01
1.204701662063598633e+00
1.543199829757213593e-02
1.498079020529985428e-02
2.505391836166381836e-01
2.958178520202636719e-01
2.468944899737834930e-02
9.130001068115234375e-01
1.408890008926391602e+00
1.277030352503061295e-02
2.036524564027786255e-01
6.113346219062805176e-01
1.894894391298294067e-01
2.117892960086464882e-03
1.765213757753372192e-01
6.846453994512557983e-02
1.697604544460773468e-02
8.791088312864303589e-02
4.097884148359298706e-02
3.166389763355255127e-01
1.539173442870378494e-02
7.268258333206176758e-01
9.989076852798461914e-02
6.541404128074645996e-02
6.476365961134433746e-03
4.926995038986206055e-01
9.584482759237289429e-03
2.118100643157958984e+00
3.681112453341484070e-02
6.720795761793851852e-03
1.047342345118522644e-01
3.260257840156555176e-01
6.904848217964172363e-01
1.015685126185417175e-02
2.222289890050888062e-02
4.892287254333496094e-01
1.805224805139005184e-03
5.936263799667358398e-01
4.338257946074008942e-03
3.310053423047065735e-02
5.475245714187622070e-01
2.573201991617679596e-02
5.260084271430969238e-01
3.293671905994415283e-01
3.517014160752296448e-02
1.842701621353626251e-02
1.617850959300994873e-01
5.368857383728027344e-01
4.093561470508575439e-01
2.468036413192749023e+00
4.374038577079772949e-01
7.322617769241333008e-01
5.727783776819705963e-03
1.364626884460449219e+00
5.857327021658420563e-03
5.602390170097351074e-01
1.095778122544288635e-02
2.343620732426643372e-02
3.402392864227294922e-01
2.965749427676200867e-02
2.840314805507659912e-01
5.089578628540039062e-01
5.794173479080200195e-01
9.170673787593841553e-02
4.110824167728424072e-01
1.165544963441789150e-03
3.327549202367663383e-03
9.408421814441680908e-03
2.725511491298675537e-01
2.869656324386596680e+00
1.206189155578613281e+00
4.492038488388061523e-01
1.384150981903076172e-01
5.726924538612365723e-02
4.004861712455749512e-01
2.595034893602132797e-03
4.818713665008544922e-01
2.160268463194370270e-02
3.785785138607025146e-01
3.861765861511230469e-01
7.371251471340656281e-03
6.384878605604171753e-02
1.684811830520629883e+00
2.699399292469024658e-01
1.023355051875114441e-01
5.889324937015771866e-03
3.626308739185333252e-01
4.503000900149345398e-02
8.870406746864318848e-01
3.759461343288421631e-01
3.534182608127593994e-01
2.640488743782043457e-01
3.304275125265121460e-02
1.607656776905059814e-01
1.915913820266723633e-02
1.125769969075918198e-02
4.197263121604919434e-01
6.776210386306047440e-03
1.390914082527160645e+00
1.565028786659240723e+00
1.791559606790542603e-01
7.539324462413787842e-02
1.664385497570037842e-01
1.169312000274658203e+00
5.340502262115478516e-01
1.889774054288864136e-01
7.285699248313903809e-01
1.267595142126083374e-01
7.917551994323730469e-01
1.038762331008911133e+00
7.111454010009765625e-01
2.489683926105499268e-01
1.858760565519332886e-01
1.864244230091571808e-03
9.050461649894714355e-02
1.759269274771213531e-02
1.216026172041893005e-01
4.201039206236600876e-03
7.758849859237670898e-02
1.234905481338500977e+00
1.715792655944824219e+00
2.080439962446689606e-02
9.311205893754959106e-02
1.006857957690954208e-02
5.715693812817335129e-03
6.516880542039871216e-02
3.512914776802062988e-01
8.159549832344055176e-01
1.097861602902412415e-01
1.984177231788635254e-01
2.217456400394439697e-01
2.968538284301757812e+00
5.405886173248291016e-01
5.416323617100715637e-02
6.445966660976409912e-02
4.227672815322875977e-01
3.900882974267005920e-02
3.200857937335968018e-01
8.762818574905395508e-02
2.097561210393905640e-01
1.545782200992107391e-02
2.626631259918212891e-01
9.193060994148254395e-01
3.484735727310180664e+00
7.523836493492126465e-01
3.076318535022437572e-04
6.657173037528991699e-01
7.418586015701293945e-01
5.441468581557273865e-02
3.037454605102539062e+00
6.438046693801879883e-01
3.053139746189117432e-01
8.626150488853454590e-01
1.747743040323257446e-02
2.879577502608299255e-02
3.313582837581634521e-01
1.636382192373275757e-01
1.619882732629776001e-01
6.561947613954544067e-02
1.193838194012641907e-01
2.652643322944641113e-01
1.534638702869415283e-01
4.558415710926055908e-02
1.047055482864379883e+00
1.752112433314323425e-02
1.886851503513753414e-03
6.517450511455535889e-02
3.388908505439758301e-01
3.825438395142555237e-02
6.302158832550048828e-01
2.267714403569698334e-02
8.815377205610275269e-02
2.131600491702556610e-02
1.107285544276237488e-02
2.866370975971221924e-01
5.402726121246814728e-03
7.892411947250366211e-02
4.861322045326232910e-02
1.836065575480461121e-02
3.794074654579162598e-01
7.798498123884201050e-02
8.666075468063354492e-01
1.024192199110984802e-01
1.458867639303207397e-01
2.138287015259265900e-02
1.421316433697938919e-02
8.036421611905097961e-03
4.432071149349212646e-01
1.697569340467453003e-02
5.613770484924316406e-01
1.022945404052734375e+00
1.237629540264606476e-02
6.041411682963371277e-02
6.412153840065002441e-01
1.441413521766662598e+00
1.783343553543090820e-01
3.256376385688781738e-01
1.455742269754409790e-01
2.360123634338378906e+00
1.038225814700126648e-01
7.084271311759948730e-01
1.188799977302551270e+00
2.759666144847869873e-01
4.587384760379791260e-01
1.383051574230194092e-01
1.655518775805830956e-03
4.948140680789947510e-02
3.670127689838409424e-01
7.280756235122680664e-01
1.200193285942077637e+00
1.739917509257793427e-02
5.076144933700561523e-01
1.056722164154052734e+00
3.700976818799972534e-02
1.952171907760202885e-03
8.301927894353866577e-02
4.207198023796081543e-01
4.690119624137878418e-02
6.826169043779373169e-02
1.353997830301523209e-02
5.417822599411010742e-01
9.352317452430725098e-02
9.382613897323608398e-01
1.456991210579872131e-02
1.053475379943847656e+00
3.799839317798614502e-01
2.094756811857223511e-01
6.264963150024414062e-01
2.580628097057342529e-01
1.740967035293579102e-01
1.615937203168869019e-01
5.432816147804260254e-01
4.294250011444091797e-01
5.687720142304897308e-03
1.036746054887771606e-01
4.826686680316925049e-01
2.570471465587615967e-01
1.476134508848190308e-01
5.934340879321098328e-02
6.618693005293607712e-04
1.443892833776772022e-03
9.829933987930417061e-04
1.181403875350952148e+00
7.519521117210388184e-01
1.059054374694824219e+00
2.383349984884262085e-01
4.401679635047912598e-01
9.403632879257202148e-01
2.689912915229797363e-03
1.817896813154220581e-01
1.865890175104141235e-01
8.542190790176391602e-01
6.097293272614479065e-02
1.547058373689651489e-01
4.025451093912124634e-02
2.978547848761081696e-02
2.244766652584075928e-01
2.507968246936798096e-02
2.657269537448883057e-01
4.154572188854217529e-01
6.129454970359802246e-01
5.684875417500734329e-03
3.820057213306427002e-02
9.991866536438465118e-03
8.938499540090560913e-02
4.422949254512786865e-01
4.588913619518280029e-01
7.253620773553848267e-03
1.215338241308927536e-02
9.315072745084762573e-02
1.070695463567972183e-02
5.087894797325134277e-01
2.462689997628331184e-03
5.586041212081909180e-01
2.778514921665191650e-01
1.396893024444580078e+00
5.611773952841758728e-02
3.955801486968994141e+00
6.915696263313293457e-01
1.693839905783534050e-03
8.210869133472442627e-02
2.388382405042648315e-01
9.962562918663024902e-01
2.128352671861648560e-01
7.034803032875061035e-01
6.069387197494506836e-01
3.268486738204956055e+00
7.779607921838760376e-02
9.682123549282550812e-03
1.211299151182174683e-01
8.752290606498718262e-01
5.620620250701904297e-01
6.194579764269292355e-04
7.985807955265045166e-02
6.157559901475906372e-02
2.112471312284469604e-01
1.695851832628250122e-01
1.953231096267700195e-01
3.447889983654022217e-01
4.464583180379122496e-04
3.337197750806808472e-02
2.902519889175891876e-02
3.259088471531867981e-02
1.156448107212781906e-02
1.265286505222320557e-01
1.427895188331604004e+00
9.914810061454772949e-01
2.416670799255371094e+00
1.324927210807800293e-01
1.669387370347976685e-01
6.535347551107406616e-03
3.069174289703369141e-01
2.746398448944091797e-01
1.563399471342563629e-02
2.002034902572631836e+00
7.335623353719711304e-02
1.534723490476608276e-01
1.615082174539566040e-01
2.427886247634887695e+00
5.557902455329895020e-01
7.644116878509521484e-02
2.306664921343326569e-02
6.405945867300033569e-02
5.255774781107902527e-02
3.758511040359735489e-03
8.105498552322387695e-01
7.102006115019321442e-03
1.102121546864509583e-02
3.542340593412518501e-03
1.973111648112535477e-03
2.628456354141235352e-01
6.308641284704208374e-03
1.272363811731338501e-01
1.902788400650024414e+00
3.226090967655181885e-01
1.105986118316650391e+00
3.266028761863708496e-01
1.160870268940925598e-01
5.059513449668884277e-02
3.545280992984771729e-01
1.095497533679008484e-01
1.823705732822418213e-01
1.774954050779342651e-01
1.012576073408126831e-01
3.898738697171211243e-02
6.331584881991147995e-04
1.299966475926339626e-03
1.199308596551418304e-02
1.651523560285568237e-01
5.209186673164367676e-02
2.128364801406860352e+00
3.328480720520019531e-01
1.365920412354171276e-03
5.261655896902084351e-02
1.218744963407516479e-01
9.200187772512435913e-02
1.558415144681930542e-01
1.011023521423339844e-01
1.003357410430908203e+00
1.984644532203674316e-01
1.091550588607788086e+00
1.022205114364624023e+00
5.978133156895637512e-02
1.308808028697967529e-01
8.476949334144592285e-01
1.139415800571441650e-01
2.274190308526158333e-03
5.573864909820258617e-04
1.063994318246841431e-01
1.475481688976287842e-02
1.185598745942115784e-01
4.737589061260223389e-01
3.351715505123138428e-01
1.144875679165124893e-02
1.887060850858688354e-01
1.063489168882369995e-02
5.362480878829956055e-01
1.449289768934249878e-01
1.726667732000350952e-01
7.108026742935180664e-02
4.322472028434276581e-03
2.064454928040504456e-02
7.545732259750366211e-01
3.673231899738311768e-01
1.094634532928466797e+00
9.117887914180755615e-02
1.859612584114074707e+00
1.397890597581863403e-02
5.983179900795221329e-03
1.831997781991958618e-01
7.700158655643463135e-02
2.154417484998703003e-01
1.773651875555515289e-02
1.206992492079734802e-01
2.868433892726898193e-01
2.225579977035522461e+00
2.253993588965386152e-04
1.210438925772905350e-02
2.228649407625198364e-01
2.166546285152435303e-01
1.857636451721191406e+00
2.469997406005859375e-01
1.111204549670219421e-01
2.531838119029998779e-01
1.060420274734497070e+00
1.230719566345214844e+00
3.584411442279815674e-01
1.292444944381713867e+00
4.373092949390411377e-02
1.442133337259292603e-01
1.296182036399841309e+00
8.456406593322753906e-01
3.351467549800872803e-01
4.746180772781372070e-01
4.631055891513824463e-02
3.481882810592651367e-02
1.426385641098022461e+00
2.689094543457031250e-01
7.380567193031311035e-01
1.824467629194259644e-01
1.777260797098278999e-03
7.268650922924280167e-03
2.202221900224685669e-01
1.190192298963665962e-03
4.524013027548789978e-02
1.920672953128814697e-01
1.598509192466735840e+00
1.252491593360900879e+00
5.478446558117866516e-02
7.535997033119201660e-02
1.102824062108993530e-01
7.886353135108947754e-02
1.071946918964385986e-01
2.370202168822288513e-02
2.603936672210693359e+00
4.308572411537170410e-01
2.002021996304392815e-03
2.598433196544647217e-02
1.075953468680381775e-01
1.220070421695709229e-01
1.020268537104129791e-03
1.840009912848472595e-02
5.440452694892883301e-02
2.541629791259765625e+00
2.002288773655891418e-02
2.098499536514282227e-01
7.195356488227844238e-01
8.094971626996994019e-02
3.769387006759643555e-01
2.384630143642425537e-01
5.043967962265014648e-01
1.420999132096767426e-02
3.652783930301666260e-01
6.480977684259414673e-02
2.059724356513470411e-04
6.777276284992694855e-03
3.101426735520362854e-02
5.781171494163572788e-04
1.590060256421566010e-02
2.227686941623687744e-01
1.138476729393005371e+00
1.531026419252157211e-02
1.150370314717292786e-01
1.191267132759094238e+00
9.195595048367977142e-03
8.765198290348052979e-03
5.624238029122352600e-02
2.341236352920532227e+00
1.937476545572280884e-01
1.324610435403883457e-03
2.044381618499755859e+00
2.872985322028398514e-03
3.718413785099983215e-02
9.147319942712783813e-02
3.719080090522766113e-01
3.366740047931671143e-01
2.984402179718017578e-01
8.420795202255249023e-03
7.810291834175586700e-03
3.460229933261871338e-01
5.281242728233337402e-02
5.014497637748718262e-01
1.558521151542663574e+00
1.392943668179214001e-03
1.587914824485778809e-01
1.075613737106323242e+00
3.408656269311904907e-02
1.026675403118133545e-01
1.351695060729980469e-01
6.304490566253662109e-01
1.807789355516433716e-01
5.983061157166957855e-03
2.496190741658210754e-02
6.285322308540344238e-01
9.645590186119079590e-02
1.453729271888732910e-01
2.986649274826049805e-01
1.001801729202270508e+00
5.701299384236335754e-02
4.802412986755371094e-01
2.740072645246982574e-02
4.601676762104034424e-01
1.798664219677448273e-02
8.816447108983993530e-02
3.883084747940301895e-03
1.908233284950256348e+00
5.301024066284298897e-04
2.037658214569091797e+00
1.187093183398246765e-02
2.173804283142089844e+00
7.319326698780059814e-02
4.442761838436126709e-01
4.671224206686019897e-02
1.407846689224243164e+00
6.608467549085617065e-02
9.526625275611877441e-03
3.030550479888916016e-01
8.954730629920959473e-02
3.344354927539825439e-01
3.097565770149230957e-01
4.701926410198211670e-01
9.908892214298248291e-03
1.437298767268657684e-02
8.156702518463134766e-01
2.451245188713073730e-01
4.415202736854553223e-01
8.739690780639648438e-01
1.207705661654472351e-01
9.383031167089939117e-03
9.066261351108551025e-02
3.020043373107910156e-01
6.979720592498779297e-01
1.355640649795532227e+00
4.987536929547786713e-03
2.982675433158874512e-01
2.408120483160018921e-01
1.179675579071044922e+00
2.671686373651027679e-02
2.760762691497802734e+00
3.154367804527282715e-01
4.123791004531085491e-04
7.304950356483459473e-01
1.893036440014839172e-02
1.017324447631835938e+00
4.909721668809652328e-03
7.926659309305250645e-04
1.386831700801849365e-01
5.405019223690032959e-02
2.222584336996078491e-01
4.320928826928138733e-03
1.673703312873840332e+00
2.102074861526489258e+00
5.433114245533943176e-02
6.831385660916566849e-03
1.680859446525573730e+00
1.930636935867369175e-03
8.615119731985032558e-04
3.888351097702980042e-02
2.197534777224063873e-02
4.747590795159339905e-02
2.672744095325469971e-01
3.087834827601909637e-02
4.509612321853637695e-01
1.368779875338077545e-02
1.680227220058441162e-01
5.025088191032409668e-01
2.806885242462158203e-01
1.639012396335601807e-01
2.921679019927978516e+00
1.895000219345092773e+00
4.223372638225555420e-01
8.405664004385471344e-03
2.286199778318405151e-01
4.576711058616638184e-01
2.532719969749450684e-01
2.202030897140502930e+00
1.708715804852545261e-03
2.679681181907653809e-01
6.977269076742231846e-04
1.346158445812761784e-03
6.644280254840850830e-02
5.070313066244125366e-02
2.091454714536666870e-01
7.411322742700576782e-02
2.943384945392608643e-01
1.351777315139770508e-01
5.400050058960914612e-02
2.025815891101956367e-03
1.588593609631061554e-02
6.567630171775817871e-02
3.197539448738098145e-01
2.677904907613992691e-03
5.548307299613952637e-01
5.128661394119262695e-01
1.770635962486267090e+00
4.669543206691741943e-01
4.374918714165687561e-02
1.460567355155944824e+00
4.209093451499938965e-01
5.601844191551208496e-02
3.192130103707313538e-02
6.363370418548583984e-01
1.994448900222778320e-01
1.277773380279541016e-01
5.965704321861267090e-01
1.738909482955932617e-01
2.941769838333129883e+00
2.441674172878265381e-01
7.966057397425174713e-03
8.576060533523559570e-01
7.647143304347991943e-02
2.620103597640991211e+00
6.658036261796951294e-03
7.289413809776306152e-01
7.922933250665664673e-02
2.056560665369033813e-02
2.096079289913177490e-01
5.517732501029968262e-01
3.341798111796379089e-02
1.804816007614135742e+00
9.883376955986022949e-02
7.809735536575317383e-01
9.263196587562561035e-01
1.852452009916305542e-01
4.322073459625244141e-01
7.006716914474964142e-03
3.536044852808117867e-03
2.420953035354614258e+00
1.548864692449569702e-01
5.710878176614642143e-04
1.767233759164810181e-02
1.937345862388610840e-01
1.389808505773544312e-01
1.796708814799785614e-02
1.660838007926940918e+00
1.505771875381469727e-01
6.212771683931350708e-02
3.371147066354751587e-02
7.398060709238052368e-02
8.517923951148986816e-01
3.610756620764732361e-02
4.037863016128540039e-02
4.643847346305847168e-01
1.413874477148056030e-01
6.545900106430053711e-01
3.406460285186767578e+00
4.871541023254394531e+00
1.646224558353424072e-01
3.626485466957092285e-01
1.058449596166610718e-01
3.131896972656250000e+00
6.595690548419952393e-02
1.130826354026794434e+00
3.156942129135131836e-02
3.159711956977844238e-01
5.474394932389259338e-02
1.378305912017822266e+00
5.592860579490661621e-01
3.967884778976440430e-01
5.456448718905448914e-02
3.685635626316070557e-01
1.295721012866124511e-04
1.398419612087309361e-03
9.143939241766929626e-04
8.601048029959201813e-03
1.486177891492843628e-01
1.804869435727596283e-02
6.937227211892604828e-03
3.309646844863891602e-01
1.049596309661865234e+00
8.352284133434295654e-02
2.673862734809517860e-03
4.581598639488220215e-01
2.379877716302871704e-01
1.642973162233829498e-02
8.949989080429077148e-02
6.458296179771423340e-01
2.890406735241413116e-02
1.634241342544555664e-01
2.043927013874053955e-01
1.830937713384628296e-01
4.356774035841226578e-03
1.380559802055358887e-01
1.102360710501670837e-01
9.559433460235595703e-01
6.226003766059875488e-01
6.743875145912170410e-02
2.251563519239425659e-01
1.094939857721328735e-01
4.573979377746582031e-01
3.562153875827789307e-02
5.522633437067270279e-04
5.066131591796875000e+00
4.773984476923942566e-02
3.801634907722473145e-01
1.570769399404525757e-02
9.487163275480270386e-02
2.607442438602447510e-01
1.542646735906600952e-01
1.030257623642683029e-02
2.558364532887935638e-02
2.905611693859100342e-02
9.545184373855590820e-01
7.963564395904541016e-01
4.388863444328308105e-01
5.384857952594757080e-02
1.581670045852661133e-01
3.113306127488613129e-03
1.371433585882186890e-01
2.005687505006790161e-01
6.479441523551940918e-01
1.292278766632080078e+00
5.120859146118164062e-01
1.831554174423217773e-01
1.541204284876585007e-02
1.610859513282775879e+00
2.686444818973541260e-01
2.656379342079162598e-01
2.305628173053264618e-02
7.781338645145297050e-04
1.380283683538436890e-01
2.618162631988525391e-01
1.180065944790840149e-01
5.329458415508270264e-02
3.523582518100738525e-01
4.990053176879882812e-02
7.241667713969945908e-03
5.154904127120971680e-01
8.821020722389221191e-01
6.051336526870727539e-01
1.674050092697143555e-01
8.005649596452713013e-02
7.847673296928405762e-01
1.062286086380481720e-02
6.193377450108528137e-02
9.874425828456878662e-03
1.521152496337890625e+00
7.537887245416641235e-02
1.836627349257469177e-02
2.282338589429855347e-02
5.661663413047790527e-01
2.505315780639648438e+00
3.918433934450149536e-02
2.202761650085449219e+00
1.088736578822135925e-01
6.945992261171340942e-02
1.149476766586303711e+00
3.618280887603759766e-01
1.969449594616889954e-02
2.453098744153976440e-01
5.074290037155151367e-01
6.443528532981872559e-01
2.917561121284961700e-02
6.507220268249511719e-01
1.091875229030847549e-02
7.590132206678390503e-02
7.013662904500961304e-02
8.934466242790222168e-01
1.009625911712646484e+00
3.517519533634185791e-01
4.749250784516334534e-02
2.516637146472930908e-01
2.912466600537300110e-02
1.923328079283237457e-02
3.142248839139938354e-02
3.279452919960021973e-01
7.961788177490234375e-01
1.579117298126220703e+00
1.027323246002197266e+00
2.108327299356460571e-01
7.428287062793970108e-03
2.388597428798675537e-01
4.317344725131988525e-01
7.251330018043518066e-01
1.312561929225921631e-01
6.063213944435119629e-02
3.178599178791046143e-01
1.121964189223945141e-03
4.061189480125904083e-03
4.190236795693635941e-03
3.011931432411074638e-03
3.720595538616180420e-01
7.072827816009521484e-01
8.205148577690124512e-01
7.791958283632993698e-03
1.337418079376220703e+00
1.432480849325656891e-02
3.263079524040222168e-01
2.076292037963867188e+00
9.747759322635829449e-04
9.890670189633965492e-04
8.622136712074279785e-01
2.947023138403892517e-02
5.742334946990013123e-02
2.958571314811706543e-01
1.794434189796447754e-01
1.092169992625713348e-02
1.274562627077102661e-01
3.644360229372978210e-02
2.300356514751911163e-03
1.580172419548034668e+00
4.561539590358734131e-01
8.216010332107543945e-01
2.368583679199218750e-01
4.224184527993202209e-02
2.170660495758056641e-01
9.114502072334289551e-01
2.709804177284240723e-01
1.559603571891784668e+00
8.397861383855342865e-03
1.002824544906616211e+00
1.038475111126899719e-01
8.708406090736389160e-01
6.203332543373107910e-01
7.232083678245544434e-01
1.075708344578742981e-01
2.573665082454681396e-01
2.008236013352870941e-02
1.564677238464355469e+00
2.325371652841567993e-02
2.491156198084354401e-02
7.044253498315811157e-02
2.664692401885986328e-01
1.177466884255409241e-01
7.970196194946765900e-03
1.256349831819534302e-01
3.736548125743865967e-02
6.726478040218353271e-02
6.849499884992837906e-03
3.259589970111846924e-01
2.220965325832366943e-01
6.937289834022521973e-01
1.300999671220779419e-01
7.469700649380683899e-03
2.887011505663394928e-03
5.786368623375892639e-02
1.191675662994384766e-02
1.210050284862518311e-02
1.869325041770935059e-01
1.602778285741806030e-01
1.251418888568878174e-01
5.075219273567199707e-02
1.010790824890136719e+00
1.949545443058013916e-01
1.795907258987426758e+00
4.019215106964111328e-01
1.175936684012413025e-02
7.802548408508300781e-01
2.728482782840728760e-01
3.670555353164672852e+00
2.290419816970825195e+00
5.039871856570243835e-02
1.324748694896697998e-01
1.376515626907348633e-01
1.212594881653785706e-01
1.596996039152145386e-01
1.329388499259948730e+00
2.334139645099639893e-01
5.858570933341979980e-01
1.011423245072364807e-01
2.224364429712295532e-01
7.580931186676025391e-01
5.957276821136474609e-01
1.176609516143798828e+00
6.584278345108032227e-01
9.112163633108139038e-02
1.287615537643432617e+00
1.982352972030639648e+00
2.208324223756790161e-01
2.195563912391662598e-02
4.528927383944392204e-04
4.929410815238952637e-01
1.933016465045511723e-03
2.413310289382934570e+00
3.565420582890510559e-02
1.316674519330263138e-02
1.035868888720870018e-03
5.780225247144699097e-02
4.352117702364921570e-02
1.545642912387847900e-01
1.995984911918640137e-01
1.030199080705642700e-01
2.388443052768707275e-02
4.880760237574577332e-02
3.222099542617797852e-01
2.583358764648437500e+00
2.361011691391468048e-03
9.622973389923572540e-03
5.446469783782958984e-02
3.415229730308055878e-03
2.280111610889434814e-01
7.531198114156723022e-02
5.331693887710571289e-01
1.493093371391296387e-01
2.220249548554420471e-02
1.203238010406494141e+00
6.011096388101577759e-02
1.320594996213912964e-01
4.449747502803802490e-01
2.207073755562305450e-02
3.099137246608734131e-01
6.667515039443969727e-01
3.821835666894912720e-02
1.574085831642150879e+00
3.410626575350761414e-02
2.902820473536849022e-03
3.406675765290856361e-03
1.243037939071655273e+00
4.773131012916564941e-01
8.506955951452255249e-02
4.145244136452674866e-03
4.413743969053030014e-03
4.195985317230224609e+00
3.632580339908599854e-01
6.300787627696990967e-02
3.021408319473266602e-01
7.811968326568603516e-01
4.446608945727348328e-02
3.056667745113372803e-01
2.725444138050079346e-01
5.816676188260316849e-03
1.535788059234619141e+00
4.060815647244453430e-02
4.749452471733093262e-01
1.802225112915039062e-01
7.662191987037658691e-03
5.744065642356872559e-01
3.035981357097625732e-01
4.625213477993384004e-05
3.684662654995918274e-02
4.744937177747488022e-03
1.678660154342651367e+00
8.210386633872985840e-01
3.502545356750488281e+00
2.706026732921600342e-01
2.663885951042175293e-01
1.425575613975524902e-01
3.412212371826171875e+00
9.137810766696929932e-02
8.463230915367603302e-03
8.907397985458374023e-01
5.293567478656768799e-02
1.211263895034790039e+00
5.009717773646116257e-03
1.012643814086914062e+00
2.731108665466308594e-01
8.242741972208023071e-02
3.331572115421295166e-01
1.437466591596603394e-01
2.815829962491989136e-02
1.285385936498641968e-01
2.013799967244267464e-03
9.513167738914489746e-01
4.532161653041839600e-01
7.160674780607223511e-02
2.817780673503875732e-01
1.812338642776012421e-02
1.572521924972534180e-01
1.298852860927581787e-01
2.591057308018207550e-02
6.107832305133342743e-03
1.274641044437885284e-02
1.890676915645599365e-01
8.259779773652553558e-03
2.246653139591217041e-01
9.249246120452880859e-02
4.161357879638671875e-01
2.325458377599716187e-01
1.686014175415039062e+00
1.215237602591514587e-01
1.685071140527725220e-01
6.354010198265314102e-03
8.546325378119945526e-03
6.147504970431327820e-02
1.770746946334838867e+00
6.578337401151657104e-03
3.528522700071334839e-02
3.864693641662597656e-01
2.898663841187953949e-02
2.447383105754852295e-01
3.043779134750366211e-01
1.379617899656295776e-01
7.651802897453308105e-02
4.019922316074371338e-01
3.461260721087455750e-02
4.621183034032583237e-03
1.535669326782226562e+00
5.592889152467250824e-03
6.014162302017211914e-01
2.080075025558471680e+00
2.018038369715213776e-02
4.144957065582275391e-01
3.430537581443786621e-01
1.036522537469863892e-02
2.947611210402101278e-04
1.834742546081542969e+00
2.126372419297695160e-02
2.230254858732223511e-01
8.955965042114257812e-01
1.460095643997192383e-01
3.919909596443176270e-01
2.003869116306304932e-01
2.231418341398239136e-02
3.117940621450543404e-03
1.373777515254914761e-03
1.196534156799316406e+00
3.952473029494285583e-02
8.485439419746398926e-02
1.661024808883666992e+00
3.108244948089122772e-02
1.150493860244750977e+00
1.927700996398925781e+00
7.314385473728179932e-02
1.671992428600788116e-02
2.494318485260009766e-01
1.471405327320098877e-01
6.380425300449132919e-03
2.782404189929366112e-03
1.185808330774307251e-01
5.218574311584234238e-03
2.622975967824459076e-03
6.099513173103332520e-01
2.459923326969146729e-01
3.946584463119506836e-01
9.583068639039993286e-02
1.960800582310184836e-04
6.920652389526367188e-01
7.442867159843444824e-01
8.092950582504272461e-01
3.345014760270714760e-03
1.020379422698169947e-04
7.091383337974548340e-01
7.986072450876235962e-02
6.368672102689743042e-02
7.800620198249816895e-01
9.363899007439613342e-03
3.252235352993011475e-01
1.073873266577720642e-01
1.194127053022384644e-01
1.327417135238647461e+00
1.003058910369873047e+00
8.871301263570785522e-02
6.913056969642639160e-02
9.485439211130142212e-02
4.426903277635574341e-02
3.354757428169250488e-01
6.938141584396362305e-01
5.013571977615356445e-01
5.509527400135993958e-04
2.965340856462717056e-03
4.500955939292907715e-01
9.198301434516906738e-01
1.507135629653930664e-01
1.041666325181722641e-02
7.301287259906530380e-04
1.745868660509586334e-02
6.204549670219421387e-01
7.034117579460144043e-01
1.437560713384300470e-04
3.411548212170600891e-02
1.094717606902122498e-01
3.779660165309906006e-02
4.590908885002136230e-01
2.373123317956924438e-01
2.906190790235996246e-02
3.318281844258308411e-03
1.403044313192367554e-01
2.307102978229522705e-01
2.033629417419433594e+00
8.473415374755859375e-01
2.415233850479125977e-02
1.381537914276123047e-01
3.100581467151641846e-01
7.256707549095153809e-02
8.405486494302749634e-02
2.766831079497933388e-03
1.545194536447525024e-01
2.108736753463745117e+00
1.689525097608566284e-01
1.397733241319656372e-01
7.776344660669565201e-03
2.326774299144744873e-01
9.616090059280395508e-01
1.445367574691772461e+00
2.475707679986953735e-01
6.588907837867736816e-01
8.831843733787536621e-03
8.772170171141624451e-03
2.143779844045639038e-01
1.726438999176025391e-01
4.624410271644592285e-01
1.198638007044792175e-01
5.828067660331726074e-01
1.220553996972739697e-03
1.840922399424016476e-03
5.573566537350416183e-03
7.137835621833801270e-01
1.280104756355285645e+00
2.948946952819824219e-01
4.262903630733489990e-01
2.781146951019763947e-02
6.349767446517944336e-01
4.043432772159576416e-01
2.844395115971565247e-02
2.890407631639391184e-04
7.060897946357727051e-01
2.280945539474487305e+00
1.531731337308883667e-01
1.080826018005609512e-02
2.711628563702106476e-02
9.771805405616760254e-01
1.356489360332489014e-01
8.105129748582839966e-02
4.309046268463134766e-02
1.284735947847366333e-01
5.206065177917480469e-01
1.360346436500549316e+00
2.886260032653808594e+00
2.584214787930250168e-03
9.268242716789245605e-01
3.700815886259078979e-02
2.361606340855360031e-03
7.295041810721158981e-03
6.871777176856994629e-01
1.171690344810485840e+00
9.643399156630039215e-03
1.512392014265060425e-01
2.249165773391723633e-01
1.798055320978164673e-02
1.208570957183837891e+00
1.254010363481938839e-03
5.207919329404830933e-02
5.149501562118530273e-01
2.914313971996307373e-01
5.949825048446655273e-01
5.152742862701416016e-01
4.507057741284370422e-02
2.181295072659850121e-03
1.391671448945999146e-01
5.918757990002632141e-02
2.940425276756286621e-02
2.822837531566619873e-01
2.714414894580841064e-01
1.617628782987594604e-01
1.194578707218170166e-01
2.952704429626464844e-01
1.285215020179748535e-01
3.050636649131774902e-01
8.521987497806549072e-02
5.509786307811737061e-03
3.507150709629058838e-02
9.424515962600708008e-01
9.930374100804328918e-03
1.057232394814491272e-01
4.664967302232980728e-03
2.563641667366027832e-01
1.946173548698425293e+00
4.872779548168182373e-01
5.838630795478820801e-01
3.187845051288604736e-01
2.687760442495346069e-02
2.591940164566040039e-01
3.298155367374420166e-01
1.723502948880195618e-02
7.537510991096496582e-02
8.124044165015220642e-03
6.647158861160278320e-01
1.717944443225860596e-01
3.014909103512763977e-02
1.707656979560852051e-01
4.455282818526029587e-03
5.132296085357666016e-01
1.311254948377609253e-01
7.349517941474914551e-01
1.425022125244140625e+00
3.404417276382446289e+00
1.389626134186983109e-02
2.783881127834320068e-01
7.866145670413970947e-02
2.289799451828002930e-01
6.766349077224731445e-02
4.697649553418159485e-02
6.780130863189697266e-01
1.002943590283393860e-01
1.707132719457149506e-02
5.753387138247489929e-02
6.995255947113037109e-01
1.378351077437400818e-02
3.714805468916893005e-03
4.767274260520935059e-01
3.530040502548217773e+00
1.160251975059509277e+00
4.381998181343078613e-01
2.178086042404174805e-01
2.273660898208618164e+00
4.873252391815185547e+00
1.842716485261917114e-01
3.376238942146301270e-01
9.843496084213256836e-01
3.300279080867767334e-01
4.855703115463256836e-01
1.157483682036399841e-01
5.555856972932815552e-02
1.048438325524330139e-01
9.507920742034912109e-01
8.098533749580383301e-02
1.007030725479125977e+00
2.377117052674293518e-02
2.237401902675628662e-01
9.904614686965942383e-01
6.402575410902500153e-03
7.006807923316955566e-01
4.085412919521331787e-01
1.168667245656251907e-02
2.932773670181632042e-03
5.883651226758956909e-02
6.208682432770729065e-02
5.834262445569038391e-02
3.607764542102813721e-01
4.559955298900604248e-01
2.641167026013135910e-03
1.049523055553436279e-02
7.672305107116699219e-01
4.086693003773689270e-02
6.850913763046264648e-01
1.062787473201751709e-01
6.871047895401716232e-03
8.254696615040302277e-03
4.056033790111541748e-01
5.137077569961547852e-01
7.365762591361999512e-01
4.259045049548149109e-02
4.125810146331787109e+00
5.794878005981445312e-01
3.450632328167557716e-03
2.822435498237609863e-01
2.420646548271179199e-01
2.443846940994262695e+00
2.458996772766113281e-01
1.699909335002303123e-03
6.289246678352355957e-02
3.028915636241436005e-02
3.380192816257476807e-01
4.673408716917037964e-02
7.244034670293331146e-03
1.723320037126541138e-01
2.272014506161212921e-02
7.681222558021545410e-01
5.447905659675598145e-01
7.426376342773437500e-01
1.825218677520751953e+00
3.629516065120697021e-01
9.738575667142868042e-02
4.530285485088825226e-03
9.962372183799743652e-01
3.029744923114776611e-01
3.909602463245391846e-01
3.115088678896427155e-03
1.553826779127120972e-01
1.434926390647888184e-01
2.957096397876739502e-01
1.459950685501098633e+00
8.740165829658508301e-02
4.854599386453628540e-02
9.905512630939483643e-02
3.227887451648712158e-01
2.725944796111434698e-04
2.413358688354492188e+00
7.322179675102233887e-01
4.101120531558990479e-01
6.540209054946899414e-01
8.266618251800537109e-01
4.043129459023475647e-02
2.226230502128601074e-02
1.579546928405761719e-01
4.069381859153509140e-03
7.740904092788696289e-01
9.395693540573120117e-01
3.281815767288208008e+00
2.602000313345342875e-04
1.969815731048583984e+00
1.037312950938940048e-02
1.517177671194076538e-01
7.488986942917108536e-03
2.945338785648345947e-01
1.020133774727582932e-02
5.856961607933044434e-01
1.180342864245176315e-02
5.801025032997131348e-01
3.279666416347026825e-03
1.407517772167921066e-02
5.508258193731307983e-02
2.883193790912628174e-01
4.540851339697837830e-02
2.355421893298625946e-03
7.353740334510803223e-01
7.166749238967895508e-01
6.482711434364318848e-01
1.237560987472534180e+00
2.649603843688964844e+00
5.845597386360168457e-01
6.075802445411682129e-01
1.413747388869524002e-02
1.031760424375534058e-01
3.331119418144226074e-01
1.417849306017160416e-02
1.978678483283147216e-04
1.503762789070606232e-02
2.827562808990478516e+00
9.513212740421295166e-02
3.257459320593625307e-04
7.209024578332901001e-02
2.870871126651763916e-01
1.924859918653964996e-02
3.548752367496490479e-01
1.192731559276580811e-01
1.081953989341855049e-03
1.014297246932983398e+00
1.722319610416889191e-02
7.208338975906372070e-01
1.007943674921989441e-01
1.186028242111206055e+00
2.831994891166687012e-01
6.388919353485107422e-01
1.306410580873489380e-01
1.422512233257293701e-01
5.578248500823974609e-01
2.224290370941162109e+00
1.541736768558621407e-03
2.416973352432250977e+00
1.708363182842731476e-02
4.425261577125638723e-04
6.079988088458776474e-03
4.955794513225555420e-01
7.531538605690002441e-01
2.079021483659744263e-01
1.009759604930877686e-01
4.848251119256019592e-02
7.852163165807723999e-03
2.804900147020816803e-02
1.429460644721984863e-01
2.221462130546569824e-02
1.057072542607784271e-02
4.929468333721160889e-01
2.116631865501403809e-01
1.629454791545867920e-01
3.219024240970611572e-01
2.484411932528018951e-02
2.267812937498092651e-01
4.178009461611509323e-03
1.582938060164451599e-02
9.151654317975044250e-03
5.409062281250953674e-02
1.016583442687988281e+00
3.437740504741668701e-01
4.137173593044281006e-01
3.355897217988967896e-02
1.446093440055847168e+00
2.242946147918701172e+00
1.028593331575393677e-01
3.928291425108909607e-02
4.185754223726689816e-04
6.415583938360214233e-02
3.072195947170257568e-01
1.356422185897827148e+00
7.454826682806015015e-02
1.414151787757873535e-01
6.657108068466186523e-01
6.306566647253930569e-04
2.137435041368007660e-02
2.736001461744308472e-02
2.981147468090057373e-01
1.230008304119110107e-01
3.896583914756774902e-01
6.082714200019836426e-01
2.611157894134521484e-01
6.486965715885162354e-02
1.662122309207916260e-01
1.351434737443923950e-01
1.569525599479675293e-01
2.474105916917324066e-03
1.120167016983032227e+00
1.857832819223403931e-02
2.015762805938720703e+00
7.439468172378838062e-04
1.057249188423156738e+00
5.961694121360778809e-01
1.588963747024536133e+00
1.790386065840721130e-02
6.567987054586410522e-02
2.569437026977539062e-01
2.496342640370130539e-03
1.433780938386917114e-01
2.700646400451660156e+00
4.661875665187835693e-01
9.171739965677261353e-02
2.830310957506299019e-03
1.486930996179580688e-01
1.564933210611343384e-01
1.741809248924255371e+00
4.298495128750801086e-03
2.445705048739910126e-02
1.752088665962219238e-01
1.038735136389732361e-01
2.989227324724197388e-02
5.336827412247657776e-02
1.450110912322998047e+00
3.262437414377927780e-03
1.421845331788063049e-02
6.569849792867898941e-04
1.154947676695883274e-03
2.067128941416740417e-02
4.066367074847221375e-02
1.870996952056884766e-01
3.169752890244126320e-03
8.697458356618881226e-02
1.315283298492431641e+00
3.426258265972137451e-01
2.759046480059623718e-02
3.329052627086639404e-01
3.995909094810485840e-01
4.114554449915885925e-02
1.806426607072353363e-02
1.915449649095535278e-01
4.350499510765075684e-01
5.111426860094070435e-02
2.514871597290039062e+00
5.184800028800964355e-01
2.973571717739105225e-01
5.274586677551269531e-01
2.058336138725280762e-01
4.940128028392791748e-01
7.163438200950622559e-02
8.177084475755691528e-02
3.412140766158699989e-03
4.839136730879545212e-03
1.081349849700927734e+00
3.360473737120628357e-02
1.209096331149339676e-02
5.429670214653015137e-02
1.745938882231712341e-02
1.984057249501347542e-03
9.489342570304870605e-02
3.941833078861236572e-01
3.076021373271942139e-02
1.096243620850145817e-03
3.337551653385162354e-01
1.981366157531738281e+00
4.542034293990582228e-04
1.883327215909957886e-02
4.939495027065277100e-02
9.483880363404750824e-03
4.767428040504455566e-01
1.271383464336395264e-01
1.280871391296386719e+00
4.573363661766052246e-01
8.379577398300170898e-01
2.026040852069854736e-02
1.247759699821472168e+00
4.289118107408285141e-03
8.242412656545639038e-02
1.721349596977233887e+00
1.912063211202621460e-01
9.543610215187072754e-01
2.350980341434478760e-01
2.117596194148063660e-02
1.027815230190753937e-02
2.372063875198364258e+00
1.362580806016921997e-01
5.168597698211669922e-01
4.772818181663751602e-03
1.248095512390136719e+00
8.266854286193847656e-01
4.138404503464698792e-02
2.939232997596263885e-02
7.363904118537902832e-01
3.971172124147415161e-02
1.931653730571269989e-02
3.769242167472839355e-01
6.329121589660644531e-01
1.428861357271671295e-02
8.590529672801494598e-03
1.924358457326889038e-01
4.954438507556915283e-01
1.775537431240081787e-02
1.137877225875854492e+00
3.464412875473499298e-03
4.410421010106801987e-03
4.237064123153686523e-01
2.098923921585083008e-01
3.800033330917358398e-01
2.256572723388671875e+00
1.481912881135940552e-01
4.358317237347364426e-03
2.431892305612564087e-01
2.740677213296294212e-03
1.731788963079452515e-01
3.843874335289001465e-01
7.205221652984619141e-01
1.815126299858093262e+00
8.505579233169555664e-01
5.506709218025207520e-01
5.005528450012207031e+00
1.052318066358566284e-01
3.244609534740447998e-01
1.509558111429214478e-01
7.493799924850463867e-02
3.807774782180786133e-01
3.294571638107299805e-01
1.671110868453979492e+00
1.558518111705780029e-01
1.760624051094055176e+00
2.222581394016742706e-02
1.355268239974975586e+00
4.114026725292205811e-01
5.370590090751647949e-02
3.196522891521453857e-01
8.715081810951232910e-01
5.253848075866699219e+00
1.992381364107131958e-01
1.346686929464340210e-01
5.508303269743919373e-02
7.975496700964868069e-04
1.684207916259765625e-01
1.243762522935867310e-01
1.096215471625328064e-01
7.685687392950057983e-02
1.912936568260192871e-01
2.356079779565334320e-02
1.676065206527709961e+00
2.709238603711128235e-02
1.412584662437438965e+00
3.651954233646392822e-01
4.025759100914001465e-01
1.416386961936950684e-01
6.037679314613342285e-01
2.609460949897766113e-01
3.145275637507438660e-02
8.812309801578521729e-02
1.065030694007873535e-01
1.192217506468296051e-02
3.437075763940811157e-02
5.184334143996238708e-02
3.252162039279937744e-01
6.500764284282922745e-03
6.223974004387855530e-02
2.004968672990798950e-01
5.639848709106445312e+00
1.820614933967590332e-01
5.840504765510559082e-01
1.630782485008239746e-01
2.543074078857898712e-03
2.208704245276749134e-04
2.128438092768192291e-02
2.049905210733413696e-01
5.367866717278957367e-03
8.580844104290008545e-02
7.393734529614448547e-03
6.836358308792114258e-01
4.272807836532592773e-01
5.442445166409015656e-03
1.077841520309448242e+00
9.639131426811218262e-01
3.939243257045745850e-01
4.908752813935279846e-02
7.400231361389160156e-01
4.457335174083709717e-01
9.829018712043762207e-01
4.872568845748901367e-01
1.465675354003906250e+00
6.051849126815795898e-01
4.376001656055450439e-03
4.169775545597076416e-01
2.799948453903198242e-01
6.103962063789367676e-01
7.507866024971008301e-01
1.625842303037643433e-01
1.512557920068502426e-02
1.681654006242752075e-01
6.300407052040100098e-01
4.319471716880798340e-01
2.757121920585632324e-01
1.877661347389221191e-01
9.917390532791614532e-03
4.165782127529382706e-03
2.560445368289947510e-01
1.391779541969299316e+00
5.307358503341674805e-01
8.461946249008178711e-02
1.245078295469284058e-01
1.903377026319503784e-01
2.197158038616180420e-01
9.966711699962615967e-02
3.691095709800720215e-01
5.279682204127311707e-02
3.100097738206386566e-02
1.045720577239990234e+00
1.593450829386711121e-02
5.936883091926574707e-01
4.328376054763793945e-01
2.199995517730712891e-02
6.167535483837127686e-02
1.169433072209358215e-02
2.544692516326904297e+00
6.169429793953895569e-02
3.766268491744995117e-01
1.904609203338623047e+00
4.274992737919092178e-03
1.122742891311645508e+00
1.948590278625488281e+00
1.370390783995389938e-02
4.755340218544006348e-01
1.261832267045974731e-01
1.763528883457183838e-01
5.782542284578084946e-03
1.097877144813537598e+00
4.579730927944183350e-01
2.002689540386199951e-01
1.863833665847778320e+00
1.313899904489517212e-01
7.909994721412658691e-01
4.423904046416282654e-02
2.782631218433380127e-01
7.511372864246368408e-02
5.851387605071067810e-02
1.752780005335807800e-02
2.355660684406757355e-02
5.444654226303100586e-01
2.217592000961303711e-01
1.059198141098022461e+00
3.620884716510772705e-01
1.986314728856086731e-02
1.246803402900695801e+00
6.086963042616844177e-02
4.351764023303985596e-01
2.205339193344116211e+00
1.116975307464599609e+00
3.786065056920051575e-02
3.117732048034667969e+00
4.840553998947143555e-01
9.085040539503097534e-02
4.941622018814086914e-01
1.982995681464672089e-02
1.565833389759063721e-01
9.892543554306030273e-01
9.465726464986801147e-02
1.460621412843465805e-02
1.135553140193223953e-02
9.061775356531143188e-02
2.638495862483978271e-01
7.063180208206176758e-01
4.612345099449157715e-01
1.818832159042358398e-01
1.213347762823104858e-01
2.593657700344920158e-04
1.807287812232971191e+00
1.731833629310131073e-02
1.308306008577346802e-01
2.721536904573440552e-03
1.419270515441894531e+00
1.113997697830200195e+00
1.633640885353088379e+00
2.654221355915069580e-01
1.554609537124633789e-01
1.150882467627525330e-01
1.235754013061523438e+00
1.537990868091583252e-01
5.811789035797119141e-01
1.333951950073242188e-01
1.505465526133775711e-02
2.427192181348800659e-01
6.379543989896774292e-02
2.931734025478363037e-01
3.138436377048492432e-02
3.324001729488372803e-01
2.227578163146972656e-01
2.128067463636398315e-01
1.091718557290732861e-03
3.669977933168411255e-02
4.632236957550048828e-01
3.117127716541290283e-01
6.852505803108215332e-01
9.512856006622314453e-01
7.980344891548156738e-01
2.133969403803348541e-02
1.647728323936462402e+00
1.216150913387537003e-02
6.063112989068031311e-02
1.485780179500579834e-01
1.311344802379608154e-01
1.568722724914550781e-01
1.182544231414794922e+00
1.491454958915710449e+00
4.981161653995513916e-02
3.722019493579864502e-01
3.373715877532958984e-01
6.826226711273193359e-01
3.809374332427978516e+00
1.907203793525695801e-01
7.937822341918945312e-01
8.301982283592224121e-02
8.071500062942504883e-01
1.400706768035888672e-01
6.912249326705932617e-01
2.242861688137054443e-01
1.905119046568870544e-02
1.848624944686889648e-01
1.101531982421875000e+00
5.410434603691101074e-01
3.148847818374633789e-01
8.826177120208740234e-01
6.429211795330047607e-02
8.486281149089336395e-03
1.136928498744964600e-01
7.706080097705125809e-03
1.572154276072978973e-02
4.700310900807380676e-02
9.370674192905426025e-02
1.783034205436706543e+00
1.176157072186470032e-01
1.304038055241107941e-02
4.632639288902282715e-01
2.938573248684406281e-02
4.356672465801239014e-01
2.347090393304824829e-01
5.313342213630676270e-01
2.868885695934295654e-01
1.096871420741081238e-01
3.396886885166168213e-01
8.911034464836120605e-02
3.053224980831146240e-01
1.658184379339218140e-01
3.787132212892174721e-03
7.321251630783081055e-01
1.120757579803466797e+00
3.048749268054962158e-01
3.297297284007072449e-02
1.561113893985748291e-01
3.886636793613433838e-01
1.763054281473159790e-01
1.989107578992843628e-02
1.868282705545425415e-01
2.404187917709350586e+00
4.399133205413818359e+00
2.776754796504974365e-01
3.536496460437774658e-01
5.018258001655340195e-03
5.395644903182983398e-01
3.648600280284881592e-01
1.767116785049438477e-02
4.956102930009365082e-03
1.214014053344726562e+00
4.285229742527008057e-01
2.351616322994232178e-01
2.632681727409362793e-01
6.914754509925842285e-01
2.243914827704429626e-02
4.053490757942199707e-01
1.683026254177093506e-01
5.714389961212873459e-03
6.059767007827758789e-01
5.809755995869636536e-02
1.622977294027805328e-02
9.715405106544494629e-01
1.139470040798187256e-01
4.570631426759064198e-04
1.640746593475341797e+00
8.486438393592834473e-01
1.147484034299850464e-01
6.506791710853576660e-01
2.058973312377929688e+00
1.842588302679359913e-03
4.139526188373565674e-01
1.064525917172431946e-01
3.698380314745008945e-04
6.386566907167434692e-02
4.720408618450164795e-01
3.863199949264526367e-01
3.568342700600624084e-02
7.951419800519943237e-02
1.321624875068664551e+00
1.188907399773597717e-02
5.741479247808456421e-02
6.586650013923645020e-02
3.852179646492004395e-01
5.015241503715515137e-01
6.448323726654052734e-01
4.333409667015075684e-02
3.174153268337249756e-01
5.274838209152221680e-01
7.282780110836029053e-02
5.138794183731079102e-01
1.139371842145919800e-02
6.022669076919555664e-01
2.039084672927856445e+00
1.861507538706064224e-03
2.629327774047851562e-01
6.000275611877441406e-01
1.560274511575698853e-01
7.363870739936828613e-01
1.359280705451965332e+00
5.345461145043373108e-02
1.624208688735961914e+00
1.308473944664001465e-02
3.081297278404235840e-01
8.066372275352478027e-01
5.740551352500915527e-01
1.104459981434047222e-03
7.391860336065292358e-02
1.595978140830993652e+00
2.393394947052001953e+00
1.410479843616485596e-02
4.417585209012031555e-02
1.556251347064971924e-01
7.792786229401826859e-03
7.337925434112548828e-01
4.029404222965240479e-01
2.311196364462375641e-02
2.946544587612152100e-01
3.640020191669464111e-01
3.072662279009819031e-03
1.055160537362098694e-03
6.215336918830871582e-02
4.051464498043060303e-01
1.001311987638473511e-01
7.284940779209136963e-02
3.271586727350950241e-03
4.959613084793090820e-01
1.753064244985580444e-01
2.169215381145477295e-01
7.996095344424247742e-03
2.606751620769500732e-01
1.093161821365356445e+00
2.322837263345718384e-01
5.073315650224685669e-02
8.380061626667156816e-05
3.716255014296621084e-04
3.173911944031715393e-03
6.077786907553672791e-02
3.641523420810699463e-03
6.701554358005523682e-02
4.589025396853685379e-03
1.339134527370333672e-03
1.478085905546322465e-04
7.308489680290222168e-01
8.496696501970291138e-02
1.043530274182558060e-02
1.544312983751296997e-01
3.327504992485046387e-01
9.051481261849403381e-03
1.666365191340446472e-02
3.664048314094543457e-01
3.517054915428161621e-01
1.350961685180664062e+00
2.297578193247318268e-02
1.115054711699485779e-01
3.369245305657386780e-02
3.196000099182128906e+00
4.659164324402809143e-02
9.236226789653301239e-03
7.803559303283691406e-02
6.165509223937988281e-01
4.210618734359741211e-01
9.177122116088867188e-01
4.027237370610237122e-02
7.270165681838989258e-01
5.521649122238159180e-02
2.647181786596775055e-02
9.577203989028930664e-01
1.189236119389533997e-01
2.507163677364587784e-03
4.661587625741958618e-02
1.553810760378837585e-02
2.248650312423706055e+00
3.213006770238280296e-03
9.036949835717678070e-03
3.518792390823364258e-01
1.387434601783752441e-01
1.099976375699043274e-01
9.336972609162330627e-03
2.145185321569442749e-01
2.160551995038986206e-01
4.403813509270548820e-04
2.234418869018554688e+00
9.988836646080017090e-01
1.362707734107971191e+00
1.440108269453048706e-01
6.113382577896118164e-01
5.527999997138977051e-02
4.376219585537910461e-02
1.289120793342590332e+00
7.579438686370849609e-01
3.573875501751899719e-02
1.449256688356399536e-01
7.761409133672714233e-02
1.798731237649917603e-01
1.146985515952110291e-01
6.083164215087890625e-01
1.775552034378051758e-01
7.350870370864868164e-01
1.853783987462520599e-02
1.140943527221679688e+00
1.024511456489562988e-02
1.416380144655704498e-02
8.669595234096050262e-03
2.586852200329303741e-02
6.345028281211853027e-01
8.908618688583374023e-01
8.391565829515457153e-02
2.959086418151855469e+00
1.005572795867919922e+00
8.604265004396438599e-02
8.339979685842990875e-04
1.016331911087036133e+00
1.440498530864715576e-01
4.430269300937652588e-01
2.784766256809234619e-01
1.330838538706302643e-02
2.165936827659606934e-01
1.992140114307403564e-01
6.942911446094512939e-02
2.141961449524387717e-04
1.144269406795501709e-01
2.560315420851111412e-03
8.344958722591400146e-02
1.942975819110870361e-01
6.947763729840517044e-03
5.136626306921243668e-03
7.451154589653015137e-01
2.111591577529907227e+00
4.336788505315780640e-02
6.954585909843444824e-01
1.825445890426635742e-01
1.910291262902319431e-03
1.203476667404174805e+00
6.521571427583694458e-02
1.042209006845951080e-02
6.386175751686096191e-02
2.419522497802972794e-03
2.128542900085449219e+00
1.730832815170288086e+00
1.364729949273169041e-03
3.479499835520982742e-03
3.699005842208862305e-01
5.611015558242797852e-01
9.283152222633361816e-01
9.537056088447570801e-02
6.173750758171081543e-01
7.492863535881042480e-01
4.387158434838056564e-03
1.610666066408157349e-01
2.730561234056949615e-02
1.258609164506196976e-02
1.928382992744445801e+00
3.401735782623291016e+00
3.914261162281036377e-01
8.593365550041198730e-03
1.397427469491958618e-01
6.490764021873474121e-02
9.858983755111694336e-01
1.135151460766792297e-01
4.015286266803741455e-01
3.240156888961791992e+00
2.460419572889804840e-02
1.829593069851398468e-02
2.970050334930419922e+00
4.434487345861271024e-05
2.757182717323303223e-01
3.022369556128978729e-02
1.634084433317184448e-01
1.282108426094055176e-01
5.509527400135993958e-04
4.767644107341766357e-01
3.802570700645446777e-01
5.634278059005737305e-02
1.527492608875036240e-02
5.804210528731346130e-02
2.236059755086898804e-01
1.619761139154434204e-01
2.976117841899394989e-02
7.783302664756774902e-02
5.199072360992431641e-01
8.579183369874954224e-03
2.232593774795532227e+00
9.271425008773803711e-02
4.060609638690948486e-02
1.236240491271018982e-01
1.034991025924682617e+00
1.662296056747436523e-01
4.412155970931053162e-02
2.572443569079041481e-03
4.297961294651031494e-01
1.307609081268310547e+00
8.786644786596298218e-02
2.278956621885299683e-01
3.491095304489135742e-01
9.853532537817955017e-03
5.451878905296325684e-01
4.788308143615722656e-01
3.478574752807617188e-01
1.395243644714355469e+00
3.207774460315704346e-02
1.401299610733985901e-02
2.183912880718708038e-02
1.958834705874323845e-03
1.698026433587074280e-02
9.954114556312561035e-01
2.526545897126197815e-03
1.070191025733947754e+00
1.107361555099487305e+00
1.784555315971374512e-01
1.158715486526489258e+00
6.934955716133117676e-01
4.597889780998229980e-01
7.018963224254548550e-04
2.025632381439208984e+00
2.333209663629531860e-02
2.722963457927107811e-03
1.870722174644470215e-01
1.822240352630615234e-01
9.630250930786132812e-01
1.878895312547683716e-01
6.431190371513366699e-01
2.296899183420464396e-04
4.773768410086631775e-02
5.323477983474731445e-01
2.067462682723999023e+00
1.381768822669982910e+00
3.841640893369913101e-03
6.603799294680356979e-03
6.297053098678588867e-01
3.678688406944274902e-01
1.331141144037246704e-01
6.499031186103820801e-01
1.562786102294921875e-01
6.589384377002716064e-02
8.911786973476409912e-02
7.816620469093322754e-01
7.712113205343484879e-03
7.896752096712589264e-03
6.609910130500793457e-01
6.424653530120849609e-01
9.314061142504215240e-03
8.360366225242614746e-01
4.914064705371856689e-02
7.214608788490295410e-01
1.156770586967468262e+00
6.046949625015258789e-01
1.103642396628856659e-02
6.433023512363433838e-02
1.651345729827880859e+00
2.002265490591526031e-02
2.009848505258560181e-02
3.315277770161628723e-02
1.384605526924133301e+00
1.503647770732641220e-03
3.206714093685150146e-01
6.982567720115184784e-03
4.248705878853797913e-02
6.978460587561130524e-04
1.552237942814826965e-02
1.581688374280929565e-01
1.556392669677734375e+00
5.140565633773803711e-01
5.565261468291282654e-02
2.768577933311462402e-01
2.411092072725296021e-01
4.322575777769088745e-02
6.462813615798950195e-01
8.317187428474426270e-02
2.188788726925849915e-03
5.736910272389650345e-03
4.093375802040100098e-02
4.282986372709274292e-02
2.312706947326660156e+00
1.493556350469589233e-01
6.258912617340683937e-04
3.098857402801513672e-01
2.238482795655727386e-02
1.415604650974273682e-01
1.740369051694869995e-01
7.901010103523731232e-03
4.158255577087402344e+00
2.776172943413257599e-02
3.657619357109069824e-01
2.289033383131027222e-01
3.893627166748046875e+00
9.269559383392333984e-01
7.457084059715270996e-01
2.971963584423065186e-02
3.202627599239349365e-01
1.566657871007919312e-01
2.273855730891227722e-02
6.017538309097290039e-01
2.685088396072387695e+00
6.220843791961669922e-01
5.623904871754348278e-04
8.771145343780517578e-01
8.125178515911102295e-02
5.449179187417030334e-02
4.112737178802490234e-01
5.438126996159553528e-02
1.117823123931884766e+00
3.704962879419326782e-02
7.216777652502059937e-02
7.620447874069213867e-02
1.801826804876327515e-01
5.369286537170410156e-01
1.454053968191146851e-01
1.494289517402648926e+00
1.662548333406448364e-01
9.441432356834411621e-02
2.025268077850341797e-01
1.270011186599731445e+00
7.671765089035034180e-01
2.786724944598972797e-04
1.447435319423675537e-01
2.422552555799484253e-01
1.235756397247314453e+00
1.747546494007110596e-01
8.342840671539306641e-01
5.174119472503662109e+00
2.087435573339462280e-01
2.463119506835937500e+00
1.028464175760746002e-02
4.879471380263566971e-03
3.329133689403533936e-01
5.931286723352968693e-04
4.642304033041000366e-03
1.017915364354848862e-02
2.240958213806152344e-01
1.600852556293830276e-04
3.947385028004646301e-02
2.617083489894866943e-01
4.034462198615074158e-02
4.306739568710327148e-02
1.533018946647644043e-01
2.270979583263397217e-01
4.290618896484375000e-01
2.942981719970703125e-01
3.097358532249927521e-02
4.483545944094657898e-02
4.559112191200256348e-01
8.138021826744079590e-01
6.126889586448669434e-01
2.106472849845886230e-03
4.209993481636047363e-01
2.863067090511322021e-01
4.353488981723785400e-01
2.835299260914325714e-02
7.888391017913818359e-01
2.902902103960514069e-02
3.542165458202362061e-01
5.621244907379150391e-01
1.274424195289611816e-01
6.165742129087448120e-02
6.177085041999816895e-01
2.533993422985076904e-01
9.404871612787246704e-02
2.578164567239582539e-04
5.977491848170757294e-03
4.665933921933174133e-02
1.335133910179138184e-01
6.228199005126953125e-01
5.199239775538444519e-02
8.320462075062096119e-05
4.654908552765846252e-02
1.089387416839599609e+00
1.535240840166807175e-02
9.589126110076904297e-01
6.615776568651199341e-02
2.002195268869400024e-02
9.302017092704772949e-02
2.335678599774837494e-02
3.459689319133758545e-01
1.115553677082061768e-01
5.036168266087770462e-03
1.280499577522277832e+00
5.944388508796691895e-01
1.828465759754180908e-01
1.565422513522207737e-03
2.067096997052431107e-03
4.186173081398010254e-01
8.024477399885654449e-03
1.323688983917236328e+00
4.084434509277343750e-01
1.866810679435729980e+00
5.094151973724365234e+00
4.785216450691223145e-01
3.283587517216801643e-03
3.482916057109832764e-01
4.673272836953401566e-03
1.915908336639404297e+00
5.255186557769775391e-02
7.832069993019104004e-01
3.350652009248733521e-02
2.521588206291198730e-01
1.623985916376113892e-02
3.190037608146667480e-01
1.337401419878005981e-01
5.717875361442565918e-01
1.175945103168487549e-01
1.008422225713729858e-01
1.942768692970275879e-01
6.134881451725959778e-02
7.505292296409606934e-01
4.136296212673187256e-01
1.805147379636764526e-01
8.758198469877243042e-02
1.256706833839416504e+00
1.832694746553897858e-02
3.397290362045168877e-03
1.339495182037353516e-01
1.186430573463439941e+00
3.235593736171722412e-01
4.506533592939376831e-02
3.270935118198394775e-01
1.130754426121711731e-01
2.555420398712158203e-01
1.066067963838577271e-01
1.201429218053817749e-01
7.891838997602462769e-02
3.521232843399047852e+00
2.177535295486450195e+00
1.687384024262428284e-02
1.777260797098278999e-03
1.127240508794784546e-01
2.664589090272784233e-03
1.375713348388671875e+00
2.332246541976928711e+00
2.692020237445831299e-01
1.013093143701553345e-01
4.214572254568338394e-03
3.714301809668540955e-02
7.126325368881225586e-01
9.135602158494293690e-04
5.059415474534034729e-03
1.164830522611737251e-03
1.473105102777481079e-01
2.403333336114883423e-01
9.827445261180400848e-03
1.369912922382354736e-01
7.504013366997241974e-03
3.889394551515579224e-02
3.464451134204864502e-01
2.813451886177062988e-01
3.529443219304084778e-02
3.428349256515502930e+00
1.435187101364135742e+00
1.181959956884384155e-01
4.705690219998359680e-02
9.857110381126403809e-01
7.874681949615478516e-01
6.509138345718383789e-01
3.205960035324096680e+00
1.580016165971755981e-01
5.474478006362915039e-01
1.986908167600631714e-01
1.526258885860443115e-01
6.904390454292297363e-02
9.842730760574340820e-01
4.730103611946105957e-01
2.225122690200805664e+00
9.849879741668701172e-01
4.809743463993072510e-01
1.614934881217777729e-03
1.041027829051017761e-01
2.638873755931854248e-01
5.044723749160766602e-01
2.219036966562271118e-02
3.644033968448638916e-01
2.244755178689956665e-01
6.570284254848957062e-03
1.059685717336833477e-03
1.431606560945510864e-01
4.533890634775161743e-02
4.406392097473144531e+00
1.038115285336971283e-02
1.048134207725524902e+00
4.434072077274322510e-01
7.430138438940048218e-02
2.320782653987407684e-02
3.680655658245086670e-01
8.046781420707702637e-01
2.915047645568847656e+00
1.957763917744159698e-03
4.103693366050720215e-01
2.984252199530601501e-02
7.153923511505126953e-01
4.487979784607887268e-02
1.095188595354557037e-02
3.537707328796386719e-01
1.028581380844116211e+00
4.735674560070037842e-01
1.394034735858440399e-02
7.988818883895874023e-01
6.964740157127380371e-02
7.547907233238220215e-01
1.039748340845108032e-01
1.128394273109734058e-03
1.124871850013732910e+00
3.023191094398498535e-01
1.313150376081466675e-01
1.526447236537933350e-01
1.150037720799446106e-01
2.198631763458251953e+00
7.239018678665161133e-01
3.618243150413036346e-03
7.331325113773345947e-02
1.218918431550264359e-02
3.972292840480804443e-01
9.104635682888329029e-04
6.589708477258682251e-02
9.422828257083892822e-02
2.695619594305753708e-03
5.133854150772094727e-01
7.982825487852096558e-02
8.043165504932403564e-02
2.752208849415183067e-03
4.198582842946052551e-02
2.050693780183792114e-01
1.630294322967529297e-01
5.590025782585144043e-01
1.535223573446273804e-01
8.562712464481592178e-04
2.058566570281982422e+00
1.396365910768508911e-01
3.875663578510284424e-01
7.688579708337783813e-02
5.998316407203674316e-01
1.369308959692716599e-02
1.220306277275085449e+00
6.727582216262817383e-01
1.676235944032669067e-01
1.396646797657012939e-01
8.025445938110351562e-01
1.126590818166732788e-01
3.254981040954589844e-01
7.171538472175598145e-02
2.261176519095897675e-02
6.145185828208923340e-01
2.412230223417282104e-01
5.761221051216125488e-01
8.033683896064758301e-02
6.368515896610915661e-04
7.210732251405715942e-02
3.529667556285858154e-01
6.286783516407012939e-02
1.299681782722473145e+00
3.068740479648113251e-03
9.225149154663085938e-01
1.247640922665596008e-01
1.654642701148986816e+00
1.674325391650199890e-02
8.619762957096099854e-02
3.482060134410858154e-01
1.367719322443008423e-01
8.634012341499328613e-01
9.632891044020652771e-03
9.152150154113769531e-01
6.926335860043764114e-03
1.751610487699508667e-01
1.648807764053344727e+00
1.434081792831420898e+00
1.073349080979824066e-02
3.645680546760559082e-01
2.012089341878890991e-01
1.530779004096984863e-01
7.425210438668727875e-03
1.971515536308288574e+00
1.976649463176727295e-02
8.699376136064529419e-03
3.492923686280846596e-03
7.709568142890930176e-01
2.284273624420166016e+00
2.127947844564914703e-02
7.841518148779869080e-03
3.087025880813598633e-02
1.848247349262237549e-01
9.777566045522689819e-02
6.193066239356994629e-01
7.631537318229675293e-02
5.733802390750497580e-05
3.460114479064941406e+00
5.802185833454132080e-02
7.478811312466859818e-03
3.545499145984649658e-01
3.504122793674468994e-01
2.976227700710296631e-01
2.916568219661712646e-01
1.623197555541992188e+00
2.561745792627334595e-02
2.159876674413681030e-01
1.115074276924133301e+00
2.841922640800476074e-01
6.936925649642944336e-01
4.377346336841583252e-01
1.400829385966062546e-02
1.970676891505718231e-02
3.023382127285003662e-01
8.510919213294982910e-01
1.250874996185302734e-01
1.036761522293090820e+00
1.991970650851726532e-02
1.531456112861633301e-01
2.160490117967128754e-02
1.683149188756942749e-01
2.063801050186157227e+00
2.479261636734008789e+00
1.843687146902084351e-01
3.175338804721832275e-01
2.073868662118911743e-01
1.910003125667572021e-01
3.571460843086242676e-01
2.436658293008804321e-01
2.866939306259155273e-01
9.900720119476318359e-01
1.517214477062225342e-01
2.072593756020069122e-02
7.186771929264068604e-02
1.012947317212820053e-02
3.952668048441410065e-03
2.599432133138179779e-02
2.216289192438125610e-01
1.390366554260253906e-01
5.298794507980346680e-01
5.309666991233825684e-01
1.665103137493133545e-01
1.425138950347900391e+00
5.611514672636985779e-02
2.787395939230918884e-02
1.632933616638183594e+00
3.120447508990764618e-02
4.543551057577133179e-02
8.515069494023919106e-04
1.263969242572784424e-01
3.447717800736427307e-02
1.706074029207229614e-01
2.359565258026123047e+00
5.862439423799514771e-02
1.450320822186768055e-03
1.189157485961914062e+00
2.098486125469207764e-01
9.855979084968566895e-01
7.469700649380683899e-03
2.087940573692321777e-01
9.050111770629882812e-01
1.988581120967864990e-01
6.448764801025390625e-01
1.778646707534790039e-01
2.220683097839355469e+00
2.504724636673927307e-02
8.980360813438892365e-03
5.842231512069702148e-01
3.525248527526855469e+00
1.686676591634750366e-01
4.457851126790046692e-02
1.560048162937164307e-01
7.466308474540710449e-01
4.641008377075195312e-01
9.276436567306518555e-01
3.265585005283355713e-01
1.520899236202239990e-01
1.783196926116943359e-01
2.718287110328674316e-01
8.849227428436279297e-01
7.138241529464721680e-01
2.362319733947515488e-03
5.621728897094726562e-01
7.979896068572998047e-01
2.074742466211318970e-01
1.045447289943695068e-01
1.875219643115997314e-01
4.320606291294097900e-01
2.510002814233303070e-02
6.039313226938247681e-02
1.286654323339462280e-01
8.133022785186767578e-01
5.634627491235733032e-02
5.271700676530599594e-03
1.452456228435039520e-02
2.265923768281936646e-01
2.792519889771938324e-02
1.649939537048339844e+00
4.257583916187286377e-01
6.577390246093273163e-03
1.599224517121911049e-03
2.092403173446655273e+00
1.709667849354445934e-03
1.031340360641479492e+00
8.036598563194274902e-02
2.922076582908630371e-01
5.731933936476707458e-02
4.217332601547241211e-01
2.103182822465896606e-01
1.157692670822143555e+00
2.220166325569152832e-01
7.193909883499145508e-01
1.572375148534774780e-01
1.038254737854003906e+00
1.461414098739624023e-01
3.817188739776611328e-02
1.074484586715698242e+00
3.797944262623786926e-02
9.123540483415126801e-03
1.741581037640571594e-02
1.186277866363525391e+00
4.881563186645507812e-01
1.404570221900939941e+00
5.252234265208244324e-02
1.484521746635437012e+00
1.027248799800872803e-01
3.316707536578178406e-02
2.782804891467094421e-02
4.938189387321472168e-01
3.443746566772460938e+00
1.353953480720520020e-01
2.101871818304061890e-01
3.512191772460937500e-02
4.760307073593139648e-01
2.239426970481872559e-01
4.927478730678558350e-02
1.386251952499151230e-02
4.566035419702529907e-02
6.744376569986343384e-02
5.847657322883605957e-01
3.355327606201171875e+00
3.444278538227081299e-01
2.412504982203245163e-04
2.884222008287906647e-02
1.509739831089973450e-02
1.354095816612243652e+00
1.624813186936080456e-03
2.393389865756034851e-02
2.692085802555084229e-01
5.941823124885559082e-03
2.499780654907226562e+00
4.772070050239562988e-01
4.127586781978607178e-01
2.039664089679718018e-01
2.124184370040893555e-01
9.594636969268321991e-03
2.305394411087036133e-01
6.969007253646850586e-01
5.172935500741004944e-02
2.535183131694793701e-01
5.813230872154235840e-01
1.345012485980987549e-01
1.689022064208984375e+00
6.352698057889938354e-02
4.889961564913392067e-04
1.695794463157653809e-01
8.314850926399230957e-02
1.422505021095275879e+00
3.004873752593994141e+00
3.391199931502342224e-02
8.824044838547706604e-03
8.866075426340103149e-02
1.047415286302566528e-01
1.276724319905042648e-02
2.845670580863952637e-01
1.421913504600524902e-01
6.337437778711318970e-02
7.099283393472433090e-03
1.671643853187561035e-01
8.376583456993103027e-03
3.038472235202789307e-01
3.443623194471001625e-03
1.039946004748344421e-01
6.951208710670471191e-01
9.330797195434570312e-02
8.613671362400054932e-02
5.832254886627197266e-01
1.086085557937622070e+00
4.356358647346496582e-01
2.397218905389308929e-02
1.309285778552293777e-02
1.080167829059064388e-03
1.927317857742309570e+00
9.817293845117092133e-03
2.443663310259580612e-03
1.136946603655815125e-01
2.585693895816802979e-01
3.414466083049774170e-01
3.095199763774871826e-01
4.230582714080810547e-01
5.770838260650634766e-01
2.026761770248413086e+00
1.874997466802597046e-02
1.237841416150331497e-02
6.908184885978698730e-01
1.235015597194433212e-02
1.061690807342529297e+00
6.917975544929504395e-01
5.994117856025695801e-01
1.637169957160949707e+00
6.683057546615600586e-02
5.515192747116088867e-01
7.229529023170471191e-01
2.778563261032104492e+00
2.560972273349761963e-01
5.314152687788009644e-03
3.503766655921936035e-02
6.077708676457405090e-02
8.035897016525268555e-01
2.508510053157806396e-01
3.799217939376831055e-02
9.751727581024169922e-01
1.760311797261238098e-02
6.140709519386291504e-01
1.305315196514129639e-01
1.319535821676254272e-01
4.020347259938716888e-03
1.736639618873596191e+00
2.345932722091674805e-01
4.303687512874603271e-01
1.277434527873992920e-01
2.771661996841430664e+00
5.355298053473234177e-03
1.490065455436706543e+00
2.297240309417247772e-02
7.428621649742126465e-01
6.712270434945821762e-03
2.230357564985752106e-02
2.497934736311435699e-02
9.895436465740203857e-03
2.908657118678092957e-02
1.194514513015747070e+00
5.908169150352478027e-01
2.182922959327697754e-01
1.733051091432571411e-01
1.834280729293823242e+00
3.942921459674835205e-01
5.869510397315025330e-02
1.884160339832305908e-01
6.539358496665954590e-01
1.218232631683349609e+00
9.191697463393211365e-03
3.775982856750488281e-01
2.060684204101562500e+00
5.848466157913208008e-01
6.426264997571706772e-03
3.689375519752502441e-01
6.762900352478027344e-01
7.464618682861328125e-01
1.114244580268859863e+00
5.896404981613159180e-01
1.185548608191311359e-03
2.547057718038558960e-02
1.028723665513098240e-03
1.074019968509674072e-01
5.426198244094848633e-01
6.709992885589599609e-02
3.885544836521148682e-01
3.697109175845980644e-03
3.190432861447334290e-02
3.864444196224212646e-01
7.251352816820144653e-02
1.696291938424110413e-02
6.955368518829345703e-01
1.698725968599319458e-01
5.020393058657646179e-03
1.420283764600753784e-01
7.264919281005859375e-01
3.692058920860290527e-01
8.476065099239349365e-02
1.916587591171264648e+00
1.628472447395324707e+00
3.411895036697387695e-01
2.654224932193756104e-01
1.635411530733108521e-01
1.329095248365774751e-04
4.229843034408986568e-04
7.169640809297561646e-02
3.419154584407806396e-01
1.909800320863723755e-01
1.052471548318862915e-01
5.032511711120605469e+00
4.517405033111572266e-01
9.122114777565002441e-01
4.722518622875213623e-01
7.443585395812988281e-01
8.862270116806030273e-01
1.183899194002151489e-01
3.536803424358367920e-01
1.147656980901956558e-02
5.211670994758605957e-01
7.132131722755730152e-04
5.893790721893310547e-01
4.429568350315093994e-01
2.235431522130966187e-01
1.763652861118316650e-01
1.524114757776260376e-01
5.337087064981460571e-02
3.363549010828137398e-03
3.831110298633575439e-01
5.074321627616882324e-01
9.166475385427474976e-02
9.123673439025878906e-01
8.909213542938232422e-02
6.235671639442443848e-01
2.116067558526992798e-01
4.674451947212219238e-01
9.453302621841430664e-01
1.316037476062774658e-01
1.229281164705753326e-02
9.700348973274230957e-02
3.390321135520935059e-01
8.586392737925052643e-03
3.411546815186738968e-03
6.284084320068359375e-01
8.027906878851354122e-04
3.021953068673610687e-02
5.146825686097145081e-03
9.718012996017932892e-03
1.227644365280866623e-02
4.156836271286010742e-01
1.153194427490234375e+00
7.152459025382995605e-01
4.331127565819770098e-04
1.884233905002474785e-03
1.808671802282333374e-01
5.676498413085937500e-01
7.527936995029449463e-02
5.877674557268619537e-04
4.267324507236480713e-01
1.556717604398727417e-01
7.290682196617126465e-02
1.267306357622146606e-01
2.335690334439277649e-02
3.469312489032745361e-01
1.397192001342773438e+00
1.303696818649768829e-02
1.557320594787597656e+00
7.020154735073447227e-04
3.595889568328857422e+00
4.856745526194572449e-02
7.867543697357177734e-01
1.209220513701438904e-01
1.818216443061828613e+00
7.666080445051193237e-02
2.850837074220180511e-02
2.305241941940039396e-04
3.419764995574951172e+00
1.153052896261215210e-01
9.427525103092193604e-02
3.323442116379737854e-02
3.655283749103546143e-01
1.407611835747957230e-02
2.397218227386474609e+00
1.250606179237365723e+00
8.540664911270141602e-01
1.232460257597267628e-03
7.838865518569946289e-01
9.488426446914672852e-01
2.094433069229125977e+00
2.652667164802551270e-01
8.446575999259948730e-01
3.929173946380615234e-02
1.173879834823310375e-03
5.833520293235778809e-01
4.519263803958892822e-01
1.832796782255172729e-01
2.932773670181632042e-03
1.134128794074058533e-01
4.864136874675750732e-01
1.443876177072525024e-01
1.407667636871337891e+00
8.571401238441467285e-02
3.581597702577710152e-04
1.656357169151306152e+00
8.353638648986816406e-01
2.151518315076828003e-02
3.604677617549896240e-01
1.554368354845792055e-04
1.148755894973874092e-03
1.183959655463695526e-02
1.264651119709014893e-01
1.556404586881399155e-02
5.547523126006126404e-02
4.085649847984313965e-01
7.358944974839687347e-03
1.862935372628271580e-03
5.494678974151611328e+00
2.500222921371459961e-01
7.751046419143676758e-01
1.377124339342117310e-01
1.894979178905487061e-01
3.519127070903778076e-01
5.093336105346679688e-02
4.584706425666809082e-01
2.962118625640869141e+00
1.470934512326493859e-04
2.691776037216186523e+00
1.270129919052124023e+00
4.773558378219604492e-01
7.945902943611145020e-01
1.465408802032470703e+00
3.955834209918975830e-01
2.631763517856597900e-01
5.168097019195556641e-01
2.316473051905632019e-02
1.329223066568374634e-01
2.176568210124969482e-01
5.798226222395896912e-02
3.505089879035949707e-01
2.490576952695846558e-01
1.238915920257568359e-01
5.112668275833129883e-01
1.805888116359710693e-02
4.433485865592956543e-01
8.993373811244964600e-02
2.291927672922611237e-02
8.424379229545593262e-01
5.053169131278991699e-01
1.440235227346420288e-01
4.446101188659667969e-01
3.323984798043966293e-03
2.836944721639156342e-02
1.760065741837024689e-02
3.963438421487808228e-02
3.821433484554290771e-01
1.005713175982236862e-02
3.720929026603698730e-01
2.248833701014518738e-02
2.355043590068817139e-02
5.675748456269502640e-03
2.533390372991561890e-02
1.145272970199584961e+00
7.431533187627792358e-02
1.380877971649169922e+00
1.562871411442756653e-02
1.444716006517410278e-01
1.272460103034973145e+00
2.327293753623962402e-01
1.163575500249862671e-01
6.147168111056089401e-03
9.114163694903254509e-04
1.166384339332580566e+00
8.571028709411621094e-01
2.663584612309932709e-02
6.601716578006744385e-02
8.082196116447448730e-02
2.465168088674545288e-01
2.458519697189331055e+00
3.137786407023668289e-03
8.397397994995117188e-01
5.113923549652099609e-01
6.453318595886230469e-01
4.343397542834281921e-02
7.638397510163486004e-04
2.249783277511596680e+00
4.805363714694976807e-01
2.136314846575260162e-02
8.025596141815185547e-01
5.538967847824096680e-01
1.920783758163452148e+00
5.157074928283691406e-01
1.107112169265747070e+00
8.463983982801437378e-02
3.067651763558387756e-02
4.786910414695739746e-01
6.176299601793289185e-02
1.996241807937622070e-01
4.131340980529785156e-01
1.199981942772865295e-01
2.315349131822586060e-01
3.913241252303123474e-02
1.144127994775772095e-01
1.576578244566917419e-02
1.239932537078857422e+00
7.692726850509643555e-01
9.450954943895339966e-02
2.702532149851322174e-02
2.009667158126831055e+00
7.597371935844421387e-01
5.820234417915344238e-01
5.743192508816719055e-03
3.349685370922088623e-01
2.717602474149316549e-04
8.572206497192382812e-01
1.180843487381935120e-01
1.221726834774017334e-01
2.499706745147705078e-01
4.446041584014892578e-01
5.277037154883146286e-03
4.557747244834899902e-01
2.077742852270603180e-02
1.058915853500366211e+00
8.414990305900573730e-01
3.540029376745223999e-02
9.139578342437744141e-01
1.004786929115653038e-03
7.539187669754028320e-01
2.149014025926589966e-01
2.212390862405300140e-02
7.071626186370849609e-01
4.763618856668472290e-02
5.223136544227600098e-01
1.066348314285278320e+00
2.523342263884842396e-04
2.632828474044799805e+00
8.530197292566299438e-02
7.934811115264892578e-01
3.747293055057525635e-01
5.355758666992187500e-01
7.604153454303741455e-02
8.058036118745803833e-02
3.631647559814155102e-04
1.150792166590690613e-01
3.390623629093170166e-02
3.064931929111480713e-01
3.367619961500167847e-02
7.825411157682538033e-04
8.442528247833251953e-01
5.055161714553833008e-01
2.447468694299459457e-03
5.092077255249023438e-01
6.592394709587097168e-01
3.242440288886427879e-05
3.415545821189880371e-02
9.175160899758338928e-03
2.473511267453432083e-03
7.147260904312133789e-01
2.853454053401947021e-01
7.999080419540405273e-02
4.461529850959777832e-01
4.002153575420379639e-01
9.923455119132995605e-02
6.565282344818115234e-01
3.783367946743965149e-02
1.912405341863632202e-02
1.909532397985458374e-01
7.217319011688232422e-01
2.967920005321502686e-01
3.446301445364952087e-02
4.407677352428436279e-01
8.004252612590789795e-02
7.959200143814086914e-01
2.300853252410888672e+00
1.929923077113926411e-03
8.143256604671478271e-02
4.044038951396942139e-01
6.939230114221572876e-02
1.311883807182312012e+00
3.435198217630386353e-02
5.945583689026534557e-04
1.475272774696350098e+00
2.066766262054443359e+00
1.991414904594421387e+00
6.302925199270248413e-02
1.271898671984672546e-02
2.913534641265869141e-01
5.322382971644401550e-02
6.143940240144729614e-02
3.786811232566833496e-02
6.454454734921455383e-03
1.352190017700195312e+00
5.918185040354728699e-02
1.131336763501167297e-01
1.668944396078586578e-02
1.108340024948120117e-01
3.941757678985595703e-01
6.638982146978378296e-02
4.125501960515975952e-02
7.083185482770204544e-03
8.564308881759643555e-01
1.490102052688598633e+00
1.407905369997024536e-01
1.565839499235153198e-01
3.754145205020904541e-01
4.812118783593177795e-02
2.053174003958702087e-02
6.093572974205017090e-01
1.803250312805175781e-01
2.799998037517070770e-03
1.132481098175048828e-01
6.372161954641342163e-02
7.188802212476730347e-02
2.592257559299468994e-01
3.621792793273925781e-01
5.085789561271667480e-01
1.063853618688881397e-03
4.734177589416503906e-01
1.979037970304489136e-01
2.064980268478393555e+00
1.464724191464483738e-03
3.720994889736175537e-01
4.266755878925323486e-01
5.389274358749389648e-01
8.321059346199035645e-01
3.626382648944854736e-01
1.340167671442031860e-01
5.096005201339721680e-01
4.076861310750246048e-03
1.837818324565887451e-01
3.428371846675872803e-01
7.669380307197570801e-01
1.003780364990234375e-01
9.360991418361663818e-02
7.596700787544250488e-01
6.015894412994384766e-01
3.573255962692201138e-04
1.295703172683715820e+00
1.889936625957489014e-02
1.317639827728271484e+00
1.594086438417434692e-01
6.694996356964111328e-01
8.597241640090942383e-01
1.838464848697185516e-02
8.146047592163085938e-02
2.102773189544677734e+00
1.138728737831115723e+00
1.155838817358016968e-01
1.477823108434677124e-01
3.336713016033172607e-01
3.398533165454864502e-01
1.095294579863548279e-01
3.301973342895507812e-01
1.492576003074645996e+00
2.786327153444290161e-03
3.979804813861846924e-01
9.512456133961677551e-03
1.741358451545238495e-02
1.869720779359340668e-02
4.075253903865814209e-01
6.137224659323692322e-02
7.581220706924796104e-04
2.634343504905700684e-01
7.324338555335998535e-01
6.003889441490173340e-02
7.498711943626403809e-01
4.587865248322486877e-02
1.177443563938140869e-01
1.409233920276165009e-02
9.702088832855224609e-01
6.895716786384582520e-01
5.132831167429685593e-03
1.192389011383056641e+00
2.728328399825841188e-04
1.313657616265118122e-03
4.012036025524139404e-01
2.186198905110359192e-02
6.736758947372436523e-01
9.353442192077636719e-01
3.506355285644531250e-01
3.609319403767585754e-02
1.514704108238220215e+00
5.366368293762207031e-01
7.718149423599243164e-01
7.271964568644762039e-03
6.469252109527587891e-01
7.534194737672805786e-02
2.075872868299484253e-01
6.951185315847396851e-02
1.181383728981018066e-01
6.997891515493392944e-02
1.165674254298210144e-01
1.673934012651443481e-01
8.660613559186458588e-03
1.201751679182052612e-01
1.233126163482666016e+00
2.427858486771583557e-02
5.857280492782592773e-01
7.235741941258311272e-05
3.437075763940811157e-02
2.141085714101791382e-01
1.822722144424915314e-02
1.292226195335388184e+00
1.011895164847373962e-01
8.763779699802398682e-02
5.554994344711303711e-01
5.860606953501701355e-02
2.633795607835054398e-03
1.205504033714532852e-02
4.561388492584228516e-02
5.393623188138008118e-02
1.574807465076446533e-01
1.258009195327758789e+00
2.559171915054321289e-01
1.429132185876369476e-03
6.105249524116516113e-01
9.801351698115468025e-04
7.846167683601379395e-01
6.853789836168289185e-02
3.468618914484977722e-02
3.226657211780548096e-01
1.193022489547729492e+00
8.320850878953933716e-02
6.164228543639183044e-03
6.892830878496170044e-02
4.532922431826591492e-02
2.301030397415161133e+00
1.637115478515625000e+00
4.248047247529029846e-03
2.374916896224021912e-02
1.375606298446655273e+00
4.836087301373481750e-02
3.359190225601196289e-01
1.945968270301818848e-01
5.687483120709657669e-03
2.040101587772369385e-01
7.352199871093034744e-03
3.404508531093597412e-02
3.802570747211575508e-03
2.108718305826187134e-01
2.055572271347045898e-01
2.158932154998183250e-03
3.358234405517578125e+00
5.471527576446533203e-01
2.115873545408248901e-01
5.783038735389709473e-01
9.075137376785278320e-01
3.850279450416564941e-01
1.092939451336860657e-01
2.748502492904663086e-01
4.218720495700836182e-01
6.127493381500244141e-01
1.452243775129318237e-01
7.474143058061599731e-05
6.386584602296352386e-03
2.631947696208953857e-01
2.886688895523548126e-02
9.603180736303329468e-02
5.677738785743713379e-01
5.898958444595336914e-01
8.397518098354339600e-02
9.054915606975555420e-02
1.177656836807727814e-02
2.152323350310325623e-02
8.527099341154098511e-02
1.195762872695922852e+00
1.028782781213521957e-02
1.896990418434143066e+00
2.743621915578842163e-02
2.341142147779464722e-01
1.658548861742019653e-01
7.075443863868713379e-01
6.807172298431396484e-02
4.387395922094583511e-03
3.066754341125488281e-01
1.472126314183697104e-04
3.391241729259490967e-01
1.947716772556304932e-01
1.808312654495239258e+00
6.368499994277954102e-01
2.034065872430801392e-02
2.475670480635017157e-04
1.162449130788445473e-03
5.162871628999710083e-02
4.444838967174291611e-03
3.638435387983918190e-03
2.653138041496276855e-01
8.921698480844497681e-02
4.716766998171806335e-02
5.758534534834325314e-04
1.261556893587112427e-01
1.579794287681579590e-01
4.140017181634902954e-02
2.314457856118679047e-02
2.076239347457885742e+00
1.858641803264617920e-01
1.700686849653720856e-02
3.972375392913818359e-01
3.332895925268530846e-03
5.831462517380714417e-02
3.141470486298203468e-03
4.977880716323852539e-01
2.529123425483703613e-01
1.256881356239318848e+00
6.880242824554443359e-01
7.661029812879860401e-04
1.693692356348037720e-01
1.327943682670593262e+00
1.997977018356323242e+00
2.063490629196166992e+00
9.214594364166259766e-01
6.140815615653991699e-01
3.687576651573181152e-01
1.087760403752326965e-01
8.774564266204833984e-01
6.852699071168899536e-02
9.093063883483409882e-03
7.451764941215515137e-01
4.826422333717346191e-01
5.933131575584411621e-01
2.801144495606422424e-02
2.315371781587600708e-01
2.167723029851913452e-01
4.207647219300270081e-02
1.501060724258422852e+00
3.425655663013458252e-01
1.110975630581378937e-02
9.270865917205810547e-01
6.709272861480712891e-01
2.140515670180320740e-02
2.363461256027221680e-01
1.738571822643280029e-01
2.737110713496804237e-03
1.640884757041931152e+00
4.324606359004974365e-01
5.015055183321237564e-03
2.054219096899032593e-01
4.604478478431701660e-01
3.240520358085632324e-01
1.052707910537719727e+00
5.952369887381792068e-03
2.958226948976516724e-02
1.000901088118553162e-01
2.696124911308288574e-01
1.633225828409194946e-01
5.106235146522521973e-01
1.099881291389465332e+00
2.274426631629467010e-02
1.758367381989955902e-02
1.136441156268119812e-01
1.561912298202514648e-01
3.881000280380249023e-01
1.897870600223541260e-01
4.713087379932403564e-01
1.319550275802612305e+00
9.821631014347076416e-02
6.128468364477157593e-02
1.314039062708616257e-02
5.562185775488615036e-03
4.152794480323791504e-01
1.327821254730224609e+00
4.659034311771392822e-03
7.646043300628662109e-01
1.049322247505187988e+00
1.456674002110958099e-02
1.123206138610839844e+00
6.719857454299926758e-02
1.380324125289916992e+00
7.903872728347778320e-01
2.322204113006591797e-01
3.565661311149597168e-01
8.414821624755859375e-01
1.701462417840957642e-01
2.281564520671963692e-03
3.696994781494140625e-01
1.393070723861455917e-02
9.661878943443298340e-01
2.753971815109252930e-01
2.592894714325666428e-03
3.766696155071258545e-01
1.557229757308959961e-01
1.238204985857009888e-01
1.701448917388916016e+00
5.909957408905029297e+00
6.409457921981811523e-01
1.879712194204330444e-02
1.289224624633789062e+00
2.942876657471060753e-03
4.364488646388053894e-02
4.021866992115974426e-02
2.285124212503433228e-01
6.497696638107299805e-01
1.375728249549865723e+00
1.202374100685119629e+00
1.001796200871467590e-01
4.722782596945762634e-02
9.579228162765502930e-01
5.251545906066894531e-01
1.663968665525317192e-03
4.219922125339508057e-01
8.726646304130554199e-01
2.948280274868011475e-01
8.857483975589275360e-03
1.778551936149597168e-01
4.163736701011657715e-01
1.516808476299047470e-02
1.621132612228393555e+00
1.730630993843078613e+00
2.481167577207088470e-02
2.661483764648437500e+00
1.098193824291229248e-01
3.792389482259750366e-02
5.688636302947998047e-01
1.612709462642669678e-01
2.728529870510101318e-01
6.796813011169433594e-01
2.512240111827850342e-01
3.311817049980163574e-01
9.140220880508422852e-01
8.442767858505249023e-01
8.639103733003139496e-03
4.415511608123779297e+00
1.408857759088277817e-02
1.035201177000999451e-02
3.452566266059875488e-02
9.684963524341583252e-02
6.241854429244995117e-01
4.021416008472442627e-01
1.872691154479980469e+00
7.072371840476989746e-01
2.639425098896026611e-01
4.372454062104225159e-02
4.706475138664245605e-02
1.015567034482955933e-02
8.865488171577453613e-01
3.430339694023132324e-01
1.737351179122924805e+00
3.444828391075134277e-01
3.475652933120727539e-01
5.090608727186918259e-03
2.630987465381622314e-01
1.888065785169601440e-01
1.593304723501205444e-01
5.528923869132995605e-01
1.211883127689361572e-01
4.549064487218856812e-02
2.822954893112182617e+00
1.138581275939941406e+00
4.742097258567810059e-01
1.806879520416259766e+00
1.381861865520477295e-01
4.748148098587989807e-02
6.713592410087585449e-01
3.408152759075164795e-01
2.118897587060928345e-01
7.977662980556488037e-02
3.854579925537109375e-01
2.058148942887783051e-02
3.537996113300323486e-01
1.807162463665008545e-01
8.659852743148803711e-01
2.747453516349196434e-03
6.874903440475463867e-01
2.885716035962104797e-02
2.979624569416046143e-01
5.952284336090087891e-01
2.330327639356255531e-03
3.703419208526611328e+00
1.937053203582763672e-01
2.397165168076753616e-03
4.914415478706359863e-01
1.173914223909378052e-01
3.440063893795013428e-01
2.361442297697067261e-01
4.616888761520385742e-01
8.347404003143310547e-02
1.319956779479980469e-01
2.478958107531070709e-02
6.522438023239374161e-03
2.662924584001302719e-03
5.344839766621589661e-02
2.924375832080841064e-01
6.196593493223190308e-02
1.243317604064941406e+00
2.438998520374298096e-01
2.800242900848388672e-01
5.006105899810791016e-01
1.944386400282382965e-02
2.786746621131896973e-02
1.793444273062050343e-03
1.355234384536743164e+00
1.508528017438948154e-03
3.030708245933055878e-02
4.289050102233886719e-01
3.048280775547027588e-01
3.192397654056549072e-01
6.106485724449157715e-01
2.072361111640930176e-01
1.452450007200241089e-01
1.506673336029052734e+00
1.236151205375790596e-03
1.784669011831283569e-01
5.590769648551940918e-01
4.402621998451650143e-04
9.941945225000381470e-02
8.869321346282958984e-01
1.376102685928344727e+00
4.717885982245206833e-03
5.067310109734535217e-02
3.944092988967895508e-01
2.950978577136993408e-01
6.592588424682617188e-01
5.536078214645385742e-01
2.870114147663116455e-02
2.586596012115478516e-01
4.561616480350494385e-02
2.976037794724106789e-03
2.149907350540161133e-01
1.216775625944137573e-01
2.730967290699481964e-02
6.829056143760681152e-01
1.442995965480804443e-01
7.221193052828311920e-03
2.675562910735607147e-02
7.340200543403625488e-01
5.776491165161132812e-01
8.322540670633316040e-02
3.097127377986907959e-02
3.527476310729980469e+00
4.384200274944305420e-01
1.263330698013305664e+00
2.218010835349559784e-02
2.138170227408409119e-02
1.252015233039855957e-01
1.941849477589130402e-02
1.437645107507705688e-01
3.845102339982986450e-02
1.845522038638591766e-02
6.453164666891098022e-02
7.284871935844421387e-01
2.093758136034011841e-01
8.483283519744873047e-01
1.351538419723510742e+00
3.138737287372350693e-03
7.046642154455184937e-02
8.836113661527633667e-02
2.172943592071533203e+00
2.275489717721939087e-01
1.006822567433118820e-02
1.177645009011030197e-02
1.383180320262908936e-01
1.246311664581298828e+00
6.808129698038101196e-02
7.555658817291259766e-01
2.646411121531855315e-05
6.130334734916687012e-01
4.822172224521636963e-03
8.337597246281802654e-04
3.303041309118270874e-02
2.138978838920593262e-01
1.451033353805541992e-01
2.358292043209075928e-01
3.588785650208592415e-03
1.137765407562255859e+00
2.424996048212051392e-01
2.877665758132934570e-01
1.295812986791133881e-02
6.798496246337890625e-01
1.003238838165998459e-03
5.268272012472152710e-02
6.114722490310668945e-01
3.979353010654449463e-01
3.716833591461181641e-01
1.268202718347311020e-02
6.216257810592651367e-01
5.213222503662109375e-01
3.481169462203979492e+00
3.894753158092498779e-01
6.742615997791290283e-02
8.363830298185348511e-02
3.141214251518249512e-01
4.294003248214721680e-01
4.503597617149353027e-01
7.661091089248657227e-01
1.624032855033874512e-02
1.940543204545974731e-01
2.173182666301727295e-01
1.768098920583724976e-01
8.904537389753386378e-05
5.250711459666490555e-03
5.024863034486770630e-02
4.412676207721233368e-03
5.066057667136192322e-03
6.864863038063049316e-01
2.560294270515441895e-01
1.793196678161621094e+00
1.858862489461898804e-02
6.171547174453735352e-01
9.942797422409057617e-01
8.290820121765136719e-01
2.042742729187011719e+00
5.666262656450271606e-02
4.908535163849592209e-03
1.100354343652725220e-01
1.016434311866760254e+00
3.273460626602172852e+00
1.231603145599365234e+00
1.710103750228881836e-01
3.065294120460748672e-03
5.658321082592010498e-02
1.749348044395446777e-01
9.640936851501464844e-01
9.596078991889953613e-01
2.324972748756408691e-01
1.372838616371154785e-01
1.132100075483322144e-01
3.154851496219635010e-02
9.333075024187564850e-03
1.648854115046560764e-03
4.764157347381114960e-03
9.732511639595031738e-01
3.442133367061614990e-01
5.053381994366645813e-02
2.239716649055480957e-01
1.873815804719924927e-02
2.970041632652282715e-01
2.183708697557449341e-01
6.278877854347229004e-01
2.106017619371414185e-02
1.117835193872451782e-01
2.785958349704742432e-01
3.870622441172599792e-02
3.961662575602531433e-02
1.662367209792137146e-02
8.041669428348541260e-02
6.321916580200195312e-01
5.849504843354225159e-03
4.037964642047882080e-01
4.752767737954854965e-03
3.628605604171752930e-01
7.547272741794586182e-02
2.807445228099822998e-01
1.241667494177818298e-01
3.232494229450821877e-03
7.899263291619718075e-04
2.549951337277889252e-02
6.629811972379684448e-02
3.628933103755116463e-03
4.057301580905914307e-02
9.301832318305969238e-02
1.752515882253646851e-01
2.881390810012817383e+00
2.438074210658669472e-03
5.552701652050018311e-03
2.535521686077117920e-01
2.026349604129791260e-01
5.366977453231811523e-01
1.309484541416168213e-01
2.808232009410858154e-01
1.112024858593940735e-02
9.119698405265808105e-01
2.805029392242431641e+00
4.223704710602760315e-02
3.200662508606910706e-02
1.330608010292053223e+00
8.064032793045043945e-01
1.857108291005715728e-04
6.244627386331558228e-02
6.529845595359802246e-01
1.533455729484558105e+00
4.718211293220520020e-02
6.246371776796877384e-05
5.206235647201538086e-01
9.152051806449890137e-02
3.825494647026062012e-01
8.711121082305908203e-01
4.319702386856079102e-01
1.675370931625366211e-01
3.924703970551490784e-02
3.418297469615936279e-01
7.882761210203170776e-02
5.559734106063842773e-01
2.179214477539062500e+00
2.611825168132781982e-01
2.963928222656250000e+00
1.371749490499496460e-01
2.086867541074752808e-01
6.897631883621215820e-01
6.717249751091003418e-02
2.548045516014099121e-01
1.159449964761734009e-01
3.443931341171264648e-01
1.333083957433700562e-01
3.081327304244041443e-02
9.312520176172256470e-02
1.012871190905570984e-01
1.172329336404800415e-01
8.224429562687873840e-03
2.495134025812149048e-01
2.980455458164215088e-01
1.229282259941101074e+00
1.128515228629112244e-01
7.765841484069824219e-01
7.661684751510620117e-01
1.797177270054817200e-02
1.145111396908760071e-02
1.638345569372177124e-01
3.633446758612990379e-03
1.110019326210021973e+00
1.845088973641395569e-02
7.259055972099304199e-01
1.822312362492084503e-02
4.839381575584411621e-01
5.240685120224952698e-02
1.331974506378173828e+00
4.670425318181514740e-03
1.414571166038513184e+00
3.979807198047637939e-01
6.612205505371093750e-02
7.098143696784973145e-01
1.702764630317687988e+00
1.851490139961242676e-01
1.928060412406921387e+00
1.016021743416786194e-01
5.097844824194908142e-02
1.021139025688171387e-01
2.841116115450859070e-02
9.108209051191806793e-04
1.589319258928298950e-01
2.077593058347702026e-01
5.067899450659751892e-02
1.904791593551635742e-02
1.109972238540649414e+00
2.211091071367263794e-01
4.473957419395446777e-01
2.741952836513519287e-01
3.121299743652343750e+00
1.369550228118896484e+00
3.244691491127014160e-01
4.976817965507507324e-02
3.471071645617485046e-02
4.944147169589996338e-02
1.429529786109924316e-01
1.236641854047775269e-01
1.966928720474243164e+00
1.253076177090406418e-02
3.763129562139511108e-02
1.139575906563550234e-04
9.154526591300964355e-01
1.182422861456871033e-01
4.597816616296768188e-02
2.179341912269592285e-01
3.333932459354400635e-01
4.144775122404098511e-02
2.703077532351016998e-02
3.775210678577423096e-01
9.214866757392883301e-01
2.943761646747589111e-01
5.377597808837890625e-01
3.096387721598148346e-02
1.967444270849227905e-01
4.028267785906791687e-02
3.241629898548126221e-01
1.610895618796348572e-02
2.878254055976867676e-01
1.100930664688348770e-02
2.735733389854431152e-01
1.166009455919265747e-01
9.942657947540283203e-01
1.814619302749633789e-01
8.374032378196716309e-01
5.093638896942138672e-01
9.328071773052215576e-02
7.985246926546096802e-02
4.751376435160636902e-02
3.215936720371246338e-01
7.636660933494567871e-01
1.352229970507323742e-03
1.789431720972061157e-01
4.289290681481361389e-02
4.287790060043334961e-01
1.388625800609588623e-01
9.511543810367584229e-02
1.375758886337280273e+00
3.274209499359130859e-01
1.456153695471584797e-03
9.833641052246093750e-01
4.171039104461669922e+00
1.458891434594988823e-03
1.650682449340820312e+00
1.539814949035644531e+00
9.104995056986808777e-03
1.865148246288299561e-01
1.208171248435974121e-03
2.858310937881469727e-01
3.793881461024284363e-02
1.132019042968750000e+00
7.258015871047973633e-02
1.284042000770568848e+00
6.108069326728582382e-03
3.532121181488037109e-01
3.030326589941978455e-02
5.932962894439697266e-01
3.921908864867873490e-05
5.082176253199577332e-02
2.094330489635467529e-01
2.321727991104125977e+00
6.955444067716598511e-02
2.667633593082427979e-01
5.245628580451011658e-02
1.007471606135368347e-02
2.952938675880432129e-01
9.092834591865539551e-02
1.939561963081359863e+00
3.304142737761139870e-03
2.573365688323974609e+00
3.933781385421752930e-02
3.474510507658123970e-03
1.081838130950927734e+00
3.574267148971557617e+00
1.305297110229730606e-02
1.290376204997301102e-02
3.259977996349334717e-01
7.172337174415588379e-02
1.304184198379516602e-01
6.479222774505615234e-01
6.035239621996879578e-02
5.302826687693595886e-02
2.110117077827453613e-01
3.571232259273529053e-01
4.468419402837753296e-02
1.846341229975223541e-02
6.957534700632095337e-02
1.290433645248413086e+00
5.630030110478401184e-02
3.290826862212270498e-04
7.980818152427673340e-01
5.809446331113576889e-03
9.401336312294006348e-03
3.630738705396652222e-02
3.833561390638351440e-02
5.407223701477050781e-01
1.036900095641613007e-02
1.358419418334960938e+00
1.658122986555099487e-02
2.388197481632232666e-01
1.241994142532348633e+00
8.609810471534729004e-02
1.874356865882873535e-01
1.527241319417953491e-01
9.726322605274617672e-04
2.811472117900848389e-02
3.081211633980274200e-02
5.032526254653930664e-01
7.197365760803222656e-01
9.963186457753181458e-03
1.135944277048110962e-01
3.235737085342407227e-01
6.039043888449668884e-02
1.362825161777436733e-03
1.304627805948257446e-01
1.056708628311753273e-03
2.905227184295654297e+00
5.644902586936950684e-01
4.530329406261444092e-01
5.283361673355102539e-01
1.387451216578483582e-02
9.761692956089973450e-03
8.550927639007568359e-01
2.178686261177062988e-01
1.561545252799987793e+00
7.502357009798288345e-03
3.796732723712921143e-01
4.705120325088500977e-01
1.386404875665903091e-02
1.034370735287666321e-01
4.585096836090087891e-01
2.756004631519317627e-01
3.146999776363372803e-01
2.664159238338470459e-01
1.608158826828002930e+00
1.125899609178304672e-02
2.465862780809402466e-02
8.061258122324943542e-04
7.297398149967193604e-02
2.470468543469905853e-02
1.839758396148681641e+00
3.085765987634658813e-02
3.414601087570190430e-02
3.058818913996219635e-02
1.349655151367187500e+00
9.675123691558837891e-01
1.141547262668609619e-01
1.466642141342163086e+00
3.295706817880272865e-03
7.503539789468050003e-03
3.820621641352772713e-03
5.320997714996337891e+00
2.167377853766083717e-03
6.931578367948532104e-02
5.573527812957763672e-01
5.732697844505310059e-01
2.056984929367899895e-03
5.247107744216918945e-01
2.543725073337554932e-01
5.385619997978210449e-01
2.015043646097183228e-01
8.353150486946105957e-01
1.395308375358581543e-01
8.468616753816604614e-02
5.420067310333251953e+00
2.686977982521057129e-01
2.473392523825168610e-03
1.684285380179062486e-04
5.339426547288894653e-02
1.347176451236009598e-02
9.708173274993896484e-01
3.110278956592082977e-02
6.281019449234008789e-01
2.514606341719627380e-02
1.450645774602890015e-01
1.451696455478668213e-01
2.938665822148323059e-02
6.960114836692810059e-02
2.757925271987915039e+00
3.529412150382995605e-01
8.518795967102050781e-01
2.274692952632904053e-01
9.169491007924079895e-03
9.274891018867492676e-02
3.838122785091400146e-01
6.168494001030921936e-03
1.867433190345764160e-01
3.104382157325744629e-01
8.307555317878723145e-02
1.684036701917648315e-01
1.044346809387207031e+00
2.681663334369659424e-01
3.093922436237335205e-01
1.151589006185531616e-01
1.831547170877456665e-01
1.156408041715621948e-01
9.775903224945068359e-01
1.488541811704635620e-01
3.959707021713256836e-01
3.789255023002624512e-01
2.976959645748138428e-01
2.543736994266510010e-01
2.047379493713378906e+00
3.384384214878082275e-01
1.767327450215816498e-02
3.763617714866995811e-03
3.553030788898468018e-01
5.947409272193908691e-01
3.868784988299012184e-04
1.747378259897232056e-01
9.772551059722900391e-01
4.564461763948202133e-03
1.652002334594726562e-02
1.779847621917724609e+00
1.846797615289688110e-01
4.024684056639671326e-02
1.876856782473623753e-03
9.023735672235488892e-02
4.525038599967956543e-01
2.994579030200839043e-03
5.260709524154663086e-01
9.429205656051635742e-01
2.839921712875366211e-01
1.997988671064376831e-02
8.473406434059143066e-01
2.723660469055175781e-01
4.937360994517803192e-03
2.203553169965744019e-01
1.809320449829101562e-01
6.225598230957984924e-02
4.070744812488555908e-01
1.380702573806047440e-02
2.786350727081298828e+00
2.243156671524047852e+00
7.790150493383407593e-02
1.816354133188724518e-02
1.053476214408874512e+00
1.209692656993865967e-01
8.699849247932434082e-03
1.897917836904525757e-01
1.170550137758255005e-01
1.142626285552978516e+00
5.187859293073415756e-03
2.289768457412719727e+00
3.337647393345832825e-02
3.403705777600407600e-03
5.113970637321472168e-01
5.195120349526405334e-02
4.923634827136993408e-01
8.067324757575988770e-01
2.086294740438461304e-01
1.435798360034823418e-03
1.417962312698364258e+00
8.235728144645690918e-01
4.081538021564483643e-01
6.856227666139602661e-02
1.815616488456726074e-01
8.554871082305908203e-01
1.651899516582489014e-01
1.750894077122211456e-02
2.002172470092773438e-01
1.436460912227630615e-01
6.134155988693237305e-01
4.069283902645111084e-01
6.826536357402801514e-02
1.340398043394088745e-01
7.540468573570251465e-01
1.187569975852966309e+00
4.348105192184448242e-01
4.382968246936798096e-01
3.720672726631164551e-01
5.459857732057571411e-02
3.863305598497390747e-02
2.930331043899059296e-02
3.141874372959136963e-01
4.531898796558380127e-01
8.649910241365432739e-02
6.710392236709594727e-01
8.519546389579772949e-01
2.367862127721309662e-02
1.765184290707111359e-02
1.507499217987060547e+00
1.124944817274808884e-02
1.402325332164764404e-01
1.291666477918624878e-01
1.743370532989501953e+00
9.982778690755367279e-03
1.133589148521423340e-01
3.233258724212646484e-01
2.039348185062408447e-01
1.102701276540756226e-01
5.560475587844848633e-01
6.488565355539321899e-03
4.523308277130126953e-01
4.596461728215217590e-02
2.018634229898452759e-02
3.300319239497184753e-02
3.158912956714630127e-01
2.913055419921875000e-01
1.506055891513824463e-01
1.076357206329703331e-03
2.347102388739585876e-02
5.120259709656238556e-03
4.747835993766784668e-01
9.035487473011016846e-02
5.225215572863817215e-03
4.099959041923284531e-04
7.013695687055587769e-02
1.636735081672668457e+00
1.633252203464508057e-01
5.916005373001098633e-02
3.036805689334869385e-01
1.214104056358337402e+00
6.936337947845458984e-01
4.315727710723876953e+00
1.445841640233993530e-01
1.785769701004028320e+00
8.062028139829635620e-02
1.771905808709561825e-03
1.861188411712646484e-01
4.848122000694274902e-01
4.260932803153991699e-01
9.301119446754455566e-01
1.829523682594299316e+00
5.096313953399658203e-01
5.194651484489440918e-01
3.659458598122000694e-03
3.609836995601654053e-01
2.138593941926956177e-01
3.609729707241058350e-01
1.833458691835403442e-01
7.352963685989379883e-01
5.971103161573410034e-02
3.748972713947296143e-02
3.670972364488989115e-04
1.806652755476534367e-03
2.867023348808288574e-01
9.383138418197631836e-01
3.588135223253630102e-05
2.357861213386058807e-02
4.438626766204833984e-02
7.511328905820846558e-02
7.354237437248229980e-01
1.164720021188259125e-02
2.421681433916091919e-01
5.393792688846588135e-02
1.673155575990676880e-01
3.533809185028076172e-01
8.704457432031631470e-03
6.608891487121582031e-02
3.462430322542786598e-04
1.388121303170919418e-02
5.599562525749206543e-01
3.834207653999328613e-01
1.379350066184997559e+00
7.298043370246887207e-01
2.181031927466392517e-02
3.026099801063537598e-01
1.451853066682815552e-01
1.069879829883575439e-01
2.344390153884887695e-01
1.168233633041381836e+00
2.596543133258819580e-01
2.797937095165252686e-01
1.702128536999225616e-02
2.770166844129562378e-02
1.464341402053833008e+00
6.704749464988708496e-01
1.956455707550048828e-01
1.078396663069725037e-02
2.632633969187736511e-02
3.604685515165328979e-02
2.360773738473653793e-03
1.427547782659530640e-01
2.512571960687637329e-02
3.969425559043884277e-01
2.224104851484298706e-01
6.984189748764038086e-01
2.436689101159572601e-02
9.459739923477172852e-02
3.534303009510040283e-01
1.836079239845275879e+00
2.554202675819396973e-01
2.577318577095866203e-03
1.811695694923400879e-01
2.781549096107482910e-01
1.631597056984901428e-03
1.010273814201354980e+00
7.186339050531387329e-02
3.607284277677536011e-02
2.060615122318267822e-01
6.841464783065021038e-04
7.995746284723281860e-02
2.466554194688796997e-01
9.072738885879516602e-02
6.501767784357070923e-02
1.539396494626998901e-02
4.396299839019775391e+00
4.157353192567825317e-03
1.113208755850791931e-01
6.547339558601379395e-01
1.965541005134582520e+00
7.396225929260253906e-01
4.626752734184265137e-01
5.818454083055257797e-03
2.053847551345825195e+00
2.798571065068244934e-02
1.747870743274688721e-01
4.239725321531295776e-02
1.669471502304077148e+00
2.287409007549285889e-01
1.755262136459350586e+00
1.049044609069824219e+00
4.896233230829238892e-02
3.871964290738105774e-02
3.764851689338684082e-01
4.770809609908610582e-04
1.941627264022827148e-02
1.969391107559204102e-02
6.692422926425933838e-02
1.507452428340911865e-01
6.673311814665794373e-03
3.120590448379516602e-01
1.901102215051651001e-01
1.066193819046020508e+00
3.794397786259651184e-02
1.134408637881278992e-01
3.850511610507965088e-01
3.810521960258483887e-02
2.969619585201144218e-03
3.018726035952568054e-02
1.306734919548034668e+00
8.203383535146713257e-03
3.334733724594116211e+00
7.608775496482849121e-01
4.173294827342033386e-02
1.155035018920898438e+00
7.559029851108789444e-03
2.149233222007751465e-01
2.244989424943923950e-01
3.920340538024902344e-01
1.783084630966186523e+00
2.908390760421752930e-02
1.345935612916946411e-01
3.977564722299575806e-02
4.011583700776100159e-02
6.487010419368743896e-02
1.270475149154663086e+00
2.805746346712112427e-02
2.293693572282791138e-01
4.644951596856117249e-02
1.328519582748413086e-01
3.775027692317962646e-01
7.697498798370361328e-02
3.656489076092839241e-03
7.187468409538269043e-01
8.313775178976356983e-04
7.482265830039978027e-01
2.674239575862884521e-01
2.443229913711547852e+00
2.177281141281127930e+00
8.135370016098022461e-01
3.140163142234086990e-03
2.706479728221893311e-01
8.263400197029113770e-02
5.642325282096862793e-01
5.182759836316108704e-03
7.099121809005737305e-02
2.250996232032775879e-01
1.550125628709793091e-01
2.298020943999290466e-02
4.313773214817047119e-01
1.039947390556335449e+00
7.718828320503234863e-01
1.289447247982025146e-01
5.166279152035713196e-02
1.140397563576698303e-01
4.233975708484649658e-01
3.125633299350738525e-01
1.300289869308471680e+00
1.604907989501953125e+00
6.707644462585449219e-01
2.249660789966583252e-01
1.308716982603073120e-01
3.733403682708740234e-01
5.179054141044616699e-01
1.175854261964559555e-02
3.113745525479316711e-02
1.767941117286682129e-01
1.252840738743543625e-02
5.038398131728172302e-02
1.269870549440383911e-01
8.471103012561798096e-02
1.625991344451904297e+00
1.928566768765449524e-02
4.007553756237030029e-01
4.159367829561233521e-02
3.383029252290725708e-02
2.225286141037940979e-02
1.575592532753944397e-02
5.965499579906463623e-02
1.182121876627206802e-02
1.363562792539596558e-01
3.200646638870239258e-01
1.137922145426273346e-02
5.546034500002861023e-02
5.811645835638046265e-02
9.303889274597167969e-01
4.706686735153198242e-01
1.140156090259552002e-01
3.507713377475738525e-01
8.750815689563751221e-02
1.035749795846641064e-03
2.664553523063659668e-01
1.914467096328735352e+00
1.782998442649841309e-01
1.158505678176879883e+00
3.491104394197463989e-02
4.614528641104698181e-02
2.010420896112918854e-02
1.509665727615356445e+00
1.744634509086608887e+00
1.314371940679848194e-03
1.246550679206848145e-01
2.399558201432228088e-02
1.116141915321350098e+00
3.999248892068862915e-02
1.528195887804031372e-01
1.567884981632232666e-01
1.490844693034887314e-02
2.767024561762809753e-02
1.389193236827850342e-01
2.046011447906494141e+00
1.170593574643135071e-01
2.554730772972106934e-01
3.556275069713592529e-01
6.402759253978729248e-02
2.793022096157073975e-01
1.441141217947006226e-02
9.213222265243530273e-01
2.772938609123229980e-01
2.464753538370132446e-01
7.801794409751892090e-01
3.900159001350402832e-01
1.623845100402832031e-02
9.052900969982147217e-02
3.120782375335693359e-01
6.519684195518493652e-02
2.860522456467151642e-02
1.802385300397872925e-01
1.833542138338088989e-01
2.743105292320251465e-01
8.809139728546142578e-01
2.342979192733764648e+00
3.418081998825073242e+00
2.304508447647094727e+00
1.407755613327026367e+00
3.286649465560913086e+00
2.855963110923767090e-01
1.016254425048828125e+00
1.376956999301910400e-01
6.661779880523681641e-01
1.157779619097709656e-02
3.384043648838996887e-02
1.691935816779732704e-03
8.097793906927108765e-03
3.830917477607727051e-01
1.399932980537414551e+00
2.055907994508743286e-01
2.335649877786636353e-01
2.967115879058837891e+00
1.652627706527709961e+00
2.709667757153511047e-02
5.145283881574869156e-03
8.762429356575012207e-01
7.339168339967727661e-02
2.830743789672851562e-01
1.367142349481582642e-01
5.926229432225227356e-02
1.585153102874755859e+00
8.532069623470306396e-02
3.224629163742065430e-01
3.799275755882263184e-01
2.035005539655685425e-01
8.219677838496863842e-04
1.416027545928955078e-02
3.969590397900901735e-05
1.631961204111576080e-02
5.741426944732666016e-01
2.065335512161254883e-01
1.942737959325313568e-02
2.094598263502120972e-01
7.460812479257583618e-02
6.897212471812963486e-03
1.619599200785160065e-02
3.980623558163642883e-02
4.586829245090484619e-02
4.264554381370544434e-01
1.565249264240264893e-01
6.681140065193176270e-01
1.804463744163513184e+00
4.769847095012664795e-01
6.579380133189260960e-04
2.307799816131591797e+00
8.540329337120056152e-01
6.664144992828369141e-02
6.841464783065021038e-04
9.786862134933471680e-02
3.576555475592613220e-02
3.386314809322357178e-01
2.778978832066059113e-02
3.698296844959259033e-03
3.448430597782135010e-01
9.713217616081237793e-01
2.160559967160224915e-02
6.643164753913879395e-01
3.332493826746940613e-02
2.900254726409912109e-01
1.524534076452255249e-02
5.268736276775598526e-03
1.140062808990478516e+00
2.241917550563812256e-01
3.365418687462806702e-02
1.457199573516845703e+00
4.598892331123352051e-01
9.586566686630249023e-02
2.344805717468261719e+00
1.915050437673926353e-03
1.471628202125430107e-03
1.771728247404098511e-01
6.235085893422365189e-04
8.929286897182464600e-02
2.173940278589725494e-02
1.221002824604511261e-02
5.781949963420629501e-03
2.453592061996459961e+00
1.402486860752105713e-02
1.183537021279335022e-01
1.218465089797973633e+00
8.911503106355667114e-02
6.252964027225971222e-03
5.489201545715332031e-01
4.349085986614227295e-01
2.087367773056030273e-01
9.489030838012695312e-01
3.474042192101478577e-02
6.909940242767333984e-01
7.709310054779052734e-01
1.015028730034828186e-01
1.833900436758995056e-02
2.722303271293640137e-01
9.438835382461547852e-01
1.083809509873390198e-02
4.236361682415008545e-01
1.823454350233078003e-01
8.064621686935424805e-01
3.225528448820114136e-02
1.276214271783828735e-01
3.560363054275512695e-01
3.806433975696563721e-01
1.184576898813247681e-01
4.628771543502807617e-01
1.873706579208374023e-01
1.962537318468093872e-01
3.585697151720523834e-03
2.082471549510955811e-02
1.612175852060317993e-01
9.393068961799144745e-03
1.131549358367919922e+00
5.510146617889404297e-01
2.710849642753601074e-01
1.346829682588577271e-01
3.147077560424804688e-02
1.275491476058959961e+00
3.540708541870117188e+00
2.602872848510742188e-01
1.315724849700927734e-01
1.717212498188018799e-01
9.025827050209045410e-01
1.141739249229431152e+00
4.720576544059440494e-05
9.113110601902008057e-02
1.904699020087718964e-03
1.365534309297800064e-02
8.923584967851638794e-02
8.640208840370178223e-01
1.019521132111549377e-01
2.055319491773843765e-03
1.085371375083923340e+00
1.945901393890380859e+00
1.180498152971267700e-01
6.730860564857721329e-03
2.479813760146498680e-03
6.301962584257125854e-02
1.062582254409790039e+00
1.909914970397949219e+00
2.803963899612426758e+00
3.711073845624923706e-02
3.372222185134887695e-03
9.428675472736358643e-02
8.121561259031295776e-03
2.802993953227996826e-01
6.560695171356201172e-01
1.729098856449127197e-01
2.202807664871215820e+00
5.597393959760665894e-03
7.316567748785018921e-02
2.078466862440109253e-02
1.896951645612716675e-01
7.356814574450254440e-03
1.958312034606933594e+00
7.855474948883056641e-03
4.055916517972946167e-02
4.837473109364509583e-02
7.123178839683532715e-01
1.050093173980712891e+00
1.152473330497741699e+00
1.153995096683502197e-01
2.820094232447445393e-04
7.061392068862915039e-01
1.962879905477166176e-03
1.480547785758972168e-01
7.939032465219497681e-02
4.341559857130050659e-02
8.724074810743331909e-03
2.213724404573440552e-01
7.895951867103576660e-01
8.019092082977294922e-01
7.573633641004562378e-02
2.975446730852127075e-02
6.031021475791931152e-01
1.712890807539224625e-04
6.680358946323394775e-02
1.363804817199707031e+00
1.551375240087509155e-01
2.067597508430480957e-01
1.447456926107406616e-01
1.068478170782327652e-02
2.294024825096130371e-02
9.197939038276672363e-01
8.803447484970092773e-01
2.158688455820083618e-01
1.039569020271301270e+00
1.049893736839294434e+00
1.223606690764427185e-01
2.748651266098022461e+00
1.432181894779205322e-01
3.655634522438049316e-01
9.892372786998748779e-02
1.258058357052505016e-03
1.531090259552001953e+00
1.150379236787557602e-02
2.175671607255935669e-01
9.599424004554748535e-01
7.286193966865539551e-01
1.205303799360990524e-02
1.712183207273483276e-01
7.724463648628443480e-05
1.547507643699645996e-01
5.118381232023239136e-02
1.242920383810997009e-01
9.909364394843578339e-03
1.270792260766029358e-02
1.099114958196878433e-02
1.562056094408035278e-01
1.570897642523050308e-03
1.084766149520874023e+00
2.500518262386322021e-01
5.174840688705444336e-01
6.422501206398010254e-01
4.366620779037475586e-01
2.555487751960754395e-01
1.060658812522888184e+00
1.307898998260498047e+00
6.641911268234252930e-01
7.979765534400939941e-02
4.028612971305847168e-01
1.028564348816871643e-01
1.038024872541427612e-01
8.557683229446411133e-01
1.345184445381164551e+00
2.280124649405479431e-02
1.284545660018920898e+00
5.570102334022521973e-01
2.582426182925701141e-02
3.693429008126258850e-02
1.673387549817562103e-02
4.865273460745811462e-02
1.628602147102355957e+00
2.345863580703735352e+00
8.272782724816352129e-05
8.045054040849208832e-03
5.796646233648061752e-03
1.711947172880172729e-01
2.275650203227996826e-02
9.670624881982803345e-02
6.847652196884155273e-01
3.220147848129272461e+00
8.299151808023452759e-02
5.395870804786682129e-01
3.744377493858337402e-01
3.821216151118278503e-02
2.634069621562957764e-01
2.877617776393890381e-01
1.471875514835119247e-02
4.304276704788208008e-01
8.347702026367187500e-01
4.553711786866188049e-02
7.001094636507332325e-04
2.827244752552360296e-04
1.296191692352294922e+00
5.906264185905456543e-01
1.782083153724670410e+00
3.185259923338890076e-02
1.594685167074203491e-01
2.504271566867828369e-01
8.508981764316558838e-02
6.115988269448280334e-02
6.280370354652404785e-01
1.020428724586963654e-02
8.312656730413436890e-02
2.209128811955451965e-03
6.917963176965713501e-02
7.486643642187118530e-02
2.542918920516967773e-01
2.672271430492401123e-01
1.058265805244445801e+00
5.893587470054626465e-01
5.220422893762588501e-02
1.735729747451841831e-03
1.416427176445722580e-02
4.820132553577423096e-01
1.118315219879150391e+00
4.936293233186006546e-03
6.373281357809901237e-04
6.710071563720703125e-01
2.245299965143203735e-01
2.058532554656267166e-04
1.190580148249864578e-02
2.831906080245971680e-01
8.510984480381011963e-03
8.643098920583724976e-02
1.246003985404968262e+00
2.872447490692138672e+00
1.606649160385131836e-02
2.216817438602447510e-01
2.549799978733062744e-01
1.871733181178569794e-02
3.348046913743019104e-02
6.674069911241531372e-02
1.026152595877647400e-01
3.897452959790825844e-03
6.323001980781555176e-01
6.794631481170654297e-02
3.633332252502441406e-01
1.781737655401229858e-01
8.127332925796508789e-01
6.248936057090759277e-03
4.304667469114065170e-03
9.593616127967834473e-01
4.828117489814758301e-01
1.088415831327438354e-01
1.286513172090053558e-03
2.787152491509914398e-02
1.591523051261901855e+00
2.245768457651138306e-01
6.328859925270080566e-01
4.478805363178253174e-01
3.238316625356674194e-03
2.853360772132873535e-01
4.380749166011810303e-02
3.834885358810424805e-01
7.959280163049697876e-02
2.030753493309020996e-01
1.239290833473205566e-01
2.077591046690940857e-02
1.113761141896247864e-01
4.476410523056983948e-02
6.978213787078857422e-01
6.535340845584869385e-02
8.252331987023353577e-03
3.479813039302825928e-01
1.777973212301731110e-02
4.494835734367370605e-01
7.001271471381187439e-03
1.330992698669433594e+00
3.018169403076171875e-01
3.692268580198287964e-02
2.573109567165374756e-01
3.031590461730957031e+00
4.613823071122169495e-02
8.267065882682800293e-01
2.227235585451126099e-01
2.234772205352783203e+00
8.020327091217041016e-01
3.995686769485473633e-02
2.382894279435276985e-03
3.713736776262521744e-03
3.741131424903869629e-01
9.419366717338562012e-02
1.571517437696456909e-01
4.871414303779602051e-01
4.899493651464581490e-04
3.601119279861450195e+00
8.468843698501586914e-01
4.001029431819915771e-01
1.194240227341651917e-01
1.412483453750610352e+00
2.784197926521301270e-01
8.501733094453811646e-02
4.041858389973640442e-02
1.817601621150970459e-01
6.269749999046325684e-01
2.087876945734024048e-02
9.661523252725601196e-02
6.990081667900085449e-01
1.030547499656677246e+00
2.722541987895965576e-01
5.136151798069477081e-03
6.149359345436096191e-01
1.768990606069564819e-02
4.719558060169219971e-01
4.158395230770111084e-01
1.981433749198913574e+00
8.326489478349685669e-02
1.917539350688457489e-02
2.488453388214111328e-01
2.274192333221435547e+00
1.182767078280448914e-01
3.367826109752058983e-03
3.404381871223449707e-02
1.422979682683944702e-01
2.492558062076568604e-01
1.759511679410934448e-01
7.145774364471435547e-01
4.092517495155334473e-02
7.887223362922668457e-02
3.772967681288719177e-02
7.161885499954223633e-01
1.870192140340805054e-01
2.394262403249740601e-01
2.495306491851806641e+00
5.512102246284484863e-01
2.079918086528778076e-01
3.603047516662627459e-04
1.501977909356355667e-02
1.129482388496398926e+00
1.259539842605590820e+00
1.459167450666427612e-01
2.514417283236980438e-03
1.614470630884170532e-01
9.575615823268890381e-02
9.590455144643783569e-02
4.204838071018457413e-03
5.894508212804794312e-02
7.896160706877708435e-03
7.335829138755798340e-01
2.157523185014724731e-01
4.248953759670257568e-01
3.835940966382622719e-03
7.634939253330230713e-02
2.123408205807209015e-02
6.567027419805526733e-02
3.531747758388519287e-01
1.019962310791015625e+00
1.929007172584533691e+00
5.479970201849937439e-02
9.073175191879272461e-01
9.488132782280445099e-04
3.885103389620780945e-03
5.618355423212051392e-02
3.721491992473602295e-02
4.279889690224081278e-04
1.362105458974838257e-01
1.001806743443012238e-02
4.474096372723579407e-02
1.768086791038513184e+00
6.541627049446105957e-01
2.668980062007904053e-01
2.268226295709609985e-01
2.005591057240962982e-03
5.888765372219495475e-05
8.751751184463500977e-01
1.038524627685546875e+00
5.151663348078727722e-02
4.728486239910125732e-01
3.766964003443717957e-02
4.558324813842773438e-02
9.034468792378902435e-03
8.248812556266784668e-01
6.820635497570037842e-02
1.560150980949401855e+00
1.084903836250305176e+00
2.300513908267021179e-02
1.222220831550657749e-03
7.197877392172813416e-03
5.546712875366210938e-01
9.201264940202236176e-03
4.850641416851431131e-04
6.065564155578613281e-01
8.339817635715007782e-03
1.184158623218536377e-01
1.388621628284454346e-01
2.509122192859649658e-01
1.841531038284301758e+00
3.065294120460748672e-03
3.745172172784805298e-02
6.061584949493408203e-01
1.037177801132202148e+00
2.408635765314102173e-01
1.696862876415252686e-01
1.002576947212219238e-01
4.184990748763084412e-02
7.168058753013610840e-01
1.723071187734603882e-01
1.349903345108032227e+00
2.272746264934539795e-01
1.134622618556022644e-01
2.520839571952819824e-01
6.932578980922698975e-02
8.027774095535278320e-01
4.594912528991699219e-01
3.837989643216133118e-02
3.968881501350551844e-04
3.370121121406555176e-02
5.525874495506286621e-01
2.515405416488647461e-01
2.126629650592803955e-01
5.144076794385910034e-02
1.606407999992370605e+00
1.648349761962890625e+00
6.645061373710632324e-01
4.444157332181930542e-02
1.334302902221679688e+00
2.113083153963088989e-01
1.226588356075808406e-04
3.556931018829345703e-02
5.798159837722778320e-01
1.132046803832054138e-01
3.483083546161651611e-01
2.201663143932819366e-02
1.340431421995162964e-01
1.025394082069396973e+00
1.061460375785827637e-02
1.666113287210464478e-01
2.973780408501625061e-02
4.346329253166913986e-03
4.535531401634216309e-01
7.355780601501464844e-01
2.496185451745986938e-01
9.061759337782859802e-04
9.965535253286361694e-02
3.363667987287044525e-03
1.810810565948486328e-01
4.692435264587402344e-01
2.678051590919494629e-01
7.315278053283691406e-03
2.621158659458160400e-01
6.306468248367309570e-01
8.526939153671264648e-01
3.161570727825164795e-01
8.149641752243041992e-01
5.770622491836547852e-01
8.596438914537429810e-03
2.835900783538818359e+00
5.530864745378494263e-02
1.514755934476852417e-01
1.224877126514911652e-02
1.939184218645095825e-01
1.506767570972442627e-01
4.935932159423828125e-02
5.839146375656127930e-01
1.452317953109741211e+00
1.304849982261657715e-02
6.681217253208160400e-02
1.079277157783508301e+00
9.143131226301193237e-02
7.388760894536972046e-02
1.790968418121337891e+00
1.500314916484057903e-03
1.311275839805603027e+00
1.900959491729736328e+00
8.387383222579956055e-01
1.115506812930107117e-01
9.543157368898391724e-02
2.216425165534019470e-02
7.152531907195225358e-06
3.603616058826446533e-01
1.198656320571899414e+00
3.735525906085968018e-02
2.243756949901580811e-01
3.223756849765777588e-01
5.427668690681457520e-01
8.474963307380676270e-01
6.355852633714675903e-02
1.384030461311340332e+00
2.879241704940795898e+00
1.139525044709444046e-02
1.015991903841495514e-02
5.312312841415405273e-01
1.489641815423965454e-01
5.132107436656951904e-02
3.321727504953742027e-03
8.975859284400939941e-01
2.374774366617202759e-01
7.143865227699279785e-01
1.649288892745971680e+00
6.230261325836181641e-01
3.302713632583618164e+00
1.367368735373020172e-02
1.400675773620605469e+00
1.897282525897026062e-02
1.779634654521942139e-01
8.758122473955154419e-02
5.530439615249633789e-01
7.879281640052795410e-01
1.489268988370895386e-01
8.492710441350936890e-02
1.297651886940002441e+00
6.990885138511657715e-01
9.225921332836151123e-02
7.070046849548816681e-03
3.226099491119384766e+00
3.487639129161834717e-02
3.447944819927215576e-01
1.151732751168310642e-03
8.679167367517948151e-03
3.251372098922729492e+00
6.455832719802856445e-01
3.367966040968894958e-02
8.045123517513275146e-02
2.667736709117889404e-01
3.671322390437126160e-02
1.417585299350321293e-03
1.564207375049591064e-01
4.481576085090637207e-01
3.312935121357440948e-03
7.643575966358184814e-02
1.018809452652931213e-01
8.565919846296310425e-02
6.751638650894165039e-01
4.877881705760955811e-01
3.091872632503509521e-01
1.254239529371261597e-01
1.468269154429435730e-02
4.906389713287353516e-01
1.596526652574539185e-01
9.072063863277435303e-02
1.274615079164505005e-01
2.422852963209152222e-01
8.088654140010476112e-04
2.219386771321296692e-02
8.755508810281753540e-03
5.103486403822898865e-02
1.007083579897880554e-01
3.749741986393928528e-02
1.581329941749572754e+00
1.323771178722381592e-01
1.982629531994462013e-03
8.441011607646942139e-02
7.810626924037933350e-02
3.340722918510437012e-01
1.508269309997558594e+00
3.988478779792785645e-01
6.222444772720336914e-01
6.374858319759368896e-03
3.224102258682250977e-01
1.128619611263275146e-01
1.954559564590454102e+00
1.461515188217163086e+00
1.011418104171752930e+00
4.773745685815811157e-02
1.598431110382080078e+00
2.972845733165740967e-01
5.469056591391563416e-02
7.844365239143371582e-01
2.477591514587402344e+00
1.379170656204223633e+00
5.515874624252319336e-01
2.344748526811599731e-01
3.416846692562103271e-01
7.259856462478637695e-01
1.076435685157775879e+00
2.805650830268859863e-01
1.883038729429244995e-01
1.459752619266510010e-01
1.105941459536552429e-02
2.073704242706298828e+00
3.500170074403285980e-03
2.773726126179099083e-03
3.616620600223541260e-02
4.467484727501869202e-02
9.108468294143676758e-01
2.267648698762059212e-03
4.951528310775756836e-01
5.630115270614624023e-01
1.090698957443237305e+00
7.916843146085739136e-02
2.107695788145065308e-01
8.818136528134346008e-03
2.006899798288941383e-03
7.594851255416870117e-01
1.125548034906387329e-01
8.220409043133258820e-03
2.578119039535522461e+00
4.498533532023429871e-02
5.129480361938476562e-02
2.139109820127487183e-01
3.618480861186981201e-01
3.410477936267852783e-01
2.024021893739700317e-01
5.601727366447448730e-01
6.714653372764587402e-01
2.689501084387302399e-02
5.257610082626342773e-01
1.725045740604400635e-01
9.037132561206817627e-02
4.024980068206787109e+00
6.031141281127929688e-01
8.516404032707214355e-02
5.092150997370481491e-03
2.595953047275543213e-01
1.413535792380571365e-02
7.884784936904907227e-01
3.109005987644195557e-01
1.027235910296440125e-01
6.379612088203430176e-01
2.014346607029438019e-02
3.862684667110443115e-01
2.161796577274799347e-02
8.824635297060012817e-03
1.723198406398296356e-02
5.379104018211364746e-01
4.114469885826110840e-01
3.517302125692367554e-02
2.211845070123672485e-01
2.486326932907104492e+00
8.744458854198455811e-02
1.540672630071640015e-01
3.527786210179328918e-02
2.202211134135723114e-02
1.626660116016864777e-02
1.643497049808502197e-01
7.752220332622528076e-02
6.241446733474731445e-02
7.836431860923767090e-01
4.080461561679840088e-01
1.435631662607192993e-01
1.177879124879837036e-01
2.485283883288502693e-03
1.357769668102264404e-01
7.480470836162567139e-02
4.012385383248329163e-02
5.350030660629272461e-01
9.044004231691360474e-02
4.506442323327064514e-02
5.482124397531151772e-04
2.294903844594955444e-01
5.158717036247253418e-01
7.113201022148132324e-01
7.546299695968627930e-02
4.355204403400421143e-01
8.059070259332656860e-02
4.158540628850460052e-03
5.347715616226196289e-01
1.581869572401046753e-01
1.075473874807357788e-01
2.532384097576141357e-01
4.832157492637634277e-02
4.491786658763885498e-02
4.333866015076637268e-02
2.767962515354156494e-01
4.489836692810058594e-01
1.619922986719757318e-04
5.564687252044677734e-01
8.223320543766021729e-02
2.753963768482208252e-01
1.933512836694717407e-02
4.594415426254272461e-01
7.435623090714216232e-03
3.136577606201171875e-01
5.818664282560348511e-02
4.563039913773536682e-02
5.685432255268096924e-02
2.014895714819431305e-02
3.089984692633152008e-02
8.015135303139686584e-03
8.166088163852691650e-02
7.756570577621459961e-01
5.504817143082618713e-02
1.588900566101074219e+00
2.063596844673156738e-01
4.703460335731506348e-01
6.998202800750732422e-01
3.930847346782684326e-02
1.663750596344470978e-02
1.856733113527297974e-01
1.939798239618539810e-03
4.384072497487068176e-03
9.507901966571807861e-02
7.886261940002441406e-01
1.661844700574874878e-01
2.732995450496673584e-01
3.011341333389282227e+00
4.904069304466247559e-01
6.393925845623016357e-02
3.857031464576721191e-02
2.033493481576442719e-02
2.282874658703804016e-02
4.937928318977355957e-01
2.031277865171432495e-01
4.848667383193969727e-01
1.742991060018539429e-01
2.396015971899032593e-01
3.140671469736844301e-04
2.117474973201751709e-01
2.644823491573333740e-01
4.156183242797851562e+00
2.111132591962814331e-01
1.911177486181259155e-02
4.821295738220214844e-01
4.533822461962699890e-02
2.919865213334560394e-02
1.889211311936378479e-02
3.406675765290856361e-03
3.538844361901283264e-02
3.387785749509930611e-03
1.641456365585327148e+00
7.107593864202499390e-02
6.747771501541137695e-01
1.779045676812529564e-03
6.438891291618347168e-01
4.983134269714355469e-01
2.395938038825988770e-01
7.897101640701293945e-01
5.489272880367934704e-04
2.280018292367458344e-03
1.559157609939575195e+00
8.319907635450363159e-02
1.600067876279354095e-02
8.436366170644760132e-02
3.304759785532951355e-02
5.066111087799072266e-01
7.927613705396652222e-02
1.565101183950901031e-02
7.602485269308090210e-02
9.092632532119750977e-01
1.152857467532157898e-01
4.271330535411834717e-01
2.173123694956302643e-02
4.645623266696929932e-02
3.282755613327026367e-03
4.534767940640449524e-02
1.243500411510467529e-01
9.369664639234542847e-02
5.172205157577991486e-03
1.075683683156967163e-01
4.316407144069671631e-01
4.487225711345672607e-01
2.714018523693084717e-02
6.578761935234069824e-01
1.452906727790832520e-01
1.323652118444442749e-01
4.421687044668942690e-04
9.066718071699142456e-02
1.992321386933326721e-02
1.551719158887863159e-01
1.160497784614562988e+00
1.788442209362983704e-02
1.276441849768161774e-02
1.054121702909469604e-01
1.262341886758804321e-01
1.274805068969726562e-01
2.414417713880538940e-01
4.389532376080751419e-03
1.184992432594299316e+00
1.077975407242774963e-01
1.539148986339569092e-01
6.980843027122318745e-04
5.997905507683753967e-02
2.333033233880996704e-01
6.207238435745239258e-01
3.566929372027516365e-03
1.986863166093826294e-01
3.399544656276702881e-01
1.134493589401245117e+00
1.392127871513366699e-01
5.158671364188194275e-02
3.650808334350585938e-02
9.805397987365722656e-01
1.637364923954010010e-01
2.806407213211059570e-01
1.021686866879463196e-01
8.503835648298263550e-02
5.885177291929721832e-03
1.527386996895074844e-02
3.530912101268768311e-01
3.143076658248901367e+00
1.857108291005715728e-04
6.334315985441207886e-02
5.512766838073730469e-01
1.969380021095275879e+00
2.795118093490600586e-01
1.025760993361473083e-01
2.376791276037693024e-02
3.518157005310058594e-01
5.129683613777160645e-01
1.031723842024803162e-01
2.517527043819427490e-01
6.073097884654998779e-02
7.917318940162658691e-01
2.711176127195358276e-02
3.837233483791351318e-01
5.730222910642623901e-02
1.259425640106201172e+00
6.806166376918554306e-03
9.526243666186928749e-04
1.012578234076499939e-01
8.610355434939265251e-04
9.105841070413589478e-02
1.486338138580322266e+00
1.106332778930664062e+00
1.876133829355239868e-01
3.514001965522766113e-01
9.604031443595886230e-01
3.208046257495880127e-01
7.515963166952133179e-03
4.889422655105590820e-01
7.167616486549377441e-01
8.893758058547973633e-03
5.727408453822135925e-02
8.583863079547882080e-02
6.662045717239379883e-01
2.595964968204498291e-01
1.108900643885135651e-02
1.905207782983779907e-01
2.066977135837078094e-02
6.713292747735977173e-02
1.411401867866516113e+00
6.202542781829833984e-02
4.451010376214981079e-03
5.140656828880310059e-01
2.572702243924140930e-02
4.222986698150634766e-01
1.890283226966857910e-01
1.134280208498239517e-02
5.422606468200683594e-01
3.430487215518951416e-02
1.567614436149597168e+00
3.266562819480895996e-01
3.794065117835998535e-02
6.101908162236213684e-03
4.968913737684488297e-03
7.367221117019653320e-01
1.706438899040222168e+00
3.331442475318908691e-01
3.053003787994384766e+00
3.510607957839965820e+00
1.082775518298149109e-01
3.846215605735778809e-01
1.726662397384643555e+00
1.168528795242309570e-01
5.073173902928829193e-03
5.005328916013240814e-03
1.276296615600585938e+00
6.444056630134582520e-01
1.090300559997558594e+00
3.703406751155853271e-01
2.117247283458709717e-01
5.897308588027954102e-01
3.701353371143341064e-01
2.189919352531433105e-02
2.032835036516189575e-03
4.357732832431793213e-01
2.979716777801513672e+00
1.855065673589706421e-01
8.126770262606441975e-04
5.130771175026893616e-02
4.777221083641052246e-01
8.669412881135940552e-02
4.082561656832695007e-02
3.231063485145568848e-01
8.235439658164978027e-01
1.851604133844375610e-01
9.874878078699111938e-02
3.748719692230224609e-01
1.005858764983713627e-03
8.909590542316436768e-03
6.897804327309131622e-03
1.135011017322540283e-01
4.809869453310966492e-02
1.122604608535766602e+00
1.799275050871074200e-03
4.825019277632236481e-03
3.853372484445571899e-02
7.278091907501220703e-01
1.639890670776367188e-01
9.780935011804103851e-03
3.378181159496307373e-01
1.653365373611450195e+00
8.808631449937820435e-02
9.574911743402481079e-02
4.094000905752182007e-04
2.733531296253204346e-01
3.026906633749604225e-03
1.741414666175842285e-01
9.226889610290527344e-01
1.862093448638916016e+00
4.930605590343475342e-01
1.296513830311596394e-03
9.706158190965652466e-02
6.157223507761955261e-02
3.526680171489715576e-01
8.776784688234329224e-02
5.129276216030120850e-02
3.065769327804446220e-03
3.233180940151214600e-02
1.532753944396972656e+00
1.005394570529460907e-02
1.033552661538124084e-01
1.438215374946594238e-02
4.675513505935668945e-02
1.451284050941467285e+00
2.131334971636533737e-03
1.212284987559542060e-04
2.516676438972353935e-03
9.439715184271335602e-03
8.428148925304412842e-02
4.048902690410614014e-01
7.753941463306546211e-04
5.719012580811977386e-03
5.651088431477546692e-02
6.232654675841331482e-02
1.058275341987609863e+00
3.534945249557495117e-01
8.329680562019348145e-02
1.307239085435867310e-01
4.078679382801055908e-01
3.474868237972259521e-01
1.825194656848907471e-01
3.009488582611083984e-01
1.136991009116172791e-02
8.662756681442260742e-01
3.718333318829536438e-02
3.421916440129280090e-02
1.623371690511703491e-01
5.954695120453834534e-02
6.980983912944793701e-02
1.850297451019287109e-01
9.909873008728027344e-01
7.526904344558715820e-01
7.867479324340820312e-02
2.334460020065307617e+00
8.366394042968750000e-01
1.987758427858352661e-01
4.110412672162055969e-02
1.726490817964076996e-02
4.632975161075592041e-01
4.802952986210584641e-03
2.396129369735717773e-01
1.839508056640625000e+00
1.043245553970336914e+00
4.089760035276412964e-02
4.937237128615379333e-02
1.044056713581085205e-01
5.275377072393894196e-03
1.597310788929462433e-02
8.623456815257668495e-04
4.458131268620491028e-03
2.136101424694061279e-01
2.257703430950641632e-02
1.512660503387451172e+00
2.761537432670593262e-01
2.085249722003936768e-01
8.085758239030838013e-02
6.422451138496398926e-01
4.274581372737884521e-01
3.850071132183074951e-01
2.819648385047912598e-01
1.703955582343041897e-03
4.068189561367034912e-01
1.433321356773376465e+00
7.532845437526702881e-02
5.929635167121887207e-01
1.341011077165603638e-01
1.597503125667572021e-01
1.082268714904785156e+00
2.426874190568923950e-01
3.487740516662597656e+00
1.303061842918395996e-03
7.555983215570449829e-02
1.185493916273117065e-01
3.438411653041839600e-01
6.022283341735601425e-03
3.862215951085090637e-02
6.022152900695800781e-01
3.019292838871479034e-02
1.263270620256662369e-02
1.559291873127222061e-02
1.847257465124130249e-01
1.030554994940757751e-01
1.106850281357765198e-01
3.017923736479133368e-04
8.487817831337451935e-03
4.302474021911621094e+00
1.870373040437698364e-01
4.633753374218940735e-02
2.773726463317871094e+00
3.448018804192543030e-03
6.345759034156799316e-01
8.302696049213409424e-03
8.141662692651152611e-05
3.321833133697509766e+00
5.007210373878479004e-02
1.440548002719879150e-01
9.240801632404327393e-02
8.929996192455291748e-02
3.224452495574951172e+00
1.301455050706863403e-01
1.361963003873825073e-01
2.069978117942810059e-01
3.401083052158355713e-01
4.467792436480522156e-02
6.248345971107482910e-01
7.559818774461746216e-02
2.702109632082283497e-04
4.796785712242126465e-01
4.918797314167022705e-02
4.825456440448760986e-01
8.521118164062500000e-01
5.882543325424194336e-01
4.906119108200073242e-01
6.920544058084487915e-02
1.153522968292236328e+00
3.883360624313354492e-01
4.202139079570770264e-01
6.077007055282592773e-01
1.704084724187850952e-01
5.924327969551086426e-01
2.238727547228336334e-02
1.569034695625305176e+00
7.273095846176147461e-01
2.091040834784507751e-02
6.670918464660644531e-01
3.545345366001129150e-02
6.796529293060302734e-01
2.092435723170638084e-03
1.708956211805343628e-01
6.446430087089538574e-01
1.853945553302764893e-01
8.167538791894912720e-02
4.006613045930862427e-02
2.826460301876068115e-01
2.291540145874023438e+00
2.416776418685913086e+00
3.962092101573944092e-01
9.705063700675964355e-01
5.000275969505310059e-01
2.672486603260040283e-01
1.932659000158309937e-01
6.259095668792724609e-02
1.051658987998962402e+00
1.056353002786636353e-02
1.008675340563058853e-02
3.088401556015014648e-01
1.472627278417348862e-02
9.046901017427444458e-02
5.246046930551528931e-02
2.005512952804565430e+00
2.458541840314865112e-01
2.888738922774791718e-02
1.525272279977798462e-01
7.357847094535827637e-01
5.043094754219055176e-01
1.973306760191917419e-02
1.791834682226181030e-01
5.711364746093750000e-01
4.808127880096435547e-01
3.640657365322113037e-01
7.842755913734436035e-01
4.556034803390502930e-01
1.653329133987426758e+00
3.929034173488616943e-01
1.842178106307983398e-01
3.187529742717742920e-01
2.886422537267208099e-02
2.753769159317016602e-01
7.548931241035461426e-02
4.210585057735443115e-01
2.920649945735931396e-03
1.199096534401178360e-02
1.896661639213562012e+00
1.236957073211669922e+00
6.120258569717407227e-01
5.211510658264160156e-01
7.605841159820556641e-01
7.277822494506835938e-01
2.388959284871816635e-03
5.131170619279146194e-03
1.552244871854782104e-01
1.168131351470947266e+00
4.613074064254760742e-01
6.348491460084915161e-02
1.864139735698699951e-02
3.002982959151268005e-02
9.472768306732177734e-01
5.492460727691650391e-01
5.503508448600769043e-01
4.746505618095397949e-01
2.307300716638565063e-01
2.267550677061080933e-01
6.269374489784240723e-02
1.645470969378948212e-02
1.230198144912719727e+00
4.083891808986663818e-01
5.126796290278434753e-02
1.426996886730194092e-01
1.371957361698150635e-01
1.766074262559413910e-02
1.330650318413972855e-02
1.006041646003723145e+00
1.851361617445945740e-02
4.384750843048095703e+00
2.097199708223342896e-01
1.442915573716163635e-02
3.999225795269012451e-02
2.407413721084594727e-02
7.159209251403808594e-01
9.417278692126274109e-03
1.731329783797264099e-02
1.689247339963912964e-01
2.021844387054443359e+00
3.295510411262512207e-01
1.310562249273061752e-03
1.257046908140182495e-01
9.123950004577636719e-01
1.056541781872510910e-02
1.567553915083408356e-02
4.576753973960876465e-01
1.052089571952819824e+00
2.529240846633911133e-01
2.522079944610595703e-01
2.169672101736068726e-01
3.077951371669769287e-01
2.524566650390625000e+00
2.463052123785018921e-01
3.452896780800074339e-04
5.626520214718766510e-05
3.270476683974266052e-02
2.477912157773971558e-01
1.100412964820861816e+00
5.599977374076843262e-01
1.207015037536621094e+00
2.122294390574097633e-03
1.893425583839416504e-01
2.732711434364318848e-01
9.165895581245422363e-01
1.375108242034912109e+00
4.575771093368530273e-01
1.877930760383605957e+00
3.131666406989097595e-02
1.322204589843750000e+00
8.526980527676641941e-04
8.770069479942321777e-02
2.439099401235580444e-01
1.714562252163887024e-02
2.201882302761077881e-01
1.355727672576904297e+00
1.354491920210421085e-03
6.112419366836547852e-01
1.200232505798339844e-01
6.266911327838897705e-02
4.372203722596168518e-03
6.699480116367340088e-02
6.720440462231636047e-03
6.685390602797269821e-03
8.837776184082031250e-01
8.119329810142517090e-01
1.261069439351558685e-02
2.023095935583114624e-01
5.108644366264343262e-01
1.919222772121429443e-01
1.297064572572708130e-01
8.495371788740158081e-02
7.973624020814895630e-02
4.162751138210296631e-01
6.223583593964576721e-03
3.057304397225379944e-02
1.418962925672531128e-01
8.736364543437957764e-03
5.512312650680541992e-01
1.969980001449584961e-01
1.073558568954467773e+00
1.209358096122741699e+00
1.082429647445678711e+00
1.286037033423781395e-03
1.673015952110290527e+00
3.550774417817592621e-03
1.528432220220565796e-01
9.655069708824157715e-01
2.092880487442016602e+00
2.200443744659423828e-01
4.622896611690521240e-01
2.185840457677841187e-01
1.560185570269823074e-03
6.977359298616647720e-03
1.791540416888892651e-03
1.377939619123935699e-02
2.755231037735939026e-02
4.219919719616882503e-05
1.755879968404769897e-01
1.717088967561721802e-01
3.358352780342102051e-01
2.146291360259056091e-02
1.986443251371383667e-02
7.581423415103927255e-05
6.120495870709419250e-02
1.911317743360996246e-02
2.630892395973205566e-02
6.455283612012863159e-03
1.676310449838638306e-01
2.140142209827899933e-02
2.205723822116851807e-01
2.122530698776245117e+00
4.706692695617675781e-01
1.738823833875358105e-03
7.875058650970458984e-01
2.424856647849082947e-02
2.934602648019790649e-02
4.580317735671997070e-01
3.433742225170135498e-01
5.829994678497314453e-01
1.037491858005523682e-01
1.539737582206726074e-01
1.316240787506103516e+00
1.600870937108993530e-01
6.662616729736328125e-01
2.013644129037857056e-01
1.808154821395874023e+00
3.454958796501159668e-01
4.795462265610694885e-02
2.765279769897460938e+00
3.764686640352010727e-03
1.261944621801376343e-01
7.968097925186157227e-02
2.104889601469039917e-01
1.516860094852745533e-03
8.260788023471832275e-02
3.848853334784507751e-02
2.098717093467712402e-01
3.960979636758565903e-03
2.730179429054260254e-01
1.190906623378396034e-03
9.621519711799919605e-04
3.091734886169433594e+00
9.053422254510223866e-04
1.513266116380691528e-01
8.862040042877197266e-01
1.080259960144758224e-02
2.768349349498748779e-01
1.276577413082122803e-01
6.362150609493255615e-02
9.755086302757263184e-01
1.636889278888702393e-01
1.120618730783462524e-02
8.970468491315841675e-02
2.504785545170307159e-03
1.577518105506896973e+00
3.243425861001014709e-03
4.667146422434598207e-04
1.121757507324218750e+00
5.530310273170471191e-01
1.255204200744628906e+00
6.328897550702095032e-03
6.139703560620546341e-03
3.173911944031715393e-03
2.726226747035980225e-01
1.379260063171386719e+00
2.239102730527520180e-03
1.349047571420669556e-01
2.557536363601684570e-01
1.550641655921936035e-02
1.192643716931343079e-01
8.503158460371196270e-04
1.595445349812507629e-02
2.477026432752609253e-01
1.255418919026851654e-02
3.790220012888312340e-03
8.755686879158020020e-02
7.226400543004274368e-03
1.032881259918212891e+00
4.444805979728698730e-01
2.902860939502716064e-01
1.238056659698486328e+00
3.884234279394149780e-02
2.722311496734619141e+00
6.844539195299148560e-02
3.979461193084716797e-01
1.339499354362487793e+00
2.039180040359497070e+00
6.099096536636352539e-01
9.895838797092437744e-02
2.415181159973144531e+00
7.422015536576509476e-03
2.427765540778636932e-02
1.717573165893554688e+00
1.503380239009857178e-01
6.052044630050659180e-01
2.413810938596725464e-01
1.343336552381515503e-01
4.674815572798252106e-03
3.675312995910644531e-01
8.635379374027252197e-02
2.360654324293136597e-01
1.141323894262313843e-01
1.431710481643676758e+00
5.350772291421890259e-02
4.229407012462615967e-02
2.020159512758255005e-01
2.138573169708251953e+00
1.425997316837310791e-01
2.881592750549316406e+00
8.031318336725234985e-02
1.707976497709751129e-02
3.386244550347328186e-02
2.222612947225570679e-01
1.120315566658973694e-01
7.803041487932205200e-02
1.098372135311365128e-02
2.322968542575836182e-01
1.067876722663640976e-02
2.393867075443267822e-02
1.257876634597778320e+00
1.944319461472332478e-03
1.857134997844696045e-01
1.150406450033187866e-01
1.940227001905441284e-01
2.722826004028320312e-01
2.578383497893810272e-02
1.969495534896850586e+00
6.196258068084716797e-01
9.104521945118904114e-03
1.159330010414123535e+00
9.820830821990966797e-02
1.604015082120895386e-01
4.751388430595397949e-01
3.214194905012845993e-03
1.177673563361167908e-01
1.970766544342041016e+00
8.242642283439636230e-01
1.720683723688125610e-01
3.894484369084239006e-03
9.198632836341857910e-02
2.377140335738658905e-02
4.438468217849731445e-01
7.891362309455871582e-01
4.195450991392135620e-02
3.246972560882568359e+00
3.524997504428029060e-03
1.383540630340576172e+00
3.982697054743766785e-02
3.321159482002258301e-01
6.129345893859863281e-01
6.161191686987876892e-02
2.832269668579101562e-01
5.110339447855949402e-02
4.690840244293212891e-01
1.367645561695098877e-01
1.582112759351730347e-01
1.093461275100708008e+00
1.270302295684814453e+00
6.921955384314060211e-03
7.292438298463821411e-03
1.463980525732040405e-01
9.292416572570800781e-01
1.980606932193040848e-03
4.027477502822875977e-01
5.079376101493835449e-01
4.258565232157707214e-02
1.477850079536437988e+00
3.633463010191917419e-02
8.350394368171691895e-01
1.038904666900634766e+00
8.222014456987380981e-02
1.238367184996604919e-01
7.238049507141113281e-01
6.410396099090576172e-02
6.471542716026306152e-01
2.902497947216033936e-01
7.856381707824766636e-04
8.124266564846038818e-02
1.032253026962280273e+00
6.646518111228942871e-01
1.079528778791427612e-02
2.892630174756050110e-02
2.025683820247650146e-01
3.959060668945312500e+00
2.188705503940582275e-01
6.902032345533370972e-02
5.718029737472534180e-01
1.781260818243026733e-01
1.456395387649536133e+00
2.215855201939120889e-04
1.406038296408951283e-03
7.333604693412780762e-01
2.869246304035186768e-01
1.526816964149475098e+00
1.636224389076232910e-01
1.982586644589900970e-02
2.006093263626098633e+00
4.105269312858581543e-01
1.154751237481832504e-02
3.178550675511360168e-02
3.682537004351615906e-02
2.313910484313964844e+00
4.720997065305709839e-02
7.415610551834106445e-01
5.308591127395629883e-01
8.213182445615530014e-05
2.913225591182708740e-01
5.086558521725237370e-04
2.286083996295928955e-03
5.465637445449829102e-01
2.311309128999710083e-01
3.648153781890869141e+00
8.920106105506420135e-03
9.110868722200393677e-02
9.665029048919677734e-01
8.993543982505798340e-01
8.579191565513610840e-02
4.873198643326759338e-02
5.304563045501708984e-01
9.542448446154594421e-03
3.517141342163085938e-01
3.690220415592193604e-03
2.551873214542865753e-03
2.305261611938476562e+00
6.576315760612487793e-01
8.683185279369354248e-02
2.500295341014862061e-01
1.236151205375790596e-03
9.790904819965362549e-02
7.620757073163986206e-02
1.622162610292434692e-01
6.023113150149583817e-03
3.142229080200195312e+00
2.190810861065983772e-03
1.068547964096069336e+00
5.907575134187936783e-03
6.803730875253677368e-02
2.108391046524047852e+00
6.778326351195573807e-04
1.977023482322692871e-02
1.827266365289688110e-01
2.068795561790466309e-01
1.434956789016723633e+00
5.661077499389648438e-01
2.180080115795135498e-01
4.781860113143920898e-02
7.476696968078613281e-01
1.678428426384925842e-02
6.558559834957122803e-03
3.914067056030035019e-04
1.907142847776412964e-01
2.716074287891387939e-01
5.349962040781974792e-03
1.239309430122375488e+00
1.951220096088945866e-03
8.202961683273315430e-01
4.304467514157295227e-02
2.933735251426696777e-01
6.928464025259017944e-02
1.223110780119895935e-02
2.910420894622802734e-01
2.309810183942317963e-02
2.594007737934589386e-02
6.785801146179437637e-03
9.684292227029800415e-02
1.367576599121093750e+00
5.643696784973144531e-01
6.853060722351074219e-01
2.386522479355335236e-02
1.103142201900482178e-01
7.383028864860534668e-01
2.250383980572223663e-02
3.137997537851333618e-02
2.133407145738601685e-01
1.645316004753112793e+00
7.047888636589050293e-01
9.098124504089355469e-02
1.956455176696181297e-03
2.329357564449310303e-01
5.615073442459106445e-01
1.303049642592668533e-02
7.028531432151794434e-01
3.264774084091186523e+00
2.053192108869552612e-01
4.183791577816009521e-01
2.979815900325775146e-01
8.201962709426879883e-02
1.253394037485122681e-02
2.305151075124740601e-01
2.387983500957489014e-01
7.573898881673812866e-02
2.579905278980731964e-02
7.469783425331115723e-01
2.235964871942996979e-02
5.973107647150754929e-03
4.348465707153081894e-03
3.101704083383083344e-02
1.756564140319824219e+00
8.107116222381591797e-01
2.774398960173130035e-02
2.009462937712669373e-02
1.630124151706695557e-01
8.113756775856018066e-03
4.051816761493682861e-01
6.720836758613586426e-01
4.865117371082305908e-03
2.046379446983337402e-01
6.126789376139640808e-03
4.901134967803955078e-01
2.299605309963226318e-02
3.075713634490966797e+00
4.122516512870788574e-02
1.204349845647811890e-02
1.541287541389465332e+00
1.265012752264738083e-02
5.345901846885681152e-02
2.387651242315769196e-03
1.517371296882629395e+00
1.088619008660316467e-01
3.750197589397430420e-03
2.339917607605457306e-02
2.475519776344299316e-01
2.598854303359985352e+00
1.684614777565002441e+00
1.499276887625455856e-02
1.307179685682058334e-02
2.052094936370849609e-01
4.760424792766571045e-01
3.817814588546752930e-01
1.421140134334564209e-02
5.767966508865356445e-01
1.760375499725341797e-01
3.402640521526336670e-01
3.015949550899676979e-05
4.711331725120544434e-01
1.279969096183776855e+00
1.657707691192626953e-01
5.238207802176475525e-02
5.509250983595848083e-02
1.732134819030761719e+00
9.217859506607055664e-01
5.108399316668510437e-03
9.424129873514175415e-02
2.499758750200271606e-01
1.179815903306007385e-01
1.110394895076751709e-01
1.009366512298583984e+00
8.529539108276367188e-01
3.998779132962226868e-02
1.891001611948013306e-01
1.278649419546127319e-01
1.416740655899047852e+00
7.990650832653045654e-02
1.093147555366158485e-03
1.766877174377441406e-01
7.758621573448181152e-01
2.796882688999176025e-01
1.739290207624435425e-01
1.569372974336147308e-02
1.082073082216084003e-03
2.297502011060714722e-03
7.056073844432830811e-02
3.456573933362960815e-02
5.936609115451574326e-03
1.413911953568458557e-02
1.292242288589477539e+00
2.543838694691658020e-02
3.017827272415161133e-01
2.304773330688476562e-01
4.023382067680358887e-01
4.770445637404918671e-03
1.262317132204771042e-02
9.668060392141342163e-02
8.360269479453563690e-03
5.245175957679748535e-02
5.329469591379165649e-02
2.948361396789550781e+00
1.948134660720825195e+00
2.047142982482910156e-01
6.091606616973876953e-02
1.725905016064643860e-02
3.172842552885413170e-03
9.574087858200073242e-01
1.051932334899902344e+00
1.476077795028686523e+00
2.240641862154006958e-01
5.508282184600830078e-01
7.515245676040649414e-01
1.264824438840150833e-02
1.418587684631347656e+00
1.244723680429160595e-03
3.496807813644409180e-01
1.182521820068359375e+00
5.104528367519378662e-02
9.010959416627883911e-03
1.798691272735595703e+00
1.001355126500129700e-01
1.669237390160560608e-02
3.921459987759590149e-02
2.483393847942352295e-01
3.313410328701138496e-03
1.861155964434146881e-02
3.984197601675987244e-02
2.942601591348648071e-02
1.126085996627807617e+00
1.330661177635192871e-01
1.897061020135879517e-01
3.034942150115966797e-01
2.774173617362976074e-01
4.141326528042554855e-03
4.396556615829467773e-01
5.585183575749397278e-02
7.294483482837677002e-02
1.218888282775878906e+00
3.548099398612976074e-01
6.167345121502876282e-02
1.148896932601928711e+00
6.259508728981018066e-01
2.909490108489990234e+00
1.620877720415592194e-02
2.198801934719085693e-01
1.017104983329772949e+00
1.279010176658630371e-01
4.089234571438282728e-04
8.947184085845947266e-01
3.976763039827346802e-02
1.497306704521179199e+00
2.692506648600101471e-02
4.375523328781127930e-02
1.366968918591737747e-02
6.754072308540344238e-01
3.588121533393859863e-01
4.878103733062744141e-02
2.738979756832122803e-01
1.590796709060668945e-01
2.171068191528320312e-01
1.063065081834793091e-01
3.058387935161590576e-01
2.615319788455963135e-01
4.495632834732532501e-03
5.326242446899414062e-01
7.107882946729660034e-02
5.999897718429565430e-01
3.314566910266876221e-01
1.076238113455474377e-03
5.760668590664863586e-02
7.991365157067775726e-03
5.017713308334350586e-01
1.300779879093170166e-01
8.649188280105590820e-01
2.947204113006591797e-01
2.803428098559379578e-02
9.878481626510620117e-01
6.819176673889160156e-02
2.702411115169525146e-01
8.248395472764968872e-02
1.090761274099349976e-01
4.770222306251525879e-02
4.364249110221862793e-02
5.141434669494628906e-01
2.317000180482864380e-01
5.781283229589462280e-02
1.461525410413742065e-01
7.207571268081665039e-01
8.239657431840896606e-02
3.490712866187095642e-02
8.216194808483123779e-02
4.866798520088195801e-01
7.815612554550170898e-01
7.667751982808113098e-03
2.885121703147888184e-01
8.445306122303009033e-02
1.224004328250885010e-01
1.207391619682312012e+00
2.360640764236450195e+00
2.551800608634948730e-01
5.726449489593505859e-01
4.568996280431747437e-02
2.140675783157348633e-01
1.719644963741302490e-01
2.689118981361389160e-01
4.392737057060003281e-03
5.902492403984069824e-01
8.394723385572433472e-02
2.003000825643539429e-01
3.272618055343627930e-01
2.322121290490031242e-03
1.569707412272691727e-03
5.151925142854452133e-03
8.293194323778152466e-02
2.156572937965393066e-01
4.970307275652885437e-02
1.158510241657495499e-02
1.580627858638763428e-01
2.131620883941650391e+00
6.446424871683120728e-02
4.510869681835174561e-01
8.958004713058471680e-01
1.543256521224975586e+00
1.673915050923824310e-02
1.920183002948760986e-01
1.671417988836765289e-02
2.594202756881713867e-01
4.220655262470245361e-01
3.425890952348709106e-02
3.889795765280723572e-02
2.180413901805877686e-02
6.556823104619979858e-02
2.626398503780364990e-01
6.223391890525817871e-01
4.331393837928771973e-01
3.531894087791442871e-02
8.714667707681655884e-02
5.525015876628458500e-04
3.765469193458557129e-01
2.000353336334228516e-01
2.422067642211914062e+00
2.463641017675399780e-01
3.549579158425331116e-02
5.979073643684387207e-01
1.850049972534179688e+00
5.236684810370206833e-04
4.528684169054031372e-02
1.546143293380737305e-01
7.083360552787780762e-01
1.043398976325988770e+00
1.275702238082885742e+00
2.484451513737440109e-03
1.740112662315368652e+00
2.814175844192504883e+00
1.967689990997314453e-01
8.338093012571334839e-02
5.186982825398445129e-02
1.557672739028930664e+00
1.696108937263488770e+00
5.097482353448867798e-02
4.140932485461235046e-02
3.357014618813991547e-03
3.345083817839622498e-02
2.827295958995819092e-01
1.200865507125854492e+00
7.462222856702283025e-05
1.821612417697906494e-01
8.499696850776672363e-02
3.962693735957145691e-02
1.514479219913482666e-01
3.919832408428192139e-02
6.707994937896728516e-01
3.064176440238952637e-01
1.461949013173580170e-02
4.504767432808876038e-02
2.003508210182189941e-01
1.277486085891723633e+00
1.336872577667236328e-03
4.068804681301116943e-01
5.655729770660400391e-02
5.773147940635681152e-02
3.672455549240112305e-01
2.314509591087698936e-03
1.884511858224868774e-01
1.019214317202568054e-01
1.542720794677734375e+00
2.355393171310424805e-01
2.843708097934722900e-01
1.884684152901172638e-02
3.801910579204559326e-01
1.992873698472976685e-01
1.794800348579883575e-02
2.452153861522674561e-01
2.823508024215698242e+00
4.478951692581176758e-01
1.946502029895782471e-01
2.111678756773471832e-02
2.482900209724903107e-02
4.866344332695007324e-01
3.510699570178985596e-01
7.797786593437194824e-01
4.403800964355468750e-01
4.617185592651367188e-01
6.566275842487812042e-04
9.352925419807434082e-02
2.963826954364776611e-01
1.503052655607461929e-03
7.381674647331237793e-02
4.684619903564453125e-01
5.062092542648315430e-01
1.090414971113204956e-01
5.864867568016052246e-01
9.263156652450561523e-01
1.239012777805328369e-01
1.782950758934020996e+00
4.403564631938934326e-01
1.057403326034545898e+00
3.038839697837829590e-01
4.811227619647979736e-01
3.636968135833740234e-01
2.193343937397003174e-01
5.776026248931884766e-01
4.134687408804893494e-02
6.501400470733642578e-01
5.256634205579757690e-02
5.226535201072692871e-01
2.879760693758726120e-03
1.649667859077453613e+00
3.832092881202697754e-02
2.396325469017028809e-01
9.041869640350341797e-02
2.043721079826354980e-01
7.682254165410995483e-02
2.754467539489269257e-03
4.120171442627906799e-02
4.058340098708868027e-03
1.832346171140670776e-01
7.079871371388435364e-03
2.020836830139160156e+00
2.212091535329818726e-01
3.459522128105163574e-02
1.671611428260803223e+00
5.322552472352981567e-02
7.937490940093994141e-02
1.195070505142211914e+00
1.291501969099044800e-01
1.384085059165954590e+00
5.296862125396728516e-01
5.049256607890129089e-02
5.303153991699218750e-01
1.445904199499636889e-04
5.526838079094886780e-02
8.306753039360046387e-01
7.934000343084335327e-02
2.262400984764099121e-01
3.068331480026245117e-01
1.647575020790100098e+00
2.400883436203002930e-01
9.057582914829254150e-02
1.568218320608139038e-01
1.757828518748283386e-02
5.516675882972776890e-04
1.133687123656272888e-01
2.192869037389755249e-01
3.648958504199981689e-01
6.082386523485183716e-02
2.720378041267395020e-01
1.901550292968750000e+00
3.285704553127288818e-02
6.150700449943542480e-01
2.961894031614065170e-03
9.893786907196044922e-02
5.069767832756042480e-01
1.920498758554458618e-01
6.015597656369209290e-02
3.274967968463897705e-01
1.256643235683441162e-02
6.427670717239379883e-01
2.276202738285064697e-01
8.802303113043308258e-03
6.877080798149108887e-01
3.022458851337432861e-01
1.044162273406982422e+00
2.066740067675709724e-03
8.726857304573059082e-01
1.253458261489868164e-01
3.762311302125453949e-03
4.042717069387435913e-02
3.947771787643432617e-01
2.166399002075195312e+00
2.457518279552459717e-01
2.670771442353725433e-03
1.349822711199522018e-02
4.218196123838424683e-02
7.938659191131591797e-01
3.053592145442962646e-01
5.766469836235046387e-01
5.419488549232482910e-01
4.545601308345794678e-01
3.042753636837005615e-01
4.617806077003479004e-01
1.314880400896072388e-01
8.646697998046875000e-01
2.361365109682083130e-01
3.831989690661430359e-02
1.538257956504821777e+00
1.338705867528915405e-01
3.059073351323604584e-02
1.156543940305709839e-01
1.247462118044495583e-03
8.894668817520141602e-01
1.235925480723381042e-01
1.141932234168052673e-01
2.972007095813751221e-01
9.593102149665355682e-03
4.498955793678760529e-03
6.484731286764144897e-02
3.840628266334533691e-02
6.304626166820526123e-02
1.793477311730384827e-02
1.850659586489200592e-02
1.645247787237167358e-01
1.945391856133937836e-02
8.113023042678833008e-01
2.095460414886474609e+00
3.070784732699394226e-02
2.257895946502685547e+00
7.103908061981201172e-02
4.999567568302154541e-02
9.012141264975070953e-03
3.507769703865051270e-01
8.505065441131591797e-01
6.353814601898193359e-01
2.752976894378662109e+00
1.266607940196990967e-01
1.780444197356700897e-02
1.231830716133117676e-01
8.927422761917114258e-02
5.834741592407226562e-01
1.067599296569824219e+00
4.409553706645965576e-01
2.029849439859390259e-01
2.353624105453491211e-01
2.566076815128326416e-01
2.851826604455709457e-03
4.866422154009342194e-03
2.249688608571887016e-03
3.394587039947509766e-01
2.781516790390014648e+00
1.726724952459335327e-01
2.947669327259063721e-01
1.942399591207504272e-01
1.101638097316026688e-02
2.029593586921691895e-01
2.947299003601074219e+00
3.163188695907592773e-01
1.763391047716140747e-01
6.140270829200744629e-01
2.274672985076904297e-01
1.325072348117828369e-01
1.046167731285095215e+00
3.692367076873779297e-01
1.583838611841201782e-01
3.730646669864654541e-01
7.588518261909484863e-01
1.344685435295104980e+00
2.654814422130584717e-01
6.930465996265411377e-02
3.917259871959686279e-01
1.281519085168838501e-01
1.044368147850036621e-01
6.147942319512367249e-02
4.883621260523796082e-02
8.398132026195526123e-02
1.544651985168457031e+00
3.458454310894012451e-01
2.727688848972320557e-01
5.471907258033752441e-01
1.543489545583724976e-01
9.806361049413681030e-02
6.637312937527894974e-03
1.053926423192024231e-01
1.048291325569152832e-01
5.459112673997879028e-02
7.017370779067277908e-03
3.732326030731201172e-01
1.020388603210449219e+00
7.237722277641296387e-01
1.889749526977539062e+00
5.472706556320190430e-01
3.394449502229690552e-02
2.685081481933593750e+00
5.626029968261718750e-01
5.135183334350585938e-01
1.609078794717788696e-01
9.213463217020034790e-02
5.216513276100158691e-01
5.140351504087448120e-02
1.330792605876922607e-01
2.264067649841308594e+00
1.236718744039535522e-01
9.226932376623153687e-02
9.974398650228977203e-03
3.679293440654873848e-03
2.872732579708099365e-01
5.278934258967638016e-03
4.981496632099151611e-01
6.936545372009277344e-01
7.524453848600387573e-02
2.832552976906299591e-02
1.369825601577758789e-01
8.233060128986835480e-03
1.919275820255279541e-01
3.854584880173206329e-03
6.758861988782882690e-02
1.843388676643371582e-01
5.787774920463562012e-02
7.219536229968070984e-03
2.346886157989501953e+00
3.603259846568107605e-02
1.700815081596374512e+00
1.276102066040039062e-01
8.745288848876953125e-02
2.902325068134814501e-04
1.160348486155271530e-02
1.491716980934143066e+00
8.786350488662719727e-03
1.829184591770172119e-01
5.097308158874511719e-01
1.637460142374038696e-01
1.555101852864027023e-02
1.095828294754028320e+00
3.958465531468391418e-02
2.357499122619628906e+00
3.126371011603623629e-04
2.208523899316787720e-01
8.748010993003845215e-01
9.466692209243774414e-01
2.015525341033935547e+00
4.903789758682250977e-01
6.081593036651611328e-01
2.417479641735553741e-02
1.038302108645439148e-01
8.988204002380371094e-01
1.155787855386734009e-01
1.301286518573760986e-01
8.012617826461791992e-01
2.944291569292545319e-02
1.542808022350072861e-03
1.306673698127269745e-02
1.019528388977050781e+00
2.854174673557281494e-01
3.275100290775299072e-01
6.131607666611671448e-02
1.437674015760421753e-01
2.741356492042541504e-01
3.649629116058349609e+00
5.459873471409082413e-03
5.351924896240234375e-02
1.438638381659984589e-02
3.689000308513641357e-01
3.230292081832885742e+00
7.255355268716812134e-02
6.782130803912878036e-03
7.361376285552978516e-02
4.455713629722595215e-01
2.951352000236511230e-01
4.664611537009477615e-03
1.175904064439237118e-03
2.753319144248962402e-01
6.967964768409729004e-02
8.096411824226379395e-02
4.251550510525703430e-02
2.060352325439453125e+00
7.865930199623107910e-01
1.000384390354156494e-01
2.019724100828170776e-01
3.807653114199638367e-02
1.891539059579372406e-02
4.305521547794342041e-01
5.323049798607826233e-02
1.672180369496345520e-03
8.566838502883911133e-02
6.532259583473205566e-01
1.670165777206420898e+00
4.115739166736602783e-01
8.269205689430236816e-02
2.336219847202301025e-01
1.391686052083969116e-01
3.073292732238769531e+00
1.047024577856063843e-01
3.960409760475158691e-01
8.477915823459625244e-02
3.396076858043670654e-01
2.931395173072814941e-01
9.889675974845886230e-01
2.690177917480468750e+00
2.049696445465087891e-01
5.006730556488037109e-01
5.593108385801315308e-02
4.843492351938039064e-04
6.746448278427124023e-01
1.533996500074863434e-02
7.075311988592147827e-02
1.989107578992843628e-02
1.025780677795410156e+00
9.444547891616821289e-01
1.515144467353820801e+00
2.902207337319850922e-02
6.278342753648757935e-02
7.184503600001335144e-03
1.469858646392822266e+00
2.081759274005889893e-02
1.429674476385116577e-01
4.234260022640228271e-01
2.085382193326950073e-01
7.568770647048950195e-01
2.430579811334609985e-01
1.519236266613006592e-01
1.044341444969177246e+00
1.205617785453796387e-01
6.013492238707840443e-04
4.407335072755813599e-03
7.097192406654357910e-01
1.765589714050292969e+00
2.407937526702880859e+00
2.102667652070522308e-02
2.957243099808692932e-02
9.694162607192993164e-01
1.787422001361846924e-01
1.761213690042495728e-02
4.011679906398057938e-03
4.429038465023040771e-01
2.224171608686447144e-01
4.167474806308746338e-01
8.131730370223522186e-03
1.820610910654067993e-01
7.501646876335144043e-03
2.571360170841217041e-01
5.411872267723083496e-01
2.094122618436813354e-01
1.830991744995117188e+00
6.783669814467430115e-03
2.984728515148162842e-01
6.029549241065979004e-02
9.799400717020034790e-02
1.672458797693252563e-01
1.993361301720142365e-02
2.195855602622032166e-02
3.061007559299468994e-01
5.538399145007133484e-02
1.123458981513977051e+00
4.179194569587707520e-02
3.402566611766815186e-01
1.894585555419325829e-03
1.900052428245544434e-01
6.639316678047180176e-02
4.101023077964782715e-01
9.806551970541477203e-03
4.135533794760704041e-02
1.490005088271573186e-04
1.129150986671447754e-01
9.406650438904762268e-03
4.842002987861633301e-01
1.083533048629760742e+00
2.144982367753982544e-01
5.282491445541381836e-01
8.291079998016357422e-01
3.190904622897505760e-03
1.092697381973266602e+00
2.204758077859878540e-01
5.198692679405212402e-01
1.106026396155357361e-01
4.235702101141214371e-03
2.945393025875091553e-01
9.949613362550735474e-03
2.132418006658554077e-01
3.195951879024505615e-02
7.443585395812988281e-01
8.654817938804626465e-01
5.286721587181091309e-01
9.223931431770324707e-01
2.600245177745819092e-02
2.198257856070995331e-02
3.340656682848930359e-02
2.358780987560749054e-02
1.399419124936684966e-04
2.110274434089660645e-01
7.783547639846801758e-01
1.021541580557823181e-01
1.827999055385589600e-01
3.640217008069157600e-03
7.711809277534484863e-01
1.675576567649841309e-01
1.869378387928009033e-01
1.325316786766052246e+00
1.927689835429191589e-02
2.658073425292968750e+00
1.863172501325607300e-01
3.381784260272979736e-01
5.789875984191894531e-01
1.493132412433624268e-01
1.366254389286041260e-01
1.039473265409469604e-01
1.262870430946350098e-02
3.452864289283752441e-01
3.980451822280883789e-02
1.369343250989913940e-01
8.101141452789306641e-01
4.827307164669036865e-02
1.086542531847953796e-01
1.082666367292404175e-01
1.617641210556030273e+00
6.620658636093139648e-01
2.624621987342834473e-02
1.260632127523422241e-01
7.345781475305557251e-02
1.261933147907257080e-01
3.133769333362579346e-02
8.302848786115646362e-02
8.272112011909484863e-01
1.237125322222709656e-01
4.906370043754577637e-01
6.202960014343261719e-01
1.252640597522258759e-02
5.068340301513671875e-01
1.041478872299194336e+00
3.033654391765594482e-01
4.092133939266204834e-01
3.997045755386352539e-01
3.925028741359710693e-01
2.799127623438835144e-02
3.748777508735656738e-02
2.171874195337295532e-01
2.827482819557189941e-01
2.620122628286480904e-03
1.098708868026733398e+00
1.901235990226268768e-02
6.387282907962799072e-02
9.313309788703918457e-01
3.180451393127441406e-01
1.751222088932991028e-02
4.445274546742439270e-02
8.550554513931274414e-01
1.096242666244506836e+00
3.912645205855369568e-02
2.257922142744064331e-01
3.532213270664215088e-01
1.857772111892700195e+00
1.445942670106887817e-01
1.501983880996704102e+00
9.508822858333587646e-02
7.908373326063156128e-02
1.372718997299671173e-02
1.836547553539276123e-01
4.111010730266571045e-01
4.972201585769653320e-02
4.235428944230079651e-02
2.282560057938098907e-02
1.600663065910339355e+00
2.166004180908203125e+00
1.162304542958736420e-02
1.013101458549499512e+00
1.215214356780052185e-01
7.870968431234359741e-03
8.646696060895919800e-02
3.490933775901794434e-01
5.307037848979234695e-03
6.437094270950183272e-05
6.226119399070739746e-01
1.642057061195373535e+00
1.101621836423873901e-01
7.550632953643798828e-02
7.297290023416280746e-03
2.347304821014404297e+00
5.704267024993896484e-01
6.392136216163635254e-02
5.178610086441040039e-01
7.668741941452026367e-01
4.357390478253364563e-02
3.360597491264343262e-01
1.210909802466630936e-03
1.249760985374450684e-01
1.689098328351974487e-01
3.967815935611724854e-01
3.055225014686584473e-01
3.627270162105560303e-01
1.324327458860352635e-04
5.805249810218811035e-01
5.918657034635543823e-02
1.348118066787719727e+00
3.401372134685516357e-01
1.506163626909255981e-01
1.793875358998775482e-02
1.244747787714004517e-01
1.704506874084472656e-01
2.300764799118041992e+00
5.940083861351013184e-01
4.567356407642364502e-02
2.410119771957397461e-01
1.665425896644592285e+00
6.863651424646377563e-02
1.021685838699340820e+00
7.686898112297058105e-01
1.021577119827270508e-01
4.986224770545959473e-01
4.738886374980211258e-03
3.170761346817016602e+00
1.327762246131896973e+00
1.173922047019004822e-02
9.642829746007919312e-02
1.186085790395736694e-01
5.020368695259094238e-01
1.069212332367897034e-03
1.645872592926025391e-01
1.894529461860656738e-01
4.796456694602966309e-01
8.458975702524185181e-03
7.068634629249572754e-01
2.259952743770554662e-04
3.549671173095703125e-01
3.934565484523773193e-01
2.008922165259718895e-03
2.905028462409973145e-01
1.118776082992553711e+00
1.084278821945190430e+00
4.720610752701759338e-02
1.970122575759887695e+00
3.806908130645751953e+00
1.354968058876693249e-03
4.448280669748783112e-03
3.847911357879638672e-01
3.145438386127352715e-04
6.699951291084289551e-01
1.048090934753417969e+00
1.567814648151397705e-01
2.552285492420196533e-01
5.247407825663685799e-04
1.376380473375320435e-01
2.903741002082824707e-01
2.053573578596115112e-01
8.642885833978652954e-03
7.882343530654907227e-01
7.779773324728012085e-02
1.500910148024559021e-03
1.772420257329940796e-01
1.078840196132659912e-01
3.552272915840148926e-01
6.354968994855880737e-02
2.153320014476776123e-01
5.548233911395072937e-02
6.393275260925292969e-01
1.410491578280925751e-02
8.657542467117309570e-01
1.634054034948348999e-01
5.317161083221435547e-01
1.354618072509765625e+00
2.289991974830627441e-01
7.017552107572555542e-02
6.704561114311218262e-01
3.753439337015151978e-02
5.366443656384944916e-03
7.248359173536300659e-02
1.870882213115692139e-01
1.690310388803482056e-01
1.963022828102111816e+00
1.082361777662299573e-04
8.625528812408447266e-01
9.288667701184749603e-03
1.353763818740844727e+00
2.143938541412353516e+00
1.174632906913757324e-01
4.893179610371589661e-02
3.265067338943481445e-01
3.050489127635955811e-01
1.211981754750013351e-02
6.913780421018600464e-02
4.627678394317626953e-01
7.852624356746673584e-02
5.986543372273445129e-02
1.668856739997863770e-01
6.838215589523315430e-01
1.183538317680358887e+00
4.306716844439506531e-02
2.618576865643262863e-03
3.097046539187431335e-02
7.016085088253021240e-02
4.033214226365089417e-02
4.094202816486358643e-01
5.001242160797119141e-01
5.495951175689697266e-01
1.461808532476425171e-01
1.888503879308700562e-01
1.998502947390079498e-02
1.914368867874145508e-01
1.170343041419982910e+00
1.841004565358161926e-02
4.853758960962295532e-02
1.026628091931343079e-01
2.427799701690673828e+00
2.193071991205215454e-01
3.568992316722869873e-01
6.547076255083084106e-02
2.559012174606323242e-01
1.074923649430274963e-01
1.378347635269165039e+00
3.021318316459655762e-01
2.663108706474304199e-02
6.288869380950927734e-01
1.254385709762573242e-01
8.678342700004577637e-01
2.193700969219207764e-01
1.842350349761545658e-03
9.395237429998815060e-04
3.863257467746734619e-01
8.739612102508544922e-01
1.834981918334960938e+00
3.529627084732055664e+00
2.716900315135717392e-03
3.588382303714752197e-01
1.302998781204223633e+00
6.266721338033676147e-02
2.751559317111968994e-01
5.129451747052371502e-04
5.711402893066406250e-01
1.879794150590896606e-02
1.828521341085433960e-01
1.671665012836456299e-01
3.880810141563415527e-01
2.347264885902404785e-01
1.188718900084495544e-02
1.669662743806838989e-01
4.626309871673583984e-01
3.154972218908369541e-04
6.513864547014236450e-02
5.190061405301094055e-02
8.017115294933319092e-02
2.262579798698425293e-01
2.911973046138882637e-03
1.018460750579833984e+00
1.119333785027265549e-02
4.462522454559803009e-03
6.027372181415557861e-02
5.843824148178100586e-01
4.850965365767478943e-02
2.226300351321697235e-02
6.125866994261741638e-02
3.548379540443420410e-01
4.613258242607116699e-01
2.170232590287923813e-03
2.487702369689941406e-01
5.111699104309082031e-01
1.028867587447166443e-01
5.586698651313781738e-01
5.046978592872619629e-02
2.042114268988370895e-03
1.960894316434860229e-01
1.754284143447875977e+00
4.369772225618362427e-02
1.337257474660873413e-01
2.099617719650268555e+00
6.586237251758575439e-02
7.439689338207244873e-02
5.655155330896377563e-02
3.048264086246490479e-01
7.510157047363463789e-06
1.182699110358953476e-02
2.008549451828002930e+00
2.807125635445117950e-02
9.919440001249313354e-02
2.021215200424194336e+00
4.632433131337165833e-02
1.123883947730064392e-02
4.410962865222245455e-04
5.072696805000305176e-01
1.132606528699398041e-02
5.617100000381469727e-01
1.040583103895187378e-01
1.435554176568984985e-01
1.698161959648132324e+00
2.930396469309926033e-03
4.692542552947998047e-02
3.053477220237255096e-02
2.161011993885040283e-01
7.689772248268127441e-01
3.041729144752025604e-02
1.847692430019378662e-01
1.733592450618743896e-01
1.582820415496826172e+00
5.022792220115661621e-01
1.484007691033184528e-03
1.012071892619132996e-01
1.343431472778320312e-01
2.601964212954044342e-02
2.611706852912902832e-01
3.595254898071289062e+00
5.183564499020576477e-02
1.948459446430206299e-01
1.529737830162048340e+00
2.455919981002807617e-01
1.238021731376647949e+00
9.756617248058319092e-03
1.144566893577575684e+00
5.767870694398880005e-02
1.207083702087402344e+00
8.088697195053100586e-01
4.766039922833442688e-02
1.138453960418701172e+00
1.934027299284934998e-02
3.348645865917205811e-01
1.210957206785678864e-02
3.519039973616600037e-02
9.677433371543884277e-01
1.976819485425949097e-01
1.582076102495193481e-01
1.187470182776451111e-02
6.995546072721481323e-02
7.703240960836410522e-03
9.345003366470336914e-01
1.252534706145524979e-02
9.616488963365554810e-02
2.057652920484542847e-01
1.399544954299926758e+00
8.341366052627563477e-01
1.922809600830078125e+00
1.010322809219360352e+00
1.516448259353637695e-01
4.061189480125904083e-03
3.454515933990478516e-01
2.906804345548152924e-02
7.317270636558532715e-01
6.763636469841003418e-01
3.381192684173583984e-01
7.611268013715744019e-02
1.457092314958572388e-01
2.878453116863965988e-03
9.046933799982070923e-02
1.666854918003082275e-01
5.481663346290588379e-01
2.069122076034545898e+00
1.399700902402400970e-02
1.119683265686035156e+00
1.130838505923748016e-02
1.361204147338867188e+00
3.275511860847473145e-01
1.925505101680755615e-01
4.232161641120910645e-01
9.815330803394317627e-02
2.017058730125427246e-01
2.291473373770713806e-02
8.631858229637145996e-02
4.745661020278930664e-01
8.585110306739807129e-01
7.180780917406082153e-02
4.903521537780761719e-01
3.851721063256263733e-02
8.754944056272506714e-02
2.003458976745605469e+00
1.568755251355469227e-03
4.729273915290832520e-01
2.172412164509296417e-02
2.408136427402496338e-01
4.691860079765319824e-02
2.024393826723098755e-01
1.753237366676330566e+00
2.299011126160621643e-02
6.781794428825378418e-01
2.156574875116348267e-01
2.302092015743255615e-01
1.164411604404449463e-01
1.053697913885116577e-01
1.115285754203796387e+00
3.286008238792419434e-01
1.278713345527648926e+00
1.122775003314018250e-01
1.604619622230529785e-02
9.562272429466247559e-01
3.478759288787841797e+00
6.651657167822122574e-05
1.010717526078224182e-01
2.761117815971374512e-01
8.347620256245136261e-03
1.455028653144836426e+00
3.513831179589033127e-03
2.744514867663383484e-02
4.817246198654174805e-01
6.588212400674819946e-02
1.740510165691375732e-01
1.408308744430541992e+00
1.201772838830947876e-01
8.432884933426976204e-04
1.688912957906723022e-01
4.528456553816795349e-02
2.339080870151519775e-01
3.574025332927703857e-01
3.943822383880615234e-01
1.749042153358459473e+00
2.416019439697265625e+00
1.451043784618377686e-01
1.790646612644195557e-01
3.184890374541282654e-02
3.032882511615753174e-01
8.237022848334163427e-05
5.809801071882247925e-02
1.904937089420855045e-03
3.679531160742044449e-03
6.448869705200195312e-01
7.648431658744812012e-01
3.617896884679794312e-02
4.233908653259277344e-01
2.726735115051269531e+00
4.730775952339172363e-02
6.301840543746948242e-01
1.051422301679849625e-02
1.730427704751491547e-02
1.301814019680023193e-01
8.250880241394042969e-01
1.033999204635620117e+00
9.277965873479843140e-02
9.210714139044284821e-03
1.427289396524429321e-01
9.385164082050323486e-02
8.996427990496158600e-03
1.750144362449645996e-02
6.045742630958557129e-01
9.891476482152938843e-02
1.022644758224487305e+00
5.350199528038501740e-03
2.452613711357116699e-01
8.031461387872695923e-02
6.846999377012252808e-02
1.893110871315002441e-01
6.119307503104209900e-02
9.604938030242919922e-01
1.965236961841583252e-01
2.493749000132083893e-02
7.584308832883834839e-02
1.833307091146707535e-03
6.117377877235412598e-01
7.205078005790710449e-01
3.551803231239318848e-01
6.535821128636598587e-03
4.719200357794761658e-02
2.686852216720581055e-01
2.179889008402824402e-02
1.613149535842239857e-03
3.208126723766326904e-01
1.628597497940063477e+00
2.561676502227783203e-01
8.636798262596130371e-01
2.100353091955184937e-01
5.955308675765991211e-01
8.932763338088989258e-01
1.355444313958287239e-03
4.086944833397865295e-02
2.366838976740837097e-03
4.681850969791412354e-01
3.307062387466430664e-01
1.695424169301986694e-01
2.562695145606994629e-01
2.529075443744659424e-01
1.223530620336532593e-03
3.792832605540752411e-03
1.312618255615234375e-01
2.882851600646972656e+00
8.440442383289337158e-02
1.190549582242965698e-01
3.866459941491484642e-03
8.134806752204895020e-01
1.481389906257390976e-02
1.677133986959233880e-04
4.403258562088012695e-01
4.849760532379150391e-01
4.887165427207946777e-01
1.304555777460336685e-02
1.588755726814270020e+00
9.134280085563659668e-01
4.674341063946485519e-03
3.218938708305358887e-01
4.442606493830680847e-02
2.975168824195861816e-01
1.484738290309906006e-01
2.301451683044433594e+00
3.331467509269714355e-02
1.412929773330688477e+00
3.800789359956979752e-03
1.195731759071350098e+00
1.246493905782699585e-01
2.912184894084930420e-01
1.206655383110046387e+00
1.431109666824340820e+00
3.094214946031570435e-02
3.507602512836456299e-01
3.508659303188323975e-01
2.841097414493560791e-01
1.261677742004394531e-01
4.064276814460754395e-03
1.453225314617156982e-01
2.379154227674007416e-02
1.285687834024429321e-01
1.309315115213394165e-01
3.603291511535644531e-01
1.078488081693649292e-01
3.326912969350814819e-02
1.749890804290771484e+00
1.796583980321884155e-01
3.389059007167816162e-01
1.215668022632598877e-02
6.657062172889709473e-01
2.665437757968902588e-01
4.750123023986816406e-01
1.125537455081939697e-01
1.101300954818725586e+00
8.894745707511901855e-01
3.651946410536766052e-02
1.657065935432910919e-03
1.922829747200012207e+00
3.449432849884033203e-01
2.719872398301959038e-03
4.066652357578277588e-01
7.715069502592086792e-02
1.166656017303466797e+00
3.134376049041748047e+00
7.715317010879516602e-01
1.552600115537643433e-01
8.543321490287780762e-02
4.527271538972854614e-02
9.527434594929218292e-04
4.920077323913574219e-01
1.721651665866374969e-02
1.661244392395019531e+00
5.742903351783752441e-01
6.785832345485687256e-02
4.842004552483558655e-02
5.558995604515075684e-01
5.500968098640441895e-01
2.587223984301090240e-02
1.233475804328918457e-01
1.689382314682006836e+00
3.603752003982663155e-03
2.686001956462860107e-01
9.297178983688354492e-01
3.914532661437988281e+00
3.689660504460334778e-02
4.381580278277397156e-03
1.131177097558975220e-01
9.158766269683837891e-01
4.018383920192718506e-01
3.474766314029693604e-01
4.158868789672851562e-01
1.044375181198120117e+00
1.079318404197692871e+00
3.707944452762603760e-01
1.548692137002944946e-01
7.870793342590332031e-01
4.471709728240966797e-01
5.910893436521291733e-03
5.632700771093368530e-02
1.096934795379638672e+00
5.151063203811645508e-02
7.289375062100589275e-04
1.158531606197357178e-01
4.706316068768501282e-02
3.069420531392097473e-02
1.624140262603759766e+00
9.061403870582580566e-01
2.707962319254875183e-02
1.883768439292907715e-01
9.341859817504882812e-01
5.057962844148278236e-04
8.014543913304805756e-03
2.837140891642775387e-05
1.288217425346374512e+00
9.650246240198612213e-03
3.927472829818725586e-01
8.254613280296325684e-01
3.268711268901824951e-01
1.904751658439636230e-01
1.594741456210613251e-02
1.918144058436155319e-03
1.336991670541465282e-03
2.049130201339721680e-01
2.287366867065429688e+00
6.077080219984054565e-02
3.842167258262634277e-01
1.977785080671310425e-01
7.262315750122070312e-01
2.742369286715984344e-02
6.918973326683044434e-01
4.683381021022796631e-01
2.348666489124298096e-01
2.329495269805192947e-03
9.375097751617431641e-01
2.191260606050491333e-01
7.187041044235229492e-01
4.138467013835906982e-01
3.995336592197418213e-01
3.551696240901947021e-02
1.957644941285252571e-03
5.097873806953430176e-01
2.417230308055877686e-01
2.826109714806079865e-02
2.883307076990604401e-02
4.806810915470123291e-01
4.732716828584671021e-03
2.719766795635223389e-01
2.652055118232965469e-04
2.491261810064315796e-01
3.584927916526794434e-01
2.195271253585815430e+00
1.114432334899902344e+00
4.166580677032470703e+00
2.214081585407257080e-02
9.031272679567337036e-02
1.931408233940601349e-02
3.524402901530265808e-02
3.132463619112968445e-02
7.608261704444885254e-01
2.261176519095897675e-02
3.752956911921501160e-02
4.151647090911865234e-01
9.063959121704101562e-01
4.366691410541534424e-02
3.823527395725250244e-01
2.817777097225189209e-01
1.091227531433105469e+00
1.764638125896453857e-01
3.745650529861450195e+00
1.447533257305622101e-02
7.939065992832183838e-02
2.059468626976013184e-02
5.959142744541168213e-02
2.930221259593963623e-01
7.964907288551330566e-01
2.408929576631635427e-04
9.351846575736999512e-01
1.133838176727294922e+00
9.282870292663574219e-01
9.673038125038146973e-02
5.012086629867553711e-01
2.665028572082519531e-01
1.728827599436044693e-03
1.105279326438903809e-01
3.306685686111450195e-01
1.002298742532730103e-01
3.046966791152954102e-01
3.512751579284667969e+00
1.597181707620620728e-02
4.769392684102058411e-02
4.564197063446044922e+00
3.479782640933990479e-01
3.195058345794677734e+00
1.356748640537261963e-01
2.387651056051254272e-01
2.927543828263878822e-03
7.312249541282653809e-01
5.531470775604248047e-01
3.109192661941051483e-02
4.263122566044330597e-03
1.017308473587036133e+00
9.610576555132865906e-03
5.296190455555915833e-02
1.403306484222412109e+00
5.626800060272216797e-01
2.398185580968856812e-01
1.714855246245861053e-02
2.854682505130767822e-01
3.754242882132530212e-02
3.866770863533020020e-01
2.639777660369873047e-01
2.756089158356189728e-02
5.914590954780578613e-01
4.256291687488555908e-02
4.211199283599853516e+00
1.891112029552459717e-01
2.406051456928253174e-01
3.792526945471763611e-02
7.971983402967453003e-02
4.440363645553588867e-01
2.574802398681640625e+00
1.074585318565368652e-01
6.408295631408691406e-01
5.901986956596374512e-01
2.952879853546619415e-02
8.661312609910964966e-02
2.801531255245208740e-01
1.765935122966766357e-01
5.934661030769348145e-01
1.352139655500650406e-02
1.481549263000488281e+00
6.583785172551870346e-03
1.078229188919067383e+00
1.629005908966064453e+00
6.890416145324707031e-02
1.288928866386413574e+00
5.533334985375404358e-02
5.689126253128051758e-02
9.224151372909545898e-01
7.684373855590820312e-01
7.771126925945281982e-02
1.482823640108108521e-01
1.991591811180114746e+00
2.921443223953247070e+00
1.674288958311080933e-01
1.136668443679809570e+00
2.632741928100585938e-01
1.036583329550921917e-03
1.038292236626148224e-02
5.208764076232910156e-01
7.279656827449798584e-03
2.204262763261795044e-01
7.083299160003662109e-01
1.210341334342956543e+00
9.274140931665897369e-03
2.623359203338623047e+00
4.810346364974975586e-01
6.129149198532104492e-01
1.608507940545678139e-03
1.484483829699456692e-03
9.799232706427574158e-03
2.275559902191162109e-01
8.387623238377273083e-04
4.545869827270507812e-01
2.453394889831542969e+00
5.100269243121147156e-02
3.310644328594207764e-01
1.167993545532226562e+00
1.156852813437581062e-03
2.808081684634089470e-03
6.563521921634674072e-02
4.714207723736763000e-03
1.464338898658752441e-01
9.004465490579605103e-02
3.044862151145935059e-01
3.699722001329064369e-03
6.056231260299682617e-01
3.632032573223114014e-01
5.622270703315734863e-01
1.145263463258743286e-01
7.715400308370590210e-02
6.829557418823242188e-01
6.888688076287508011e-03
7.968009710311889648e-01
4.884334206581115723e-01
6.295777559280395508e-01
4.947680979967117310e-03
2.677337646484375000e+00
3.464496508240699768e-02
8.180091157555580139e-03
3.092222511768341064e-01
6.437161937355995178e-03
1.281005144119262695e-01
1.530732393264770508e+00
2.042917311191558838e-01
7.434663176536560059e-01
7.042177915573120117e-01
5.471645593643188477e-01
4.258358776569366455e-01
3.892617532983422279e-04
4.592704121023416519e-03
4.036339819431304932e-01
6.029204130172729492e-01
2.885067462921142578e-02
1.007790304720401764e-02
2.457169294357299805e+00
1.201238930225372314e-01
2.771279960870742798e-02
2.651081383228302002e-01
9.159035235643386841e-02
1.373017787933349609e+00
1.011590193957090378e-02
1.708163470029830933e-01
3.524558842182159424e-01
4.484358709305524826e-03
4.203481078147888184e-01
9.558120369911193848e-02
8.648997545242309570e-01
1.646221429109573364e-01
1.307285577058792114e-02
4.980086088180541992e-01
9.221226908266544342e-03
1.622241735458374023e-01
2.472103118896484375e+00
7.079610228538513184e-02
2.482992112636566162e-01
1.650594770908355713e-01
5.378046259284019470e-02
6.702785491943359375e-01
6.412207335233688354e-02
2.257756590843200684e-01
1.042476817965507507e-01
1.875547925010323524e-03
3.231613159179687500e+00
1.468783378601074219e+00
2.031928539276123047e+00
1.011364936828613281e+00
3.361269086599349976e-02
1.412713062018156052e-02
2.597643435001373291e-02
6.048054695129394531e-01
2.250760197639465332e-01
4.819414019584655762e-01
1.457367185503244400e-02
4.613581895828247070e-01
4.868201911449432373e-03
5.155811309814453125e-01
1.580590324010699987e-04
4.230047017335891724e-02
7.813449203968048096e-02
2.752327593043446541e-03
4.586516022682189941e-01
1.166574880480766296e-01
3.227487802505493164e-01
2.825379744172096252e-02
2.183781564235687256e-01
2.700143456459045410e-01
9.619079828262329102e-01
3.864668607711791992e-01
2.033772170543670654e-01
3.072641491889953613e-01
4.703779518604278564e-02
1.406375646591186523e+00
1.488394886255264282e-01
4.800597727298736572e-01
1.539611220359802246e+00
3.349381089210510254e-01
7.339079678058624268e-02
1.182486230391077697e-04
4.219659045338630676e-02
9.660660028457641602e-01
4.091854020953178406e-02
4.264596849679946899e-02
9.209164977073669434e-01
2.663400257006287575e-03
6.610299944877624512e-01
1.619075775146484375e+00
1.609851606190204620e-02
4.288305640220642090e-01
2.570468485355377197e-01
3.518176823854446411e-02
6.022983789443969727e-01
3.910473585128784180e+00
4.412165284156799316e-01
2.169904112815856934e-02
2.026298999786376953e+00
1.179954130202531815e-02
2.044456601142883301e-01
1.210122555494308472e-01
2.981596887111663818e-01
4.989434499293565750e-03
3.493410646915435791e-01
8.731797337532043457e-01
1.530671566724777222e-01
1.153775230050086975e-01
1.465837061405181885e-01
1.776898354291915894e-01
1.271207034587860107e-01
6.302768737077713013e-02
6.246217712759971619e-02
1.171541929244995117e+00
8.873788267374038696e-02
1.696889661252498627e-02
3.551843576133251190e-03
4.079414531588554382e-02
5.377115216106176376e-03
3.268039822578430176e-01
1.199360354803502560e-03
1.532512187957763672e+00
2.863785922527313232e-01
5.859260559082031250e-01
3.045684425160288811e-03
2.819687128067016602e-01
2.350578755140304565e-01
6.979894042015075684e-01
9.655486064730212092e-05
9.121650829911231995e-03
8.092047274112701416e-02
9.102159179747104645e-03
8.761771954596042633e-03
3.359326422214508057e-01
4.336765408515930176e-02
2.801886200904846191e-01
4.438667558133602142e-03
1.580282896757125854e-01
2.659666538238525391e-01
1.223887782543897629e-03
4.252483195159584284e-04
3.104585707187652588e-01
9.599006175994873047e-01
6.233620643615722656e-01
3.687963820993900299e-03
4.309652838855981827e-03
3.638887107372283936e-01
1.902720570564270020e+00
1.096215471625328064e-01
9.675229787826538086e-01
5.678303167223930359e-02
1.006949543952941895e+00
2.144713997840881348e-01
3.247530758380889893e-01
5.996514558792114258e-01
2.552045285701751709e-01
2.718485146760940552e-02
1.492424964904785156e+00
2.919969335198402405e-02
5.894429609179496765e-02
4.057986140251159668e-01
1.072311028838157654e-01
1.151286624372005463e-02
1.566255697980523109e-03
7.723709940910339355e-02
8.656206130981445312e-01
9.575588703155517578e-01
9.288049186579883099e-04
4.794062674045562744e-01
3.639084100723266602e-02
2.797632105648517609e-02
1.756266951560974121e-01
1.219707608222961426e+00
2.246396988630294800e-01
4.964251518249511719e-01
2.533680526539683342e-03
5.179320927709341049e-03
4.098595082759857178e-01
1.473647475242614746e+00
5.804180502891540527e-01
3.467513620853424072e-02
2.167109698057174683e-01
1.711812615394592285e-01
1.740172654390335083e-01
2.683373866602778435e-03
1.642678827047348022e-01
3.166109085083007812e+00
2.036565542221069336e-02
1.367685794830322266e+00
2.591902613639831543e-01
6.413985043764114380e-02
1.880188356153666973e-03
4.051453899592161179e-03
1.922953873872756958e-02
4.990722239017486572e-02
9.880564175546169281e-03
1.151520490646362305e+00
1.017015650868415833e-01
5.802183747291564941e-01
4.423832520842552185e-03
3.059003353118896484e-01
7.754600048065185547e-01
3.603374585509300232e-02
1.635689884424209595e-01
1.228794813156127930e+00
2.487280368804931641e-01
1.235917687416076660e+00
1.417970299720764160e+00
3.393761813640594482e-01
3.213804364204406738e-01
1.693997263908386230e+00
1.488954663276672363e+00
1.597080379724502563e-01
2.000161886215209961e+00
3.032036721706390381e-01
1.818142175674438477e+00
3.547648191452026367e-01
6.451908848248422146e-04
6.867130994796752930e-01
1.598271369934082031e+00
2.850100100040435791e-01
9.345975518226623535e-01
1.686979681253433228e-01
1.036850214004516602e+00
1.372401509433984756e-02
1.838049888610839844e+00
1.227758601307868958e-01
4.804552793502807617e-01
3.581108152866363525e-01
4.514858126640319824e-03
6.733939517289400101e-03
3.096685111522674561e-01
3.887003287672996521e-03
6.301257014274597168e-02
7.083777338266372681e-03
3.781731605529785156e+00
3.243918418884277344e-01
1.037324778735637665e-02
3.934738226234912872e-03
2.385629341006278992e-03
8.647141046822071075e-03
1.217577373608946800e-03
7.720588473603129387e-04
1.845684498548507690e-01
3.071305155754089355e-01
6.406239867210388184e-01
3.053384833037853241e-02
7.794826477766036987e-02
2.706773519515991211e+00
1.021045371890068054e-01
2.756845057010650635e-01
2.939114868640899658e-01
1.805373281240463257e-01
3.021741509437561035e-01
2.253632396459579468e-01
1.273179352283477783e-01
2.512955665588378906e-02
2.194596081972122192e-02
1.554334878921508789e+00
2.310400903224945068e-01
5.778753757476806641e-01
1.978382617235183716e-01
1.882683672010898590e-02
1.064609643071889877e-02
9.658355712890625000e-01
8.366520404815673828e-01
7.145800162106752396e-03
6.007325649261474609e-01
1.426241874694824219e+00
1.912860721349716187e-01
3.884322643280029297e-01
8.259419202804565430e-01
1.836995827034115791e-03
2.825483381748199463e-01
1.980386525392532349e-01
2.839507162570953369e-01
1.260880231857299805e-01
2.071211785078048706e-01
1.668759882450103760e-01
1.236104592680931091e-01
1.058839321136474609e+00
2.409961938858032227e+00
1.645940393209457397e-01
9.366906881332397461e-01
3.267143070697784424e-01
2.251150459051132202e-01
9.226373367710039020e-05
6.092615127563476562e-01
6.812016665935516357e-02
7.122601964510977268e-04
3.800467848777770996e-01
1.315756794065237045e-02
8.359477519989013672e-01
5.937860012054443359e-01
4.852896928787231445e-01
2.150281704962253571e-02
1.095137521624565125e-01
4.091635942459106445e-01
7.809413671493530273e-01
6.199460029602050781e-01
1.207556650042533875e-01
1.456157118082046509e-02
2.062922716140747070e-01
8.704003691673278809e-02
7.815506458282470703e-01
3.327814340591430664e-01
2.469293475151062012e-01
1.125780269503593445e-01
9.034371376037597656e-01
8.557821810245513916e-02
2.254614792764186859e-02
1.719704121351242065e-01
3.583614230155944824e-01
7.891409099102020264e-02
1.170223504304885864e-01
7.482860237360000610e-02
9.059739112854003906e-02
2.061377614736557007e-01
3.744508624076843262e-01
5.904507040977478027e-01
3.997478783130645752e-01
1.280666440725326538e-01
9.127648919820785522e-02
6.009940057992935181e-02
4.785275552421808243e-03
1.079291224479675293e+00
3.355967700481414795e-01
2.821514382958412170e-03
1.370520144701004028e-02
9.880817681550979614e-02
1.020379422698169947e-04
1.180621087551116943e-01
2.531684876885265112e-04
7.667765021324157715e-01
1.143973842263221741e-01
1.064586080610752106e-02
3.367186188697814941e-01
4.445597529411315918e-01
2.785544097423553467e-01
6.783091812394559383e-04
8.418312296271324158e-03
1.902463436126708984e-01
7.897521257400512695e-01
4.309652447700500488e-01
7.256635427474975586e-01
1.152719333767890930e-01
8.020513653755187988e-01
3.540098667144775391e-02
1.525684632360935211e-02
2.777255177497863770e-01
3.944000229239463806e-03
7.138899713754653931e-02
4.336891472339630127e-01
8.990791440010070801e-02
4.689353108406066895e-01
1.374814957380294800e-01
4.427576437592506409e-02
7.504043579101562500e-01
1.247448846697807312e-02
3.427623212337493896e-01
1.356925368309020996e+00
3.379334211349487305e-01
2.660397440195083618e-04
1.194818839430809021e-01
7.729606628417968750e-01
1.150182262063026428e-01
6.811270117759704590e-02
1.770407706499099731e-02
1.097627729177474976e-01
1.722397327423095703e+00
6.492413813248276711e-04
5.404622759670019150e-03
9.023735765367746353e-05
2.416213601827621460e-01
2.200313508510589600e-01
5.539967119693756104e-02
1.489032804965972900e-01
1.151808261871337891e+00
4.519529342651367188e-01
1.180554509162902832e+00
3.294856250286102295e-01
4.304054379463195801e-01
1.245555132627487183e-01
1.085975646972656250e+00
8.660731837153434753e-03
8.200500011444091797e-01
2.357089519500732422e-01
2.628315091133117676e-01
4.698484539985656738e-01
7.759456336498260498e-02
1.044945977628231049e-02
7.744605541229248047e-01
5.888113379478454590e-02
1.239853203296661377e-01
3.993161439895629883e+00
1.330038625746965408e-02
1.620409544557332993e-03
1.482006460428237915e-01
2.185616344213485718e-01
1.887041568756103516e+00
8.244279623031616211e-01
3.551351279020309448e-02
1.005228519439697266e+00
1.884888112545013428e-01
1.613416671752929688e-01
2.569674849510192871e-01
6.531579494476318359e-01
8.666044473648071289e-01
5.111737847328186035e-01
1.793819516897201538e-01
1.151594296097755432e-01
6.666925549507141113e-01
2.395720332860946655e-01
1.906245830468833447e-03
9.075449407100677490e-02
1.608931571245193481e-01
1.031410694122314453e+00
2.503469027578830719e-02
3.721667528152465820e+00
1.422339528799057007e-01
5.941681861877441406e-01
4.296512305736541748e-01
1.281976252794265747e-01
3.655237555503845215e-01
8.573458343744277954e-02
2.793087996542453766e-02
2.876450717449188232e-01
5.176728367805480957e-01
1.639572344720363617e-02
3.731537342071533203e+00
2.769726142287254333e-02
3.954839706420898438e+00
1.141107320785522461e+00
5.741742253303527832e-01
8.262008428573608398e-01
2.003411293029785156e+00
6.082545518875122070e-01
8.482616394758224487e-03
3.226232528686523438e-02
9.081633388996124268e-02
2.289982438087463379e-01
4.312627017498016357e-01
1.075967308133840561e-02
1.961185596883296967e-02
1.767010092735290527e-01
1.375355124473571777e-01
1.224721199832856655e-03
6.866908669471740723e-01
3.792922794818878174e-01
3.136549592018127441e-01
7.262805104255676270e-02
4.204788506031036377e-01
9.771522879600524902e-02
1.035934686660766602e-01
9.831759929656982422e-01
1.250921338796615601e-01
2.762972712516784668e-01
1.493094563484191895e+00
1.036344766616821289e+00
1.674704402685165405e-01
3.816940123215317726e-03
4.886382222175598145e-01
1.390037592500448227e-02
5.171968135982751846e-03
8.687562942504882812e-01
2.145963460206985474e-01
1.023012865334749222e-02
2.406322164461016655e-03
3.099325895309448242e+00
5.583920702338218689e-02
6.759268045425415039e-01
1.172509074211120605e+00
1.070621967315673828e+00
2.379701472818851471e-02
3.260373175144195557e-01
6.612253189086914062e-01
3.594724694266915321e-03
4.432286322116851807e-02
1.184624433517456055e+00
1.811675876379013062e-01
1.575240492820739746e-02
1.880328774452209473e+00
1.621898174285888672e+00
5.175776779651641846e-02
5.520792603492736816e-01
4.851728081703186035e-01
3.117951750755310059e-02
3.544750809669494629e-01
3.578830361366271973e-01
1.936055272817611694e-01
1.097632050514221191e+00
1.368270367383956909e-01
7.986246943473815918e-01
8.498886227607727051e-02
1.165991544723510742e+00
3.593418048694729805e-03
2.757659554481506348e-01
2.311207056045532227e-01
1.503774523735046387e-02
2.794868350028991699e-01
1.191981881856918335e-02
1.843118965625762939e-01
3.459058403968811035e-01
1.169584020972251892e-01
3.029402345418930054e-03
1.808312684297561646e-01
2.131407707929611206e-01
3.120597824454307556e-02
1.466330140829086304e-01
2.610465586185455322e-01
2.788485586643218994e-02
6.344178691506385803e-03
6.027788622304797173e-04
1.426631212234497070e+00
3.231449425220489502e-02
1.927138268947601318e-01
1.794542819261550903e-01
5.561000201851129532e-03
3.753069937229156494e-01
1.965259201824665070e-03
9.561552405357360840e-01
4.726158976554870605e-01
5.745799746364355087e-03
3.438925981521606445e+00
5.616047978401184082e-01
3.928142413496971130e-02
2.724297158420085907e-02
6.435384973883628845e-03
2.735700607299804688e-01
6.915562786161899567e-03
4.118816256523132324e-01
2.765404526144266129e-03
8.124351501464843750e-01
1.728169202804565430e+00
5.329142138361930847e-02
9.252310544252395630e-02
4.635763764381408691e-01
9.143192768096923828e-01
1.075332880020141602e+00
8.821563795208930969e-03
1.049118876457214355e+00
1.161893129348754883e+00
4.523939788341522217e-01
8.973000049591064453e-01
3.384965658187866211e-01
6.421844661235809326e-02
2.060648053884506226e-02
1.137179601937532425e-02
5.803985521197319031e-02
1.008741185069084167e-01
1.354327145963907242e-02
5.719960667192935944e-03
4.919591903686523438e+00
3.785821199417114258e-01
1.809035986661911011e-01
7.998519390821456909e-02
1.001444607973098755e-01
7.574767470359802246e-01
4.316537175327539444e-03
1.959724351763725281e-02
8.544164150953292847e-02
3.785352408885955811e-01
6.697318749502301216e-04
1.948688030242919922e-01
1.092207908630371094e+00
4.879227653145790100e-02
5.409218072891235352e-01
1.393258851021528244e-02
3.064662516117095947e-01
1.715108394622802734e+00
1.313827279955148697e-02
1.778925210237503052e-01
4.618789553642272949e-01
4.136815201491117477e-03
4.184454381465911865e-01
6.935604661703109741e-02
7.380391955375671387e-01
4.028771817684173584e-02
1.511697411537170410e+00
1.222816179506480694e-03
3.494039922952651978e-02
2.247598208487033844e-02
1.380324945785105228e-03
2.779500558972358704e-02
5.750603675842285156e-01
2.791221626102924347e-02
1.278151124715805054e-01
1.492703109979629517e-01
8.390005677938461304e-04
6.286268681287765503e-02
9.665477089583873749e-03
9.463633596897125244e-02
2.029754072427749634e-01
1.979594677686691284e-02
3.633972108364105225e-01
7.598419487476348877e-02
2.449764870107173920e-02
2.177284508943557739e-01
1.556830525398254395e+00
3.551556766033172607e-01
5.957624912261962891e-01
7.477263361215591431e-02
1.170623302459716797e-01
1.187976360321044922e+00
5.285188928246498108e-02
3.584396541118621826e-01
3.943374007940292358e-02
1.543129563331604004e+00
1.360195502638816833e-02
5.604612827301025391e-01
1.564386785030364990e-01
1.749771879985928535e-03
5.865859799087047577e-03
2.300213813781738281e+00
1.090276017785072327e-01
3.662358596920967102e-02
2.683977782726287842e-01
5.267662927508354187e-04
3.883084747940301895e-03
1.325484633445739746e+00
1.790011301636695862e-02
1.998569071292877197e-01
3.257357701659202576e-02
7.535367272794246674e-03
4.566650465130805969e-02
4.125473201274871826e-01
1.144227147102355957e+00
1.779347211122512817e-01
3.712107613682746887e-02
3.258473873138427734e-01
1.502025770605541766e-05
2.960610948503017426e-02
1.480469800299033523e-04
5.241327285766601562e-01
3.838313817977905273e-01
2.806893736124038696e-02
9.481518529355525970e-03
7.965068817138671875e-01
2.368408022448420525e-04
2.680316567420959473e-01
4.647626280784606934e-01
4.650071263313293457e-01
4.363918304443359375e-02
4.289323985576629639e-01
8.958504535257816315e-03
5.151753872632980347e-02
5.405821278691291809e-02
2.488581687211990356e-01
1.910266131162643433e-01
1.035448908805847168e-02
1.022743463516235352e+00
2.333865910768508911e-01
2.039705961942672729e-01
2.958969473838806152e-01
6.415603756904602051e-01
2.295346409082412720e-01
2.764810109511017799e-03
6.304055452346801758e-02
2.887139618396759033e-01
1.198821961879730225e-01
4.190455377101898193e-02
1.449606614187359810e-03
2.995529910549521446e-03
2.493609786033630371e-01
1.170011386275291443e-01
4.655231023207306862e-04
2.862735092639923096e-02
3.784163156524300575e-03
1.962690830230712891e+00
9.648133516311645508e-01
8.444397151470184326e-02
7.593977451324462891e-02
7.598087936639785767e-02
3.713414907455444336e+00
9.124112129211425781e-02
5.988743901252746582e-02
7.460185289382934570e-01
7.573886513710021973e-01
1.342838406562805176e-01
4.613902419805526733e-02
1.215467788279056549e-02
2.633576869964599609e+00
1.731921685859560966e-03
1.155036807060241699e+00
4.140460789203643799e-01
1.079391241073608398e+00
2.845014929771423340e-01
1.253405865281820297e-02
8.341898769140243530e-02
1.531500485725700855e-03
1.094892844557762146e-01
4.939762949943542480e-01
7.211131602525711060e-02
1.441603899002075195e+00
4.045917987823486328e-01
7.589671760797500610e-03
1.705269813537597656e-01
5.815672501921653748e-02
1.524416655302047729e-01
2.990563511848449707e-01
1.194137521088123322e-02
9.261352568864822388e-02
3.485879302024841309e-01
5.658714294433593750e+00
5.239733457565307617e-01
6.214439868927001953e-01
1.195583641529083252e-01
1.335920183919370174e-03
1.740245521068572998e-02
1.098619773983955383e-02
3.347905576229095459e-01
1.822240883484482765e-03
3.644870817661285400e-01
5.127362534403800964e-02
1.989767886698246002e-03
8.343386054039001465e-01
2.437090873718261719e-01
1.163703873753547668e-01
3.238998651504516602e-01
1.718697071075439453e+00
1.475000977516174316e-01
4.827667474746704102e-01
2.152265049517154694e-02
4.055249392986297607e-01
2.283697426319122314e-01
5.656853318214416504e-01
1.264126896858215332e-01
2.844633102416992188e+00
1.323109678924083710e-02
1.809900403022766113e-01
5.014699418097734451e-03
6.942243874073028564e-02
9.271375602111220360e-04
6.198085546493530273e-01
1.524628549814224243e-01
3.664621710777282715e-01
5.446028709411621094e-01
4.816941618919372559e-01
5.306972265243530273e-01
4.816596396267414093e-03
8.675796538591384888e-02
1.893773302435874939e-02
7.862927764654159546e-02
8.413465693593025208e-03
2.879311144351959229e-02
2.299048900604248047e-01
5.611381959170103073e-03
1.789517467841506004e-03
2.504643239080905914e-02
4.013653695583343506e-01
6.265705823898315430e-01
6.811682251282036304e-04
1.518744677305221558e-01
7.417620718479156494e-02
3.146936884149909019e-03
2.087852001190185547e+00
2.845374643802642822e-01
2.181221693754196167e-01
4.666070640087127686e-02
3.337549924850463867e+00
7.418528199195861816e-02
2.051216214895248413e-01
1.052112340927124023e+00
2.532274648547172546e-02
1.169020682573318481e-02
3.096433915197849274e-02
1.196803092956542969e+00
3.518582787364721298e-03
1.728459261357784271e-02
9.495022892951965332e-02
2.164783775806427002e-01
3.592467866837978363e-03
1.240999922156333923e-01
7.999551892280578613e-01
4.575624316930770874e-02
7.346756290644407272e-03
4.142841339111328125e+00
1.125762701034545898e+00
4.243930578231811523e-01
2.796472981572151184e-02
1.284327264875173569e-02
1.374235842376947403e-02
3.697564825415611267e-02
4.652860388159751892e-02
3.991540148854255676e-02
6.785776466131210327e-02
2.695297598838806152e-01
8.488647639751434326e-02
2.950831130146980286e-02
1.194738317281007767e-02
3.323442116379737854e-02
8.983116149902343750e-01
1.409775316715240479e-01
2.005231976509094238e-01
1.411984302103519440e-02
1.235050894320011139e-02
2.536814808845520020e-01
3.082795254886150360e-02
5.969275832176208496e-01
8.519655466079711914e-02
7.577220797538757324e-01
7.423266023397445679e-02
7.134191393852233887e-01
8.192281820811331272e-04
3.161530792713165283e-01
3.295936062932014465e-02
1.219467043876647949e+00
9.653675369918346405e-04
8.194570988416671753e-02
1.188095062971115112e-01
1.228789687156677246e-01
2.532966900616884232e-03
1.024741008877754211e-01
7.555795907974243164e-01
1.507925093173980713e-01
4.501663446426391602e-01
5.777801387012004852e-03
1.533707082271575928e-01
1.559220999479293823e-01
1.993400156497955322e-01
2.086581103503704071e-02
6.577062010765075684e-01
4.750922918319702148e-01
2.276966907083988190e-02
6.231512427330017090e-01
1.146682575345039368e-01
2.597305476665496826e-01
3.541915893554687500e+00
8.119575977325439453e-01
7.900182157754898071e-03
1.627442955970764160e+00
9.185909293591976166e-03
9.280755184590816498e-03
4.056340083479881287e-02
1.000649780035018921e-01
3.289837837219238281e-01
2.249055169522762299e-02
3.924600780010223389e-02
6.728729605674743652e-02
4.787394404411315918e-02
5.705888271331787109e-01
5.225927103310823441e-03
1.861031516455113888e-03
4.376771450042724609e-01
2.513156235218048096e-01
1.467281430959701538e-01
1.328538298606872559e+00
6.373395323753356934e-01
4.009112119674682617e-01
3.215343654155731201e-01
6.459042429924011230e-02
2.127713859081268311e-01
5.490106064826250076e-03
9.488695263862609863e-01
5.668537691235542297e-02
2.660589218139648438e-01
7.290766239166259766e-01
3.635709285736083984e-01
1.028248190879821777e+00
1.148322343826293945e+00
5.400411412119865417e-02
1.935442164540290833e-02
2.352679893374443054e-02
3.693671524524688721e-01
6.508615479106083512e-05
6.797277927398681641e-01
3.469742238521575928e-01
7.216943502426147461e-01
2.612182497978210449e-01
5.570198297500610352e-01
2.737615406513214111e-01
2.330601029098033905e-02
3.733048439025878906e-01
7.207504659891128540e-02
8.218872360885143280e-03
1.491534560918807983e-01
1.089349165558815002e-01
1.577178984880447388e-01
4.886095970869064331e-02
2.588495379313826561e-03
2.013035774230957031e+00
1.071096491068601608e-02
1.985332928597927094e-02
1.101194262504577637e+00
7.857605814933776855e-02
2.233335077762603760e-01
1.782742142677307129e-01
4.675849676132202148e-01
1.371194571256637573e-01
3.359149694442749023e+00
5.956724882125854492e-01
7.671128511428833008e-01
1.045219898223876953e+00
3.329687984660267830e-03
1.041855096817016602e+00
1.105701684951782227e+00
9.657307863235473633e-01
1.566449165344238281e+00
6.435373425483703613e-01
8.647750616073608398e-01
1.775475800968706608e-03
1.843842715024948120e-01
3.650762513279914856e-02
7.675431966781616211e-01
1.858372926712036133e+00
3.515789508819580078e-01
2.111475318670272827e-01
1.278794765472412109e+00
1.652989029884338379e+00
1.784412980079650879e+00
2.302541732788085938e-01
1.044631004333496094e+00
1.993950724601745605e+00
5.433908663690090179e-03
5.896909628063440323e-03
4.449470713734626770e-02
5.934062600135803223e-01
6.331829428672790527e-01
6.744916439056396484e-01
5.281305871903896332e-03
3.941269125789403915e-03
2.959991097450256348e-01
2.670328505337238312e-02
3.889841586351394653e-02
1.237198039889335632e-01
5.227220058441162109e-01
1.177114486694335938e+00
6.967264413833618164e-02
1.185507059097290039e+00
1.037920638918876648e-01
1.319752693176269531e+00
4.274465888738632202e-02
2.194285839796066284e-01
3.022889979183673859e-02
7.449423074722290039e-01
3.742191791534423828e-01
9.449968487024307251e-02
6.758185625076293945e-01
1.006740778684616089e-01
1.088625907897949219e+00
5.028524622321128845e-02
1.448777168989181519e-01
3.760585069656372070e+00
1.634752377867698669e-02
1.215550661087036133e+00
3.243579342961311340e-02
2.737547636032104492e+00
6.498631238937377930e-01
2.847133636474609375e+00
2.491229446604847908e-03
2.322075515985488892e-02
1.621404439210891724e-01
9.571500122547149658e-04
6.464344263076782227e-01
2.342748343944549561e-01
8.412510156631469727e-01
4.030890017747879028e-02
2.110009640455245972e-02
4.915280342102050781e-01
7.039040327072143555e-01
1.216887831687927246e+00
2.034738063812255859e-01
3.323375463485717773e+00
5.377967283129692078e-02
2.769001960754394531e+00
5.147072076797485352e-01
1.325528621673583984e-01
3.094111010432243347e-02
5.415533185005187988e-01
6.721908599138259888e-02
1.793887093663215637e-02
1.938522934913635254e+00
3.734157681465148926e-01
1.771102190017700195e+00
6.084747314453125000e-01
1.049247682094573975e-01
1.482841134071350098e+00
3.376758396625518799e-01
3.032544851303100586e+00
1.811851978302001953e+00
1.149827498011291027e-03
2.694235555827617645e-02
1.078973934054374695e-01
5.223108530044555664e-01
1.134253293275833130e-01
3.764529898762702942e-02
3.835703246295452118e-03
1.701448671519756317e-02
4.342906549572944641e-02
7.661470174789428711e-01
9.921544790267944336e-02
3.923982009291648865e-02
7.522661089897155762e-01
9.685724973678588867e-01
4.975252598524093628e-02
8.240799307823181152e-01
6.908903121948242188e-01
6.251104474067687988e-01
3.756332769989967346e-02
1.586180925369262695e+00
2.789074182510375977e-01
1.013275161385536194e-01
3.795467019081115723e-01
1.889434576034545898e+00
9.754482656717300415e-02
1.898422688245773315e-01
2.660777568817138672e-01
1.203641593456268311e-01
1.987542361021041870e-01
6.070495024323463440e-02
1.349258236587047577e-02
6.565371155738830566e-01
2.005408518016338348e-02
7.153871655464172363e-02
2.034011602401733398e+00
2.496890425682067871e-01
9.416333399713039398e-03
1.516424715518951416e-01
4.530878737568855286e-03
9.609115123748779297e-02
1.794250905513763428e-01
2.740640938282012939e-02
1.071968078613281250e+00
3.826149925589561462e-02
3.524165833368897438e-03
3.242979764938354492e+00
4.750556945800781250e-01
2.973155491054058075e-02
8.472593128681182861e-02
1.049288511276245117e-01
5.585201978683471680e-01
7.651190273463726044e-03
9.828954935073852539e-01
1.242069751024246216e-01
4.739295244216918945e-01
1.219242215156555176e+00
1.016216650605201721e-01
1.356039545498788357e-03
1.792760729789733887e+00
5.732643418014049530e-03
1.241596460342407227e+00
1.863528370857238770e+00
3.923085033893585205e-01
8.447782695293426514e-02
5.751386051997542381e-04
4.425586163997650146e-01
3.462537825107574463e-01
1.417843550443649292e-01
6.586504727602005005e-02
1.852711439132690430e-01
1.310573220252990723e-01
9.474136829376220703e-01
4.588947072625160217e-02
1.796837709844112396e-02
7.983834366314113140e-04
2.004473842680454254e-02
3.259053826332092285e-02
4.764852055814117193e-04
1.214101791381835938e+00
1.121679693460464478e-02
1.634611748158931732e-02
1.083675175905227661e-01
5.310751497745513916e-02
3.365851938724517822e-01
6.790556907653808594e-01
1.110968878492712975e-04
1.961204886436462402e+00
4.528684169054031372e-02
2.980164587497711182e-01
5.032866448163986206e-02
1.186435148119926453e-01
4.559418186545372009e-02
4.466376900672912598e-01
2.177714824676513672e+00
5.107836052775382996e-02
2.988874213770031929e-03
1.376772561343386769e-04
1.188664197921752930e+00
1.346649378538131714e-01
2.330270071979612112e-04
4.809428155422210693e-01
4.071655124425888062e-02
5.338670611381530762e-01
3.008166849613189697e-01
2.200366258621215820e-01
2.130856513977050781e+00
1.277650237083435059e+00
1.109034419059753418e+00
5.422272682189941406e-01
1.103477403521537781e-01
9.306523799896240234e-01
1.066898822784423828e+00
5.156431812793016434e-03
6.357303261756896973e-01
2.474243789911270142e-01
8.877191543579101562e-01
2.526323497295379639e-02
5.546903610229492188e-01
4.201829060912132263e-02
2.133102416992187500e+00
9.688498452305793762e-03
4.913349449634552002e-02
1.130353331565856934e+00
1.825800724327564240e-02
1.782701164484024048e-01
1.282108132727444172e-03
3.848417475819587708e-02
2.641042709350585938e+00
2.989008426666259766e-01
9.860024787485599518e-03
8.940010666847229004e-01
6.945566534996032715e-01
5.964812356978654861e-03
6.999093294143676758e-01
2.599060535430908203e-02
1.214632689952850342e-01
2.693386375904083252e-01
6.473714858293533325e-02
6.306215375661849976e-02
5.700799226760864258e-01
1.500748991966247559e-01
2.129548341035842896e-01
1.084454706870019436e-03
1.989177800714969635e-02
3.815650641918182373e-01
2.524872720241546631e-01
9.212069511413574219e-01
1.326015405356884003e-02
6.295201927423477173e-02
2.120855301618576050e-01
1.838759899139404297e+00
4.256828501820564270e-02
5.513526871800422668e-02
2.477488994598388672e+00
4.248537421226501465e-01
8.981187827885150909e-03
1.160239934921264648e+00
7.582688331604003906e-01
1.060930609703063965e+00
5.368459504097700119e-03
1.551984460093080997e-04
5.632022619247436523e-01
1.459869556128978729e-02
3.823694884777069092e-01
5.815728101879358292e-03
1.068885773420333862e-01
2.039427310228347778e-02
1.102334037423133850e-01
8.452507257461547852e-01
1.506820917129516602e-01
1.865422278642654419e-01
2.326967194676399231e-02
1.267848014831542969e+00
1.934579631779342890e-04
3.598789274692535400e-01
1.464336812496185303e-01
1.115790382027626038e-01
1.341656327247619629e+00
6.230454891920089722e-03
1.841136962175369263e-01
2.535831183195114136e-02
1.935121119022369385e-01
1.794366836547851562e+00
6.473559141159057617e-01
4.141911506652832031e+00
2.331397961825132370e-03
8.002897500991821289e-01
2.610988356173038483e-02
5.372747778892517090e-02
2.148904837667942047e-02
1.771555468440055847e-02
5.214338302612304688e-01
3.411673009395599365e-01
1.003890633583068848e+00
9.363753795623779297e-01
6.059845443814992905e-03
6.651378870010375977e-01
1.420001387596130371e-01
1.113849654793739319e-01
1.619833707809448242e-02
3.564294092939235270e-05
1.176374912261962891e+00
2.518907375633716583e-02
4.539017081260681152e-01
1.825785875320434570e+00
1.249630525708198547e-01
1.803446769714355469e+00
1.123733893036842346e-01
3.252509117126464844e+00
4.482151865959167480e-01
3.445030152797698975e-01
2.089029848575592041e-01
2.371111065149307251e-01
2.738052606582641602e-01
1.245656162500381470e-01
3.983466327190399170e-01
3.855677205137908459e-04
6.919698119163513184e-01
7.982726395130157471e-02
5.154060199856758118e-03
1.388392299413681030e-01
1.000651940703392029e-01
4.931052684783935547e+00
8.292055688798427582e-03
2.674698771443217993e-04
5.359146595001220703e-01
3.290360094979405403e-03
7.612222433090209961e-01
2.870449982583522797e-02
6.540120244026184082e-01
9.296386269852519035e-04
3.542514890432357788e-02
2.869208753108978271e-01
5.566116571426391602e-01
7.107568904757499695e-03
1.285385608673095703e+00
3.444381654262542725e-01
1.378313601016998291e-01
9.854901432991027832e-01
8.294422030448913574e-01
5.099949240684509277e-01
1.319211870431900024e-01
1.078608911484479904e-02
1.106669977307319641e-01
9.428349882364273071e-02
2.642398513853549957e-02
1.270783990621566772e-01
4.440589547157287598e-01
3.652406111359596252e-02
1.856338977813720703e-01
7.330313324928283691e-01
3.535024076700210571e-02
4.063920583575963974e-03
7.678614258766174316e-01
2.101091668009757996e-02
1.842696666717529297e-01
1.105658523738384247e-02
1.952324621379375458e-02
1.405560523271560669e-01
1.053850173950195312e+00
1.846689581871032715e-01
2.011428326368331909e-01
3.400936722755432129e-02
5.670002102851867676e-02
1.583681702613830566e+00
7.668704986572265625e-01
3.290767669677734375e-01
6.915716081857681274e-02
1.600103080272674561e-02
1.970290392637252808e-01
7.113955914974212646e-02
2.416921034455299377e-02
4.066310077905654907e-02
8.583972603082656860e-02
9.557208395563066006e-04
7.130075097084045410e-01
1.284686446189880371e+00
5.955863475799560547e+00
2.979305744171142578e+00
1.773658245801925659e-01
3.325643241405487061e-01
2.834254205226898193e-01
2.746057510375976562e-02
1.872025802731513977e-02
8.978315442800521851e-02
1.483738981187343597e-02
9.181223064661026001e-02
2.765000343322753906e+00
3.855926692485809326e-01
1.761920899152755737e-01
4.485777914524078369e-01
5.295777320861816406e-01
4.876704692840576172e+00
1.400370895862579346e-02
6.991469264030456543e-01
1.253517121076583862e-01
5.288122892379760742e-01
2.196726500988006592e-01
4.864939546678215265e-04
5.182036384940147400e-02
4.589025396853685379e-03
3.653282299637794495e-03
2.493488835170865059e-03
1.116905584931373596e-01
3.879521414637565613e-02
4.439498297870159149e-03
3.039742121472954750e-03
1.275013834238052368e-01
1.357373129576444626e-02
2.310873746871948242e+00
4.522144794464111328e-01
4.143839478492736816e-01
6.824518553912639618e-03
4.419341683387756348e-02
2.041798271238803864e-02
1.547662913799285889e-01
3.401939198374748230e-02
4.297652542591094971e-01
7.832621335983276367e-01
7.184675931930541992e-01
1.219720579683780670e-03
3.666691064834594727e+00
7.249667644500732422e-01
4.359501600265502930e-02
4.211598932743072510e-01
1.805819803848862648e-03
1.326669692993164062e+00
3.022746881470084190e-03
3.925983328372240067e-04
1.079919934272766113e-01
7.583002448081970215e-01
4.198114201426506042e-02
2.071285992860794067e-02
5.087750032544136047e-04
1.362572550773620605e+00
3.054309822618961334e-02
5.042276382446289062e-01
1.714353561401367188e+00
4.575939476490020752e-01
3.831244409084320068e-01
1.183559093624353409e-02
9.075939655303955078e-02
4.585652828216552734e+00
3.129550814628601074e-01
3.900520801544189453e-01
1.276970803737640381e-01
2.193033322691917419e-02
2.850512787699699402e-02
1.622866749763488770e+00
3.305424749851226807e-01
5.916286259889602661e-02
2.373237162828445435e-01
1.815546303987503052e-02
4.012817442417144775e-01
5.901902914047241211e-02
3.354163141921162605e-03
2.807283997535705566e-01
1.903481595218181610e-02
4.448216557502746582e-01
4.202983528375625610e-02
9.975458383560180664e-01
5.724820308387279510e-03
8.819673210382461548e-03
2.340255379676818848e-01
6.302399188280105591e-02
2.845444381237030029e-01
1.775057911872863770e-01
8.005886077880859375e-01
1.268193721771240234e-01
3.073406815528869629e-01
2.456887960433959961e-01
1.305323909036815166e-03
1.015182495117187500e+00
1.012035645544528961e-04
2.097176462411880493e-01
1.641776971518993378e-02
1.831728816032409668e-01
1.827391862869262695e+00
2.801781287416815758e-03
2.611988782882690430e-01
2.095641493797302246e-01
4.812947213649749756e-01
1.629399776458740234e+00
3.099520690739154816e-03
4.843407776206731796e-03
1.164694309234619141e+00
1.789333701133728027e+00
8.833616040647029877e-03
4.338203743100166321e-02
7.634982932358980179e-03
8.856904506683349609e-01
5.047239246778190136e-04
1.144321728497743607e-02
8.023968935012817383e-01
1.845075935125350952e-01
4.779507592320442200e-02
1.462078187614679337e-02
3.053720109164714813e-02
1.329232692718505859e+00
5.725256204605102539e-01
6.457908153533935547e-01
1.706136576831340790e-02
7.094262242317199707e-01
6.578299403190612793e-01
2.764208018779754639e-01
2.511360049247741699e-01
3.677780181169509888e-02
1.142802299000322819e-03
1.860009320080280304e-02
8.854984641075134277e-01
5.571438670158386230e-01
1.847815364599227905e-01
9.156023263931274414e-01
5.666208863258361816e-01
5.977144837379455566e-02
2.699249088764190674e-01
3.098239004611968994e-01
1.533139497041702271e-02
1.210284948348999023e+00
1.396667957305908203e-02
7.975936532020568848e-01
1.037211418151855469e-01
1.822566241025924683e-01
3.782694637775421143e-01
2.506573125720024109e-02
1.127667725086212158e-02
6.753825396299362183e-02
5.239384248852729797e-02
6.597620248794555664e-01
2.689674794673919678e-01
8.585821837186813354e-02
7.437877655029296875e-01
2.805347554385662079e-03
6.182717680931091309e-01
6.913886666297912598e-01
1.553869433701038361e-02
1.253713726997375488e+00
9.484669566154479980e-02
1.111612189561128616e-02
2.660229988396167755e-02
3.786122426390647888e-02
3.240455407649278641e-03
6.597652435302734375e-01
2.262905836105346680e-01
3.827390726655721664e-03
6.827524900436401367e-01
2.153931260108947754e-01
1.623354554176330566e-01
1.765149831771850586e-01
8.583854436874389648e-01
2.696542978286743164e+00
2.247032880783081055e+00
1.723660081624984741e-01
2.144622802734375000e-02
1.279874593019485474e-01
1.211573705077171326e-01
6.306746043264865875e-03
2.445635199546813965e-02
2.476880788803100586e+00
2.071809619665145874e-01
6.530846934765577316e-03
1.828106343746185303e-01
3.950102031230926514e-01
1.981434226036071777e+00
1.360136736184358597e-02
5.876999814063310623e-03
9.377745389938354492e-01
1.695148996077477932e-03
1.341532319784164429e-01
1.808646678924560547e+00
5.320241451263427734e-01
1.189968347549438477e+00
1.490193456411361694e-01
1.702723264694213867e+00
1.122006773948669434e-01
5.149726942181587219e-02
1.366164088249206543e+00
3.095428459346294403e-02
3.346674889326095581e-02
8.838514238595962524e-02
1.586335152387619019e-01
6.682597398757934570e-01
5.375692155212163925e-03
2.136110216379165649e-01
2.805989608168601990e-02
1.169085577130317688e-01
1.191960200667381287e-01
2.612695656716823578e-02
7.856368422508239746e-01
2.399138689041137695e+00
2.525623738765716553e-01
1.236724033951759338e-01
3.208092153072357178e-01
2.867843769490718842e-02
1.635571122169494629e+00
1.882543228566646576e-02
4.736927151679992676e-02
4.602540731430053711e-01
1.865532062947750092e-02
2.556712424848228693e-04
6.553699970245361328e-01
5.270895734429359436e-02
3.908253312110900879e-01
2.119871973991394043e-02
1.287145912647247314e-01
3.231507167220115662e-02
8.276670575141906738e-01
2.078692197799682617e+00
5.442700386047363281e-01
6.733243167400360107e-02
6.716614216566085815e-02
3.238554112613201141e-03
6.604983471333980560e-03
1.992389261722564697e-01
2.990409731864929199e-01
8.208084106445312500e-01
2.130585350096225739e-02
5.906035900115966797e-01
1.576566100120544434e-01
2.121467113494873047e+00
3.720743814483284950e-03
3.477899357676506042e-02
2.514175176620483398e-01
4.157213270664215088e-01
5.618310347199440002e-02
5.905560683459043503e-03
2.069540917873382568e-01
4.336672127246856689e-01
2.864740192890167236e-01
1.969317346811294556e-01
2.968549961224198341e-03
1.248500570654869080e-01
7.862982898950576782e-02
2.285625934600830078e-01
7.275645732879638672e-01
6.205363273620605469e-01
2.742131352424621582e-01
1.130860328674316406e+00
2.239348888397216797e-01
6.337200403213500977e-01
4.308555275201797485e-02
4.127199295908212662e-03
3.779402375221252441e-01
3.506352603435516357e-01
1.272557768970727921e-02
8.218044415116310120e-03
2.523876130580902100e-01
8.866195380687713623e-02
7.437104582786560059e-01
2.776006162166595459e-01
8.231405168771743774e-03
1.399926543235778809e+00
1.438736319541931152e+00
9.688144549727439880e-03
4.384123980998992920e-01
9.804525375366210938e-01
1.364099502563476562e+00
9.986437857151031494e-03
6.422474514693021774e-03
2.901385165750980377e-02
3.227501511573791504e-01
9.812552928924560547e-01
1.920921564102172852e+00
5.462295934557914734e-02
5.662590730935335159e-03
3.687334358692169189e-01
8.964095613919198513e-04
2.009614743292331696e-02
2.000910043716430664e-02
1.263894513249397278e-02
3.614964371081441641e-04
8.992230147123336792e-02
8.659093827009201050e-02
1.458937674760818481e-01
1.842170208692550659e-01
6.176194641739130020e-03
5.517966579645872116e-03
1.951059848070144653e-01
1.648637533187866211e+00
1.270440523512661457e-03
2.467020004987716675e-01
1.158133149147033691e-02
3.498561382293701172e-01
6.964419484138488770e-01
4.923718981444835663e-03
2.638845890760421753e-02
4.258496686816215515e-02
4.000153765082359314e-02
1.286037033423781395e-03
4.115449846722185612e-04
1.831943631172180176e+00
1.814290136098861694e-01
2.054800540208816528e-01
3.650625228881835938e+00
5.141087621450424194e-02
5.721959844231605530e-02
2.732395827770233154e-01
1.237299144268035889e-01
1.213472604751586914e+00
9.000357389450073242e-01
2.274580001831054688e-01
5.775994807481765747e-02
1.450231224298477173e-01
9.200602769851684570e-01
1.229551993310451508e-02
1.407109666615724564e-03
1.965685933828353882e-02
1.588014364242553711e+00
5.998747795820236206e-02
1.292962282896041870e-01
1.040649771690368652e+00
1.590897917747497559e+00
1.526368021965026855e+00
1.561122667044401169e-02
1.145535614341497421e-02
1.226091980934143066e+00
3.292233645915985107e-01
2.552001953125000000e+00
6.929650902748107910e-03
4.500854760408401489e-03
3.019444048404693604e-01
4.854497313499450684e-02
2.119450271129608154e-01
1.007884647697210312e-02
8.831257373094558716e-02
1.560060381889343262e-01
3.053245306015014648e+00
3.901490867137908936e-01
1.224582735449075699e-02
4.415201395750045776e-02
1.134924054145812988e+00
1.009254157543182373e-01
1.024115562438964844e+00
4.394743144512176514e-01
1.520668971352279186e-03
6.120064854621887207e-01
3.489804565906524658e-01
9.250072389841079712e-02
2.472848892211914062e+00
3.695327555760741234e-03
5.451146862469613552e-04
9.724353253841400146e-02
1.493140578269958496e+00
2.177438259124755859e+00
2.221468538045883179e-01
3.748111724853515625e-01
8.915930986404418945e-01
5.856278538703918457e-02
8.385760188102722168e-01
2.407987136393785477e-03
2.929597795009613037e-01
7.991730570793151855e-01
1.724919229745864868e-01
4.242181777954101562e-02
1.486800462007522583e-01
5.507171154022216797e-01
8.277628421783447266e-01
8.132726070471107960e-04
4.622451215982437134e-02
1.369555946439504623e-02
7.662547379732131958e-02
1.665109992027282715e+00
7.777487039566040039e-01
4.171037971973419189e-01
1.478265505284070969e-02
3.804969787597656250e-01
1.428252935409545898e+00
2.865517139434814453e-01
3.393240571022033691e-01
3.090643882751464844e-01
1.374159306287765503e-01
6.244654655456542969e-01
4.325401782989501953e+00
7.005938142538070679e-02
8.713330030441284180e-01
3.251172602176666260e-01
7.250798493623733521e-02
1.589205265045166016e-01
7.892279326915740967e-02
4.856598970945924520e-04
8.196460455656051636e-02
2.548896789550781250e+00
8.192066848278045654e-02
1.798290014266967773e-01
4.292497038841247559e-01
2.898545563220977783e-01
8.130192756652832031e-03
2.159174531698226929e-01
4.434441626071929932e-01
2.596104983240365982e-03
1.169857196509838104e-02
4.193278774619102478e-02
1.362944126129150391e+00
9.647420048713684082e-02
2.697920322418212891e+00
1.040624976158142090e-01
4.973719716072082520e-01
1.845134258270263672e+00
3.604239318519830704e-04
5.298655107617378235e-02
5.101393461227416992e-01
3.419150132685899734e-03
2.923118509352207184e-02
2.805792901199311018e-04
4.987180698662996292e-03
1.931908845901489258e+00
1.809845715761184692e-01
7.069302201271057129e-01
5.647967755794525146e-02
1.411990378983318806e-03
1.258760392665863037e-01
2.352524697780609131e-01
1.391774117946624756e-01
1.305444985628128052e-01
1.448164582252502441e-01
3.475616872310638428e-01
8.331698775291442871e-01
4.287954419851303101e-02
4.387875199317932129e-01
6.199904084205627441e-01
1.773953735828399658e-01
3.607552964240312576e-03
1.613652147352695465e-02
8.064579963684082031e-02
8.071424439549446106e-03
8.786642551422119141e-01
7.776960730552673340e-02
1.043929979205131531e-01
2.197100669145584106e-01
6.644529700279235840e-01
1.005383491516113281e+00
6.067701801657676697e-02
1.151208654046058655e-01
1.295530498027801514e-01
1.068914588540792465e-02
4.087330102920532227e-01
4.755230247974395752e-02
1.930926442146301270e-01
6.395906209945678711e-01
4.793390929698944092e-01
2.474938286468386650e-03
2.524626255035400391e-01
4.849449906032532454e-04
3.092841207981109619e-01
1.248316466808319092e-01
1.915457844734191895e-02
9.269901514053344727e-01
3.274856507778167725e-01
3.204094711691141129e-03
9.530965983867645264e-02
4.077617824077606201e-02
1.480426549911499023e+00
1.039442121982574463e-01
1.049902439117431641e-01
3.984172344207763672e-01
2.601778320968151093e-02
3.258241415023803711e-01
2.587112188339233398e-01
5.270159337669610977e-03
9.980581402778625488e-01
2.521534450352191925e-02
3.828430175781250000e+00
1.761888504028320312e+00
2.475085482001304626e-02
6.969190668314695358e-03
7.721168994903564453e-01
8.953510224819183350e-02
4.411517456173896790e-02
1.996750198304653168e-02
5.687392130494117737e-02
9.906322509050369263e-02
5.304782465100288391e-02
6.039698123931884766e-01
3.351603518240153790e-04
3.043057918548583984e-01
4.167076349258422852e-01
1.356067694723606110e-02
7.509456016123294830e-03
4.616827368736267090e-01
3.170070946216583252e-01
8.474932983517646790e-03
3.698127716779708862e-02
2.192000392824411392e-03
1.668259739875793457e+00
1.013650074601173401e-01
1.707495935261249542e-02
2.215190827846527100e-01
2.829514741897583008e+00
1.045794114470481873e-01
2.027380466461181641e-01
2.465808093547821045e-01
9.056777507066726685e-02
1.992571830749511719e+00
1.462941467761993408e-01
9.711882472038269043e-01
6.685209274291992188e-02
2.236842876300215721e-03
3.031008876860141754e-02
1.049158215522766113e+00
2.023363113403320312e+00
7.049242258071899414e-01
1.243305563926696777e+00
1.405830621719360352e+00
6.167938932776451111e-02
2.255633324384689331e-01
3.327192971482872963e-03
4.779895544052124023e-01
2.252450585365295410e-01
3.337593376636505127e-01
4.599353671073913574e-02
2.460396289825439453e-02
6.194596886634826660e-01
1.195484250783920288e-01
4.415912032127380371e-01
1.543706208467483521e-01
4.976114630699157715e-02
1.132442848756909370e-03
1.893109798431396484e+00
5.943837575614452362e-03
1.857033073902130127e-01
9.482344612479209900e-03
1.579828560352325439e-02
8.564547896385192871e-01
8.058685064315795898e-02
8.917728662490844727e-01
8.972252607345581055e-01
1.497496604919433594e+00
4.557948932051658630e-02
1.165180876851081848e-01
1.721842885017395020e-01
3.980476558208465576e-01
5.119547713547945023e-03
1.838442385196685791e-01
1.386625170707702637e-01
6.053811311721801758e-02
1.213767332956194878e-03
2.293477207422256470e-02
2.118805050849914551e-01
2.009572982788085938e-01
9.799055010080337524e-02
3.492210991680622101e-03
9.907475672662258148e-03
7.079042959958314896e-03
3.070760751143097878e-03
6.641430854797363281e-01
2.819479405879974365e-01
8.258984307758510113e-04
4.690963625907897949e-01
8.409103006124496460e-02
2.968113124370574951e-01
2.236315488815307617e+00
3.114170134067535400e-01
1.979903697967529297e+00
2.737123370170593262e-01
3.569331765174865723e-02
3.558115661144256592e-02
5.539764091372489929e-02
1.461128473281860352e+00
9.809678792953491211e-02
2.431136965751647949e-01
2.711108446121215820e+00
1.488812863826751709e-01
1.294986486434936523e+00
1.234127208590507507e-03
3.471654653549194336e-01
6.808998435735702515e-02
2.819434367120265961e-02
2.384501218795776367e+00
2.651219367980957031e-01
8.247429877519607544e-02
4.092804789543151855e-01
1.424250304698944092e-01
2.256791144609451294e-01
1.731419205665588379e+00
1.882202178239822388e-01
5.160747766494750977e-01
9.954215958714485168e-03
9.238975495100021362e-02
2.140457369387149811e-02
5.146188735961914062e-01
1.096124527975916862e-03
6.836284399032592773e-01
2.435788512229919434e-01
3.872698172926902771e-02
3.054113984107971191e-01
8.134236335754394531e-01
3.536757547408342361e-03
8.988985791802406311e-03
1.326745390892028809e+00
1.483750715851783752e-02
4.738293122500181198e-03
4.017973691225051880e-02
1.691272705793380737e-01
9.079383611679077148e-01
8.076498508453369141e-01
2.520388364791870117e-01
1.942315250635147095e-01
1.948089599609375000e-01
3.351192921400070190e-03
9.777501225471496582e-02
6.158176437020301819e-02
1.156644821166992188e-01
3.787082433700561523e-01
1.719043850898742676e+00
5.891970940865576267e-04
7.638153433799743652e-02
2.840157747268676758e-01
1.217422727495431900e-02
4.226401746273040771e-01
1.031189691275358200e-02
4.394950568675994873e-01
7.574728131294250488e-02
5.747634172439575195e-01
8.556224405765533447e-02
7.903923094272613525e-02
4.057084023952484131e-02
1.627495765686035156e+00
6.315592527389526367e-01
1.710507058305665851e-04
1.278595719486474991e-02
1.368344277143478394e-01
1.824903637170791626e-01
4.309331625699996948e-02
1.687788128852844238e+00
8.186916112899780273e-01
2.286288514733314514e-02
5.054526776075363159e-02
1.330374956130981445e+00
1.269823908805847168e+00
2.354717627167701721e-02
5.990237370133399963e-02
3.247619271278381348e-01
1.402686629444360733e-02
9.644054174423217773e-01
2.147509008646011353e-01
1.028604572638869286e-03
2.317720791324973106e-03
1.463007330894470215e-01
5.813730359077453613e-01
2.104807645082473755e-03
7.830615043640136719e-01
3.118505775928497314e-01
4.352923631668090820e-01
1.607170552015304565e-01
3.333001434803009033e-01
1.044552326202392578e+00
7.772590517997741699e-01
4.446712732315063477e-01
2.312891483306884766e+00
2.609130181372165680e-02
6.960100531578063965e-01
2.698449134826660156e+00
1.299924701452255249e-01
9.732741117477416992e-01
1.421849429607391357e-01
2.903193533420562744e-01
6.882447600364685059e-01
2.280395328998565674e-01
1.354735344648361206e-01
4.752675294876098633e-01
1.013679131865501404e-01
2.696325182914733887e-01
4.017806351184844971e-01
2.053895890712738037e-01
1.191337108612060547e+00
3.625067770481109619e-01
1.747087016701698303e-02
2.233529090881347656e+00
1.526231318712234497e-01
5.338505506515502930e-01
3.117601573467254639e-01
1.036162137985229492e+00
1.101598367094993591e-01
3.555377945303916931e-02
1.012028753757476807e-01
2.106882780790328979e-01
2.897354602813720703e+00
1.647232621908187866e-01
2.767946124076843262e-01
1.938212066888809204e-01
3.536037802696228027e-01
7.451148033142089844e-01
3.289503157138824463e-01
2.134060859680175781e+00
7.786283493041992188e-01
7.886108011007308960e-03
8.256452530622482300e-02
1.200747013092041016e+00
9.905823506414890289e-03
3.837823271751403809e-01
3.505887687206268311e-01
2.295055627822875977e+00
3.720643222332000732e-01
1.316180706024169922e+00
7.871441543102264404e-03
3.192912340164184570e-01
2.363575249910354614e-01
4.537717700004577637e-01
3.981974422931671143e-01
3.799386918544769287e-01
2.683396823704242706e-02
9.415022134780883789e-01
3.145438386127352715e-04
7.062665224075317383e-01
5.146132898516952991e-04
5.579219758510589600e-02
2.562291920185089111e-02
2.096872031688690186e-01
2.755147516727447510e-01
3.782805427908897400e-02
1.046054903417825699e-02
2.365609705448150635e-01
3.363532721996307373e-01
1.586727448739111423e-03
1.958620846271514893e-01
2.783928811550140381e-01
7.211010456085205078e-01
1.649340614676475525e-02
2.572872638702392578e-01
1.467364653944969177e-02
4.200358092784881592e-01
6.234897375106811523e-01
7.464494090527296066e-03
6.876038759946823120e-02
1.332065105438232422e+00
1.243999227881431580e-02
4.513552784919738770e-01
1.716535210609436035e+00
1.372202634811401367e-01
8.539041876792907715e-02
2.884753048419952393e-03
4.569760560989379883e-01
3.626880934461951256e-04
1.548928022384643555e-02
1.669934034347534180e+00
5.569360256195068359e-01
1.343750596046447754e+00
1.278179232031106949e-03
2.215194981545209885e-03
8.582500815391540527e-01
1.543274968862533569e-01
1.241715159267187119e-02
2.993509406223893166e-03
2.636393308639526367e-01
1.361618470400571823e-02
1.221487402915954590e+00
6.281432509422302246e-02
1.609445214271545410e-01
3.401074931025505066e-02
1.107658267021179199e+00
5.414087697863578796e-02
3.133684635162353516e+00
2.694955170154571533e-01
5.622561573982238770e-01
5.000778436660766602e-01
3.929441571235656738e-01
1.612078398466110229e-03
5.042886734008789062e-02
1.276286005973815918e+00
1.859886944293975830e-01
8.167320862412452698e-03
1.426378786563873291e-01
1.780239194631576538e-01
1.963501274585723877e-01
4.729564785957336426e-01
2.016366869211196899e-01
2.295752018690109253e-01
1.246734857559204102e-01
9.009066224098205566e-01
1.271998584270477295e-01
2.037768624722957611e-02
1.137927055358886719e+00
1.176158115267753601e-01
6.158741712570190430e-01
2.006267011165618896e-01
1.531996369361877441e+00
2.959268540143966675e-02
3.822650387883186340e-02
1.622845679521560669e-01
3.114583790302276611e-01
1.779045676812529564e-03
3.143986463546752930e-01
3.251565456390380859e+00
3.598621189594268799e-01
1.953595995903015137e+00
1.814506365917623043e-03
1.449769288301467896e-01
1.014499664306640625e+00
7.219092221930623055e-04
2.592416480183601379e-02
2.531017541885375977e+00
2.396706864237785339e-02
1.696219325065612793e+00
1.594307459890842438e-02
8.325686212629079819e-04
3.813769221305847168e-01
1.867335289716720581e-01
2.878189682960510254e-01
3.580470802262425423e-03
3.534457981586456299e-01
1.354927778244018555e+00
1.290236264467239380e-01
4.954584687948226929e-02
6.157238502055406570e-03
1.124956645071506500e-02
9.733103215694427490e-02
1.187784969806671143e-01
9.033668786287307739e-02
1.775654554367065430e+00
9.111248850822448730e-01
1.240032240748405457e-01
3.277260437607765198e-02
1.723721325397491455e-01
6.014463026076555252e-03
1.950449794530868530e-01
2.779286801815032959e-01
2.949835732579231262e-02
9.034692496061325073e-02
3.660390675067901611e-01
5.712730344384908676e-03
3.831278532743453979e-02
5.859179049730300903e-02
2.769279956817626953e+00
2.118844911456108093e-02
7.297863811254501343e-02
8.627286180853843689e-03
7.026939988136291504e-01
1.041184663772583008e-01
1.543552875518798828e-01
7.238335907459259033e-02
3.334212601184844971e-01
5.714359283447265625e-01
7.249596994370222092e-03
4.868555068969726562e-02
2.247676700353622437e-01
2.413509368896484375e+00
4.224858805537223816e-02
2.694685757160186768e-01
8.138388395309448242e-02
1.147142797708511353e-01
1.343831300735473633e+00
2.908377349376678467e-01
1.457602381706237793e-01
1.426061391830444336e-01
1.182368636131286621e+00
1.600037217140197754e+00
3.698571920394897461e-01
1.062781899236142635e-03
4.544741511344909668e-01
1.770314015448093414e-02
1.042006388306617737e-01
6.788595020771026611e-02
8.796896040439605713e-02
2.251957356929779053e-02
1.339425425976514816e-02
7.244843244552612305e-01
1.115480139851570129e-01
1.132452249526977539e+00
3.428248465061187744e-01
2.207344630733132362e-03
1.207380220293998718e-01
3.702856600284576416e-01
9.435292333364486694e-02
2.937577664852142334e-02
1.057908013463020325e-01
3.584034275263547897e-03
1.260633859783411026e-02
4.664363712072372437e-02
3.854720592498779297e+00
6.833373010158538818e-02
1.217216774821281433e-01
3.063630079850554466e-03
3.693160712718963623e-01
3.678170964121818542e-02
6.004052162170410156e-01
5.327570810914039612e-02
2.314471721649169922e+00
2.096632272005081177e-01
6.035441532731056213e-02
2.228516852483153343e-03
4.164713434875011444e-03
2.044180966913700104e-02
1.182349771261215210e-01
2.070830911397933960e-01
1.676763780415058136e-02
7.887531816959381104e-02
4.848627373576164246e-03
1.199666857719421387e-01
6.186130642890930176e-01
9.382106661796569824e-01
2.045640908181667328e-02
8.908718824386596680e-01
1.625646254979074001e-03
6.849618628621101379e-03
3.357727313414216042e-03
2.309821732342243195e-02
7.568881660699844360e-02
2.034884989261627197e-01
2.336319163441658020e-02
8.791953921318054199e-01
3.336579073220491409e-03
1.227590963244438171e-01
2.954708412289619446e-02
4.626876115798950195e-01
6.222775205969810486e-02
8.451123535633087158e-02
3.467757701873779297e-01
2.512106597423553467e-01
1.037286669015884399e-01
1.085355043411254883e+00
2.593223452568054199e-01
2.159790135920047760e-02
7.423494458198547363e-01
3.201186180114746094e+00
6.997097730636596680e-01
3.652577400207519531e+00
2.114086179062724113e-03
4.233348071575164795e-01
4.147540032863616943e-01
1.093886271119117737e-01
3.017541766166687012e-01
1.008746214210987091e-02
1.797071844339370728e-02
2.891245186328887939e-01
6.085112094879150391e-01
2.942399978637695312e+00
1.962499171495437622e-01
7.739213109016418457e-02
4.216340482234954834e-01
3.587976470589637756e-02
5.787203311920166016e-01
6.370292901992797852e-01
5.822758004069328308e-02
1.809002272784709930e-02
5.366827920079231262e-02
1.076859235763549805e+00
5.283425003290176392e-02
1.587103493511676788e-02
1.657240986824035645e-01
2.460756599903106689e-01
1.259053826332092285e+00
1.903272628784179688e+00
1.287653148174285889e-01
5.999061837792396545e-02
2.924386560916900635e-01
1.055085062980651855e-01
6.140904426574707031e-01
2.302400112152099609e+00
1.505103111267089844e+00
4.950551092624664307e-01
1.688079833984375000e+00
3.108836710453033447e-01
2.081378102302551270e-01
2.440608739852905273e-01
1.186858396977186203e-03
3.474391764029860497e-03
1.295561436563730240e-03
3.009529113769531250e-01
5.078343152999877930e-01
1.731227487325668335e-01
2.335330843925476074e-01
1.334348469972610474e-01
5.146729350090026855e-01
1.681253015995025635e-01
1.086913570761680603e-01
6.716923713684082031e-01
9.545638412237167358e-02
1.990463882684707642e-01
2.644697129726409912e-01
2.251343727111816406e-01
2.645576596260070801e-01
3.420718386769294739e-02
6.310838460922241211e-01
1.761959791183471680e-01
6.514984965324401855e-01
2.481458149850368500e-02
1.994588412344455719e-02
9.523227810859680176e-02
1.773193031549453735e-01
6.593614351004362106e-03
6.434509903192520142e-02
2.292736321687698364e-01
1.288607954978942871e+00
8.407871937379240990e-04
3.316912353038787842e-01
1.368184089660644531e-01
1.390687078237533569e-01
4.129871726036071777e-02
1.398501634597778320e+00
2.928128004074096680e+00
3.246733976993709803e-04
5.453133583068847656e-01
7.677761316299438477e-01
1.207897663116455078e+00
2.958916425704956055e-01
2.747751772403717041e-01
1.307297646999359131e-01
1.232854843139648438e+00
2.035161107778549194e-01
5.555210709571838379e-01
5.207127332687377930e-02
2.862243354320526123e-01
3.206678593414835632e-05
6.025838200002908707e-03
9.323326498270034790e-02
3.608112037181854248e-02
1.103677786886692047e-02
9.950203821063041687e-03
4.096877202391624451e-02
1.167679071426391602e+00
3.380972445011138916e-01
7.024355232715606689e-03
6.375034451484680176e-01
1.437657356262207031e+00
2.157961279153823853e-01
1.129202246665954590e+00
5.246759578585624695e-02
4.951258897781372070e-01
1.493803858757019043e-01
2.670328505337238312e-02
1.398657681420445442e-03
1.713366992771625519e-02
1.305681071244180202e-03
1.181380599737167358e-01
6.360349655151367188e-01
2.567668199539184570e+00
1.464122347533702850e-02
3.853487223386764526e-02
8.535924367606639862e-03
3.702831268310546875e-01
7.169185578823089600e-02
4.876183271408081055e-01
1.424301601946353912e-02
1.696373894810676575e-02
6.139422208070755005e-02
1.824483573436737061e-01
2.928494708612561226e-03
7.911093533039093018e-02
8.148025721311569214e-02
8.050753474235534668e-01
4.936648998409509659e-03
7.201925665140151978e-02
5.938322544097900391e-01
2.489445731043815613e-03
8.259680271148681641e-01
8.107726462185382843e-03
1.348721027374267578e+00
5.459789931774139404e-02
2.150935120880603790e-02
4.435985756572335958e-04
2.841613292694091797e+00
1.040321402251720428e-02
8.071239590644836426e-01
3.216809127479791641e-03
5.476855486631393433e-02
3.822689652442932129e-01
3.019377887248992920e-01
1.087608575820922852e+00
3.644590079784393311e-02
3.933757245540618896e-01
5.539827346801757812e-01
2.934753149747848511e-02
1.261771202087402344e+00
2.179257571697235107e-01
4.617168307304382324e-01
2.277639461681246758e-03
4.685694724321365356e-02
3.357590138912200928e-01
4.569838941097259521e-02
5.067617297172546387e-01
1.488261371850967407e-01
1.485055834054946899e-01
1.499230414628982544e-01
7.559188455343246460e-02
1.314187347888946533e-01
1.003710255026817322e-01
1.926058053970336914e+00
8.839769661426544189e-02
4.034657031297683716e-02
1.839157700538635254e+00
5.964196845889091492e-02
3.071949351578950882e-03
1.376973688602447510e-01
2.255850285291671753e-01
2.682969868183135986e-01
1.199586465954780579e-01
1.576061919331550598e-02
2.008474839385598898e-04
4.162192344665527344e-02
2.848902158439159393e-02
1.407830715179443359e-01
5.160191655158996582e-01
3.432771563529968262e-01
3.700574636459350586e-01
1.222950592637062073e-01
2.156952470541000366e-01
1.342079639434814453e-01
4.511655569076538086e-01
1.733145862817764282e-02
3.248264640569686890e-02
2.268016338348388672e-01
1.001512289047241211e+00
8.513282537460327148e-01
1.144545711576938629e-02
4.729806184768676758e-01
3.158683478832244873e-01
1.078113634139299393e-02
1.102371364831924438e-01
5.814305506646633148e-03
1.530552953481674194e-01
1.064599826931953430e-01
7.627224326133728027e-01
7.119240611791610718e-02
8.035628199577331543e-01
3.873007744550704956e-02
2.935320325195789337e-02
1.926472643390297890e-03
1.827720105648040771e-01
4.620527476072311401e-02
1.218349263072013855e-01
8.978943340480327606e-03
4.903393387794494629e-01
4.146307110786437988e-01
1.546711176633834839e-01
1.217903852462768555e+00
2.021585241891443729e-04
1.699789017438888550e-01
3.951017260551452637e-01
9.229964017868041992e-01
4.361993074417114258e-01
4.425851106643676758e-01
2.951676025986671448e-02
2.964508952572941780e-03
2.818937003612518311e-01
1.963893175125122070e-01
5.164954811334609985e-02
4.601010587066411972e-03
1.759878359735012054e-02
3.707857802510261536e-02
7.885437011718750000e-01
7.584939152002334595e-02
2.927878797054290771e-01
4.948799610137939453e-01
8.617948740720748901e-03
8.880406618118286133e-03
7.522419095039367676e-01
3.483637869358062744e-01
8.424340747296810150e-03
1.377796888351440430e+00
1.087074517272412777e-03
7.521313428878784180e-02
5.905956029891967773e-01
2.144734114408493042e-01
6.191226094961166382e-02
1.346211433410644531e+00
8.151711225509643555e-01
1.444024324417114258e+00
4.421820044517517090e-01
5.734039098024368286e-02
2.001082450151443481e-01
5.368244647979736328e-01
2.967711687088012695e-01
6.565428804606199265e-03
1.308062225580215454e-01
2.431442029774188995e-02
3.966523408889770508e-01
2.068215049803256989e-02
2.306070737540721893e-02
3.486223146319389343e-02
1.734475344419479370e-01
5.582694429904222488e-03
1.584962487220764160e+00
1.354991495609283447e-01
8.874367475509643555e-01
1.664216995239257812e+00
9.111791849136352539e-01
1.164535045623779297e+00
6.295768618583679199e-01
1.007014155387878418e+00
3.842624276876449585e-02
9.195476770401000977e-03
2.309157550334930420e-01
1.232897996902465820e+00
7.093371748924255371e-01
5.986188650131225586e-01
2.374380379915237427e-01
2.210859805345535278e-01
5.967140197753906250e-01
2.478702180087566376e-02
3.029982745647430420e-01
8.368611931800842285e-01
2.825263701379299164e-02
8.183944155462086201e-04
1.972921006381511688e-02
5.537155270576477051e-01
2.976809442043304443e-01
5.692628771066665649e-02
1.448089182376861572e-01
1.979179214686155319e-03
3.097901865839958191e-02
3.532175719738006592e-01
2.664931118488311768e-02
2.444390580058097839e-02
5.309681892395019531e-01
1.936178840696811676e-02
3.397352993488311768e-02
3.734306335449218750e+00
9.539645910263061523e-02
7.151419669389724731e-02
2.686322033405303955e-01
3.844316601753234863e-01
9.250816106796264648e-01
2.345645427703857422e+00
3.847687542438507080e-01
4.504452943801879883e-01
1.100951313972473145e+00
1.756329275667667389e-02
5.281108617782592773e-01
5.938059464097023010e-02
1.717242598533630371e-01
2.869209647178649902e-01
6.426774710416793823e-02
2.477749437093734741e-01
3.621810078620910645e-01
6.087689660489559174e-03
6.859326735138893127e-03
2.324833869934082031e-01
1.714420020580291748e-01
2.178430929780006409e-02
1.330687254667282104e-01
2.957740798592567444e-02
2.483637630939483643e-01
1.708585768938064575e-02
2.168049477040767670e-02
1.586376428604125977e+00
1.675869687460362911e-03
6.785483360290527344e-01
5.389557033777236938e-02
2.414098024368286133e+00
1.028918623924255371e+00
2.340127080678939819e-01
3.459268808364868164e-02
2.384224534034729004e-01
7.699147681705653667e-04
5.549099445343017578e-01
8.071581125259399414e-01
5.707304477691650391e-01
1.813500672578811646e-01
1.103106260299682617e+00
1.270317882299423218e-01
6.765962243080139160e-01
2.492656186223030090e-02
1.304557770490646362e-01
1.462183892726898193e-02
5.483809113502502441e-01
1.578197441995143890e-02
3.020845120772719383e-03
5.327672511339187622e-02
8.656528592109680176e-01
5.310536548495292664e-02
1.120113059878349304e-01
3.526317596435546875e+00
2.094239711761474609e+00
3.236058866605162621e-03
1.293916344642639160e+00
1.771591454744338989e-01
2.180741578340530396e-01
8.647243380546569824e-01
4.431670531630516052e-02
1.361671686172485352e-01
1.112695693969726562e+00
4.027470946311950684e-03
5.260411649942398071e-02
2.582925558090209961e-01
9.960884600877761841e-02
1.077193766832351685e-02
3.319504559040069580e-01
2.148550599813461304e-01
2.554576471447944641e-02
1.676373928785324097e-01
1.467893272638320923e-02
8.343839645385742188e-02
8.701195567846298218e-02
7.170184850692749023e-01
7.596060633659362793e-03
2.251059934496879578e-02
4.773325920104980469e-01
2.310383319854736328e+00
4.439134001731872559e-01
3.005726933479309082e-01
8.127343654632568359e-02
3.648846745491027832e-01
5.494038923643529415e-04
4.375905692577362061e-01
1.840770617127418518e-02
3.296692669391632080e-01
2.529590129852294922e-01
3.020170927047729492e-01
5.901184082031250000e-01
7.979521751403808594e-01
6.852186052128672600e-04
1.169603094458580017e-01
2.211537599563598633e+00
1.149601396173238754e-02
5.976449251174926758e-01
2.071391046047210693e-02
6.467062234878540039e-01
1.870487779378890991e-01
5.986432433128356934e-01
7.695218920707702637e-01
3.733026981353759766e-01
8.175821602344512939e-02
8.174415677785873413e-03
3.995171189308166504e-02
1.634334446862339973e-03
3.194758028257638216e-05
1.103135477751493454e-02
1.034051477909088135e-01
1.503409701399505138e-03
4.360460489988327026e-02
8.725045323371887207e-01
2.032243646681308746e-02
9.482262283563613892e-02
8.617586493492126465e-01
6.634956002235412598e-01
2.363829314708709717e-01
6.206732988357543945e-02
1.265545040369033813e-01
3.874486088752746582e-01
1.563194990158081055e-01
3.302954602986574173e-03
3.010328486561775208e-02
9.259755164384841919e-02
2.546641277149319649e-03
9.334125518798828125e-01
1.195575222373008728e-01
1.161627024412155151e-01
1.093930080533027649e-01
1.027695238590240479e-01
8.692538831382989883e-04
8.765330165624618530e-02
2.223006158601492643e-04
1.652870625257492065e-01
1.675631999969482422e-01
7.381830215454101562e-01
7.033824920654296875e-03
1.580717414617538452e-01
9.701603092253208160e-03
1.501148217357695103e-03
9.042703313753008842e-04
1.476561278104782104e-01
6.339278221130371094e-01
8.105229735374450684e-01
4.471901655197143555e-01
8.028513193130493164e-02
5.478834509849548340e-01
6.096352338790893555e-01
2.427965868264436722e-03
2.011479616165161133e+00
1.090213954448699951e-01
7.792968153953552246e-01
1.423537265509366989e-03
1.991270065307617188e+00
1.491680443286895752e-01
3.323349356651306152e-01
5.362429618835449219e-01
4.591839015483856201e-02
2.311719805002212524e-01
9.490198642015457153e-02
1.933276414871215820e+00
2.137481793761253357e-02
6.730296611785888672e-01
2.654565125703811646e-02
2.736673653125762939e-01
7.541701197624206543e-02
1.304193586111068726e-01
8.344444036483764648e-01
5.514113232493400574e-02
1.420771926641464233e-01
1.452355146408081055e+00
2.756505906581878662e-01
2.446333318948745728e-02
1.128386799246072769e-02
1.437510997056961060e-01
2.960417568683624268e-01
1.952135711908340454e-01
4.044251143932342529e-02
1.481284946203231812e-01
5.301512479782104492e-01
3.737478330731391907e-02
7.465085946023464203e-03
1.203437596559524536e-01
2.834170758724212646e-01
7.077396512031555176e-01
1.217040494084358215e-01
2.325451467186212540e-03
2.677930705249309540e-02
1.748445816338062286e-02
6.046147271990776062e-02
1.293920993804931641e+00
4.790519550442695618e-02
1.167549788951873779e-01
3.164632618427276611e-01
8.655124902725219727e-02
5.066392198204994202e-02
3.503502905368804932e-01
1.222677379846572876e-01
7.341157197952270508e-01
5.008650012314319611e-03
8.051949143409729004e-01
1.129451245069503784e-01
7.487141340970993042e-02
5.087773501873016357e-02
2.056247740983963013e-01
9.745585918426513672e-01
3.159740567207336426e-01
1.412529945373535156e-01
8.303529024124145508e-02
1.017631590366363525e-01
9.811483323574066162e-02
6.972504197619855404e-04
4.520253092050552368e-02
1.698953628540039062e+00
2.909305505454540253e-02
4.571410641074180603e-02
1.233889907598495483e-01
7.835381031036376953e-01
2.448398321866989136e-01
1.817992888391017914e-02
3.404125869274139404e-01
1.693115569651126862e-02
3.363044187426567078e-02
2.767198346555233002e-02
8.717102929949760437e-03
9.033644199371337891e-01
2.234345069155097008e-03
1.875629276037216187e-02
1.806906610727310181e-02
8.504120260477066040e-02
4.501223191618919373e-02
5.034133209846913815e-04
1.139430701732635498e-02
4.287337418645620346e-03
4.273553490638732910e-01
2.502050483599305153e-03
1.789520382881164551e-01
8.447782695293426514e-02
3.082922101020812988e-01
5.035325288772583008e-01
6.788634657859802246e-01
4.424896091222763062e-02
1.287516117095947266e+00
1.321991323493421078e-03
3.284678161144256592e-01
2.059550397098064423e-02
1.510046124458312988e-01
3.736465871334075928e-01
3.551097959280014038e-02
1.299368619918823242e+00
1.557143032550811768e-01
1.396658897399902344e+00
1.764981746673583984e+00
4.019234180450439453e-01
2.025024406611919403e-02
1.897474288940429688e+00
4.828764796257019043e-01
5.420851707458496094e-02
2.621073741465806961e-03
4.652667045593261719e-02
1.602519676089286804e-02
2.061979919672012329e-01
5.741683244705200195e-01
5.540965590626001358e-03
1.112760543823242188e+00
2.018662214279174805e+00
8.094719611108303070e-03
2.688406705856323242e-01
1.043518632650375366e-01
3.437457382678985596e-01
9.438156336545944214e-02
5.077055096626281738e-02
1.963223069906234741e-01
6.204301863908767700e-02
5.048053860664367676e-01
2.779781520366668701e-01
7.159393429756164551e-01
1.111902147531509399e-01
4.732496745418757200e-05
2.248961448669433594e+00
2.879408895969390869e-01
6.382812280207872391e-04
1.154534667730331421e-01
6.744970451109111309e-04
1.353362761437892914e-02
7.035353779792785645e-02
8.588401600718498230e-03
9.941902011632919312e-02
9.658211469650268555e-01
1.571408390998840332e+00
4.510057270526885986e-01
3.554393649101257324e-01
2.879473380744457245e-02
8.598905056715011597e-02
6.985563784837722778e-02
4.067465662956237793e-01
2.579815452918410301e-03
6.588097810745239258e-01
7.333604693412780762e-01
6.909166574478149414e-01
2.314525395631790161e-01
1.503034774214029312e-02
6.614816933870315552e-02
4.108090326189994812e-02
2.477876469492912292e-02
4.561159014701843262e-01
5.939474701881408691e-02
5.973279476165771484e-01
2.899035513401031494e-01
1.869545318186283112e-02
4.025702923536300659e-02
1.268303394317626953e+00
2.594285607337951660e-01
5.392844676971435547e-01
1.819596625864505768e-02
1.051039695739746094e+00
3.467420637607574463e-01
1.690954715013504028e-01
2.186023443937301636e-01
8.118341863155364990e-02
3.316522240638732910e-01
2.979214191436767578e-01
4.393309056758880615e-01
2.941386699676513672e-01
8.723218441009521484e-01
3.031342923641204834e-01
1.655238494277000427e-02
5.123105645179748535e-01
4.226917866617441177e-03
3.487340407446026802e-03
5.343796219676733017e-03
3.777029050979763269e-04
1.061114549636840820e+00
3.203407526016235352e-01
2.488330565392971039e-02
6.718792915344238281e-01
8.099676668643951416e-02
1.311618834733963013e-01
4.571300446987152100e-01
3.179220482707023621e-02
4.070625081658363342e-02
6.461758166551589966e-02
8.973237127065658569e-02
3.651164844632148743e-02
3.558374047279357910e-01
9.366451948881149292e-02
5.381875857710838318e-02
1.320933271199464798e-02
3.933643922209739685e-02
2.502980828285217285e-02
2.554932832717895508e+00
6.136978510767221451e-03
3.205254673957824707e-01
4.918989911675453186e-02
4.520777463912963867e-01
1.648472808301448822e-02
5.383544564247131348e-01
2.465073913335800171e-01
1.325332373380661011e-01
1.109070301055908203e+00
1.506950616836547852e+00
1.535408645868301392e-01
5.690655112266540527e-01
2.062299427052494138e-05
1.585299149155616760e-03
9.542192518711090088e-02
4.265956208109855652e-02
3.480006009340286255e-02
4.048743844032287598e-01
1.235214322805404663e-01
1.078652888536453247e-01
5.665002465248107910e-01
6.660188436508178711e-01
3.248378753662109375e+00
2.497293986380100250e-03
1.381549146026372910e-02
6.832738220691680908e-02
1.204171895980834961e+00
1.777211725711822510e-01
2.722988724708557129e-01
3.974885642528533936e-01
5.045657046139240265e-03
2.230319678783416748e-01
3.712105154991149902e-01
3.410392403602600098e-01
6.623458466492593288e-04
4.645796120166778564e-01
9.212486445903778076e-03
4.828738421201705933e-02
7.460436224937438965e-02
7.319071888923645020e-02
1.912533789873123169e-01
3.457289338111877441e-01
2.332349540665745735e-03
6.392270326614379883e-03
3.678676486015319824e-02
3.083449304103851318e-01
2.340672731399536133e+00
3.679335594177246094e+00
2.225928544998168945e+00
5.555974245071411133e-01
1.973944483324885368e-03
1.785433888435363770e-01
1.958001870661973953e-03
1.791717171669006348e+00
1.683992445468902588e-01
9.771528244018554688e-01
1.960227079689502716e-02
6.591792106628417969e-01
1.485884904861450195e+00
2.380376495420932770e-02
5.734777078032493591e-03
6.948638707399368286e-02
6.009841803461313248e-03
1.287174224853515625e-01
4.066115245223045349e-02
1.042497396469116211e+00
9.852573275566101074e-02
1.853216409683227539e+00
6.434082053601741791e-03
9.787318706512451172e-01
4.414733871817588806e-02
2.129999250173568726e-01
1.208251476287841797e+00
7.503565400838851929e-02
4.672914743423461914e-01
4.849373698234558105e-01
1.182864457368850708e-01
1.480728626251220703e+00
3.649291396141052246e-02
7.782001048326492310e-02
9.661934375762939453e-01
4.883149173110723495e-03
1.753960371017456055e+00
1.314780302345752716e-02
2.570959925651550293e-01
3.276526404079049826e-04
2.329555749893188477e-01
3.075993657112121582e-01
2.886106967926025391e-01
9.272183179855346680e-01
6.646957248449325562e-02
2.347329854965209961e-01
1.122115831822156906e-02
6.592056161025539041e-05
2.419616132974624634e-01
8.838814683258533478e-03
2.922125339508056641e+00
4.750160127878189087e-02
1.651509851217269897e-02
5.751173496246337891e-01
3.905052551999688148e-03
7.233028300106525421e-03
5.418423935770988464e-02
1.487391721457242966e-02
8.962436765432357788e-02
1.756470054388046265e-01
1.095035299658775330e-02
2.249929308891296387e-02
8.011823520064353943e-03
1.006279438734054565e-01
5.505440235137939453e-01
2.404776168987154961e-03
3.100257635116577148e+00
6.929875612258911133e-01
1.480280458927154541e-01
1.563988924026489258e+00
3.684973418712615967e-01
7.098019123077392578e-01
8.698004484176635742e-02
7.641844451427459717e-03
3.949936944991350174e-03
8.939670324325561523e-01
6.860980391502380371e-02
1.908464170992374420e-02
3.551789045333862305e+00
1.847749948501586914e-01
1.804625391960144043e+00
1.353327464312314987e-02
4.281387478113174438e-02
2.535332143306732178e-01
4.154999256134033203e-01
5.482868552207946777e-01
5.196930840611457825e-02
5.718773975968360901e-02
7.104784995317459106e-02
2.214838284999132156e-03
1.803473860491067171e-04
3.660376071929931641e-01
1.763778738677501678e-02
1.204505205154418945e+00
5.446413531899452209e-02
1.088750362396240234e+00
1.637999564409255981e-01
6.528986990451812744e-02
1.065326482057571411e-01
3.352830931544303894e-02
1.175914287567138672e+00
9.530876763164997101e-03
1.615099459886550903e-01
9.406086802482604980e-02
9.095827490091323853e-02
1.772827655076980591e-01
1.442178487777709961e+00
2.309949882328510284e-02
8.283253014087677002e-02
3.707874417304992676e-01
1.159328892827033997e-01
1.377199143171310425e-01
1.305926561355590820e+00
2.147936969995498657e-01
1.886064559221267700e-02
1.394760906696319580e-01
2.874365448951721191e-01
2.278258949518203735e-01
1.339240819215774536e-01
1.658824682235717773e-01
4.580321907997131348e-01
1.543675184249877930e+00
8.608178496360778809e-01
6.784306466579437256e-02
4.999579978175461292e-04
1.426037698984146118e-01
1.412860631942749023e+00
2.435045480728149414e+00
6.120148301124572754e-02
2.955993264913558960e-02
6.678663939237594604e-02
1.599213033914566040e-01
1.352945208549499512e+00
3.932429105043411255e-02
4.824399203062057495e-02
2.084960341453552246e-01
1.001109182834625244e-01
2.319938540458679199e-01
1.183726564049720764e-01
3.778764978051185608e-02
3.900460898876190186e-01
3.182557970285415649e-02
6.375883817672729492e-01
3.620190918445587158e-01
2.875768542289733887e-01
7.623804211616516113e-01
1.690739244222640991e-01
1.726069115102291107e-02
6.100486032664775848e-03
1.109160017222166061e-02
2.056607417762279510e-02
1.518859416246414185e-01
8.711548522114753723e-03
4.219087585806846619e-02
1.841765642166137695e-01
2.678244002163410187e-02
5.593291521072387695e-01
7.481769192963838577e-03
3.278284072875976562e-01
2.242075424874201417e-04
3.213050216436386108e-02
2.013699561357498169e-01
2.048856735229492188e+00
5.697482079267501831e-02
1.536756277084350586e+00
8.529660291969776154e-03
7.693921923637390137e-01
5.093913078308105469e-01
4.014703035354614258e-01
2.162560939788818359e+00
2.175815403461456299e-01
3.432330116629600525e-02
5.544094741344451904e-02
2.069148421287536621e-01
7.984124124050140381e-02
1.276148259639739990e-01
1.434220433235168457e+00
2.394948303699493408e-01
1.934424974024295807e-02
2.349319756031036377e-01
2.941524982452392578e-02
1.766638457775115967e-01
3.474273020401597023e-03
9.690759181976318359e-01
2.838264107704162598e-01
3.278506174683570862e-02
5.791093781590461731e-02
1.394232064485549927e-01
1.432314217090606689e-01
1.247394919395446777e+00
1.654482185840606689e-01
6.700892699882388115e-04
2.151496155420318246e-04
2.759144008159637451e-01
3.755446434020996094e+00
6.100140213966369629e-01
7.359549999237060547e-01
7.203156501054763794e-02
1.709761172533035278e-01
1.573467105627059937e-01
2.783187478780746460e-02
1.376896023750305176e+00
7.534758746623992920e-02
5.817818045616149902e-01
7.376185059547424316e-01
5.387760996818542480e-01
8.743962049484252930e-01
2.325041741132736206e-01
1.836802996695041656e-02
1.051670033484697342e-02
4.567309748381376266e-03
2.582996487617492676e-01
1.271444261074066162e-01
1.055350661277770996e+00
1.075812935829162598e+00
1.796821951866149902e-01
6.357866525650024414e-02
1.842941492795944214e-01
1.818576604127883911e-01
4.505075141787528992e-02
1.928396522998809814e-01
1.074139308184385300e-02
4.763450622558593750e+00
7.154826074838638306e-02
9.559653997421264648e-01
1.129474639892578125e-01
5.011981725692749023e-01
1.590409398078918457e+00
1.253011226654052734e-01
1.878050900995731354e-02
1.544679164886474609e+00
8.403299376368522644e-03
1.046809077262878418e+00
6.044917702674865723e-01
6.704617142677307129e-01
2.772336900234222412e-01
2.934407711029052734e+00
2.629453539848327637e-01
4.209585895296186209e-04
4.009121283888816833e-02
4.161670684814453125e+00
7.111258059740066528e-02
3.275078833103179932e-01
3.492600843310356140e-02
1.183952808380126953e+00
8.910889737308025360e-03
4.477675631642341614e-02
1.391721218824386597e-01
1.744002401828765869e-01
3.445920646190643311e-01
5.629737377166748047e-01
6.870318204164505005e-02
2.076913118362426758e-01
7.601975928992033005e-03
1.002125144004821777e-01
1.830287575721740723e-01
2.305569499731063843e-01
9.273757459595799446e-04
1.707428693771362305e+00
1.423630237579345703e+00
4.684379398822784424e-01
3.061957061290740967e-01
1.026989333331584930e-02
2.770742177963256836e-01
1.701301634311676025e-01
5.179229378700256348e-02
2.707531750202178955e-01
1.169456634670495987e-02
1.118153799325227737e-03
4.681871831417083740e-01
2.517473995685577393e-01
9.970293939113616943e-02
6.964574102312326431e-03
5.601325631141662598e-02
2.926355227828025818e-03
5.877311527729034424e-02
1.482448428869247437e-01
2.449660189449787140e-02
7.100113034248352051e-01
1.711522340774536133e-01
6.104851961135864258e-01
2.996361814439296722e-03
1.536378026008605957e+00
2.474343637004494667e-03
2.609690904617309570e+00
8.150698542594909668e-01
5.722770467400550842e-02
1.832572519779205322e-01
1.403331995010375977e+00
4.618672281503677368e-02
3.151397104375064373e-04
1.466834783554077148e+00
4.625442670658230782e-04
4.032997488975524902e-01
2.032227367162704468e-01
5.475395917892456055e-01
3.451130390167236328e-01
5.273462533950805664e-01
1.214574575424194336e-01
4.022272229194641113e-01
2.622160129249095917e-02
3.316523134708404541e-02
5.257470998913049698e-03
3.666061162948608398e-01
2.622738247737288475e-03
3.404496982693672180e-02
1.742347955703735352e+00
2.220533788204193115e-01
5.845474600791931152e-01
1.319372095167636871e-03
1.226852834224700928e-01
2.710954427719116211e+00
1.168514043092727661e-02
1.990596938412636518e-04
1.969905018806457520e+00
3.484306812286376953e+00
7.392433006316423416e-03
8.833082392811775208e-04
1.052908599376678467e-02
7.093548029661178589e-02
7.215365767478942871e-01
3.952668048441410065e-03
8.140243589878082275e-03
1.365205086767673492e-02
9.545757621526718140e-02
3.387374058365821838e-02
1.112027764320373535e+00
4.201154783368110657e-02
5.551202297210693359e-01
6.536492728628218174e-04
4.183955490589141846e-01
2.785909473896026611e-01
5.901448726654052734e-01
4.360916791483759880e-04
6.749230623245239258e-01
1.803873479366302490e-01
2.241563081741333008e+00
1.205861940979957581e-01
1.562142819166183472e-01
5.767938122153282166e-02
1.587299108505249023e+00
2.500365078449249268e-01
1.448699831962585449e-01
8.840888738632202148e-01
7.582978010177612305e-01
4.411133006215095520e-03
2.250759163871407509e-03
1.111848000437021255e-02
2.501097321510314941e-02
2.651711702346801758e+00
9.203620553016662598e-01
2.775743976235389709e-02
2.436253547668457031e+00
4.073655605316162109e-01
1.924370169639587402e+00
1.382336858659982681e-02
4.942716956138610840e-01
2.127020955085754395e-01
1.918330341577529907e-01
6.568536758422851562e-01
1.619588851928710938e+00
3.618125617504119873e-01
4.500822424888610840e-01
3.414658829569816589e-02
1.430860608816146851e-01
5.200303345918655396e-02
4.607595875859260559e-02
1.552930474281311035e-02
9.867070913314819336e-01
2.190216211602091789e-03
7.960554361343383789e-01
2.675764961168169975e-03
6.394639145582914352e-03
4.379195868968963623e-01
7.398467976599931717e-03
1.119345612823963165e-02
1.840422004461288452e-01
4.027146697044372559e-01
3.815557062625885010e-01
2.773139178752899170e-01
5.543227195739746094e-01
4.963013529777526855e-02
4.525861740112304688e-01
6.444623693823814392e-03
1.473528891801834106e-01
1.403785049915313721e-01
2.399632632732391357e-01
2.576359510421752930e-01
6.851989030838012695e-01
2.487362146377563477e+00
4.948446899652481079e-02
2.496606260538101196e-01
3.671871662139892578e+00
7.185805123299360275e-03
1.892922401428222656e+00
1.922975778579711914e-01
5.199728012084960938e-01
5.601267330348491669e-04
6.609779596328735352e-01
7.839092016220092773e-01
8.178415894508361816e-01
1.261646207422018051e-02
4.603908956050872803e-01
1.198660768568515778e-02
6.940331310033798218e-02
1.713000005111098289e-03
6.501700878143310547e-01
3.424692898988723755e-02
2.304768562316894531e-01
6.401333666872233152e-05
8.157438039779663086e-01
2.361423894762992859e-02
5.556495394557714462e-03
1.895106770098209381e-02
1.305094480514526367e+00
1.549681574106216431e-01
3.557071983814239502e-01
1.413018722087144852e-02
9.329016506671905518e-02
3.653852939605712891e-01
3.128365278244018555e-01
4.510229919105768204e-03
1.136981695890426636e-01
1.254518747329711914e+00
7.398647069931030273e-02
6.145957857370376587e-02
1.639525406062602997e-02
8.059883862733840942e-02
1.398891061544418335e-01
1.337598413228988647e-01
5.959534645080566406e-01
1.813735604286193848e+00
9.732000827789306641e-01
6.386751532554626465e-01
2.173393726348876953e+00
1.377091646194458008e+00
3.266172856092453003e-02
3.749929070472717285e-01
2.884864807128906250e+00
5.660990625619888306e-02
1.979349181056022644e-02
4.619947075843811035e-01
3.604113161563873291e-01
5.101164802908897400e-03
2.992974519729614258e-01
8.428212404251098633e-01
2.657142281532287598e-02
3.062611073255538940e-02
3.851568996906280518e-01
8.909136801958084106e-02
1.372139692306518555e+00
8.352585136890411377e-03
1.585671901702880859e-01
1.689435169100761414e-02
6.949513554573059082e-01
3.097748458385467529e-01
1.735529661178588867e+00
3.823716938495635986e-01
1.070044785737991333e-01
6.697113625705242157e-03
6.897708177566528320e-01
2.325572013854980469e+00
7.275152802467346191e-01
4.165844023227691650e-01
3.224420174956321716e-02
7.302260491997003555e-03
5.467698443681001663e-03
7.695159912109375000e-01
1.574385762214660645e-01
3.486264031380414963e-04
7.343636751174926758e-01
1.535684615373611450e-01
1.596129965037107468e-03
1.813737154006958008e+00
3.295313566923141479e-02
1.114581478759646416e-03
4.851593673229217529e-01
1.929467558860778809e+00
1.621143698692321777e+00
2.192718349397182465e-02
6.157077848911285400e-02
2.951162159442901611e-01
1.700692176818847656e-01
9.991158731281757355e-03
4.533437490463256836e-01
7.245154678821563721e-02
2.401269041001796722e-02
3.431443125009536743e-02
3.898601233959197998e-02
1.040107160806655884e-01
3.540382683277130127e-01
1.426923632621765137e+00
2.957947969436645508e+00
3.678177595138549805e-01
3.866436481475830078e-01
1.747657507658004761e-01
2.822209894657135010e-01
4.926950931549072266e-01
6.301969885826110840e-01
3.472165390849113464e-02
5.720462650060653687e-02
2.410245239734649658e-01
2.703098058700561523e-01
1.310897711664438248e-02
3.638734519481658936e-01
7.460392266511917114e-02
1.319635391235351562e+00
2.266676425933837891e-01
1.630542054772377014e-02
3.135528648272156715e-03
1.165333688259124756e-01
6.276237964630126953e-02
8.202292025089263916e-02
5.017902236431837082e-03
5.713344812393188477e-01
1.130560159683227539e+00
1.563763245940208435e-02
5.170739889144897461e-01
6.655198335647583008e-01
3.634269833564758301e-01
1.613199353218078613e+00
2.423339605331420898e+00
1.023614406585693359e-01
6.767758131027221680e-01
2.177146375179290771e-01
4.753817319869995117e-01
1.386667788028717041e-01
7.834736257791519165e-02
4.605286121368408203e-01
1.130944583564996719e-02
2.728341221809387207e-01
1.521962787955999374e-02
1.113333459943532944e-02
1.398952960968017578e+00
6.817862391471862793e-01
1.448239833116531372e-01
5.155254364013671875e+00
1.099815941415727139e-03
3.739522397518157959e-02
8.305975794792175293e-02
4.809198901057243347e-02
8.506178855895996094e-02
1.676702755503356457e-03
1.318639237433671951e-02
2.542201042175292969e+00
5.222905874252319336e-01
2.679871618747711182e-01
3.474963307380676270e-01
3.825997710227966309e-01
1.368301338516175747e-03
3.606306761503219604e-02
7.667515426874160767e-03
3.710951805114746094e-01
1.851078033447265625e+00
5.667203664779663086e-01
3.339534699916839600e-01
2.040740251541137695e-01
1.156508207321166992e+00
4.852103590965270996e-01
3.381930589675903320e-01
7.452707290649414062e-01
7.638054490089416504e-01
6.147527322173118591e-02
1.558963954448699951e-01
2.513807117938995361e-01
9.875099658966064453e-01
1.389132346957921982e-02
4.046575352549552917e-02
2.366009652614593506e-01
8.043658733367919922e-01
3.595865517854690552e-02
1.492543339729309082e+00
5.347590893507003784e-03
2.373007871210575104e-02
4.948960542678833008e-01
1.176526493509300053e-04
2.313525974750518799e-02
8.437862396240234375e-01
8.837990462779998779e-02
1.419177372008562088e-02
1.330638583749532700e-02
5.253636837005615234e-02
3.216660022735595703e-01
1.420587766915559769e-02
1.693857461214065552e-01
3.694702386856079102e-01
1.323216706514358521e-01
1.209481037221848965e-03
4.384366050362586975e-02
1.081675104796886444e-02
5.325988680124282837e-02
7.300268113613128662e-02
1.457652568817138672e+00
2.236904352903366089e-01
5.014958381652832031e-01
3.779502630233764648e+00
1.743103936314582825e-02
1.021065935492515564e-02
6.694762110710144043e-01
1.137391757220029831e-02
2.929636463522911072e-02
5.319983363151550293e-01
3.219583034515380859e-01
1.141138821840286255e-01
1.172788366675376892e-01
1.270952969789505005e-01
2.671612262725830078e+00
1.344086974859237671e-01
1.994441509246826172e+00
5.101607441902160645e-01
9.381335377693176270e-01
7.265438437461853027e-01
3.805539570748806000e-03
5.306908115744590759e-02
1.577433824539184570e+00
1.609791219234466553e-01
1.020117878913879395e+00
6.430049985647201538e-02
4.294881522655487061e-01
1.314084053039550781e+00
1.070830971002578735e-01
2.026954412460327148e+00
3.628209605813026428e-02
9.473415613174438477e-01
8.584226369857788086e-01
4.654660224914550781e-01
3.958488628268241882e-02
2.747252024710178375e-02
6.932657212018966675e-02
5.196591466665267944e-02
2.044858410954475403e-02
1.540920495986938477e+00
2.588060311973094940e-02
4.249970912933349609e-01
1.347738027572631836e+00
1.554115861654281616e-02
8.684183955192565918e-01
2.740964889526367188e-01
7.765622437000274658e-02
4.696735777542926371e-05
9.291287660598754883e-01
6.535706520080566406e-01
1.529870510101318359e+00
4.943954199552536011e-02
4.047753512859344482e-01
3.965157270431518555e-02
1.981399297714233398e+00
9.431311488151550293e-02
5.370686054229736328e-01
6.138163618743419647e-03
6.373746991157531738e-01
2.058810234069824219e+00
3.571680746972560883e-03
1.052078828215599060e-01
1.050476551055908203e+00
9.046282619237899780e-03
4.625213477993384004e-05
2.123498916625976562e+00
3.517940640449523926e-01
4.455867037177085876e-02
4.819060117006301880e-02
1.973229527473449707e+00
9.818119928240776062e-03
2.079085633158683777e-02
2.407886236906051636e-01
3.708766102790832520e-01
3.219250440597534180e-01
9.758256375789642334e-02
2.823042273521423340e-01
3.336044549942016602e+00
4.340254962444305420e-01
2.245686575770378113e-02
1.477358341217041016e-01
9.844255447387695312e-02
8.916041851043701172e-01
1.053585052490234375e+00
4.681349173188209534e-02
4.925871491432189941e-01
3.576272320060525090e-06
1.374810218811035156e+00
1.313239056617021561e-02
1.946375519037246704e-01
5.083287954330444336e-01
2.800117969512939453e+00
6.279775500297546387e-02
1.266498714685440063e-01
1.255171652883291245e-02
4.144146293401718140e-02
1.273659020662307739e-01
1.868702843785285950e-02
6.296175718307495117e-02
1.724373549222946167e-01
7.583655714988708496e-01
8.900488913059234619e-02
9.730529040098190308e-02
2.923530638217926025e-01
1.028501912951469421e-01
8.510275743901729584e-03
3.969944715499877930e-01
5.123976245522499084e-02
1.094814622774720192e-03
1.313273429870605469e+00
2.876172214746475220e-02
3.508467972278594971e-01
3.981989575549960136e-04
1.019031256437301636e-01
2.064907073974609375e+00
1.218305975198745728e-01
2.532140493392944336e+00
2.789841964840888977e-02
8.966405987739562988e-01
2.460625320672988892e-01
1.216386794112622738e-03
5.259165763854980469e-01
4.191661253571510315e-03
5.777356624603271484e-01
7.329477071762084961e-01
4.891999065876007080e-02
6.125844642519950867e-02
3.377446532249450684e-01
6.961782928556203842e-04
5.004973150789737701e-03
2.340371720492839813e-02
2.629324793815612793e-02
9.157324209809303284e-03
5.591428652405738831e-02
1.103398799896240234e+00
5.303369462490081787e-02
4.014268219470977783e-01
1.046101093292236328e+00
3.365458846092224121e-01
1.048272661864757538e-02
2.482103109359741211e-01
7.113723158836364746e-01
4.577208161354064941e-01
5.060601513832807541e-03
3.725116014480590820e+00
2.225553989410400391e+00
3.789388574659824371e-03
3.423483297228813171e-02
8.220181465148925781e-01
6.258838623762130737e-02
4.131057560443878174e-01
1.641343161463737488e-02
2.864561975002288818e-01
2.309471607208251953e+00
6.186183914542198181e-02
8.420880436897277832e-01
4.410044550895690918e-01
5.115159787237644196e-03
2.692973911762237549e-01
5.969924107193946838e-02
4.258638322353363037e-01
2.801662310957908630e-03
1.683367183431982994e-03
6.900784373283386230e-01
6.068853735923767090e-01
2.716686949133872986e-02
2.646503686904907227e+00
1.092792749404907227e+00
1.429965370334684849e-03
6.333303451538085938e-01
4.747772216796875000e-01
8.451890200376510620e-02
3.890748620033264160e-01
1.962429583072662354e-01
1.316072940826416016e-01
4.117964208126068115e-01
2.940527498722076416e-01
5.197406187653541565e-02
7.039970755577087402e-01
5.488602817058563232e-02
8.471729755401611328e-01
2.278919517993927002e-01
6.359846144914627075e-02
1.391589455306529999e-02
4.377260804176330566e-01
2.525862455368041992e-01
4.118475019931793213e-01
6.344544291496276855e-01
1.638587713241577148e+00
2.693722248077392578e-01
1.764141925377771258e-04
3.260692209005355835e-02
7.930763363838195801e-01
2.913205921649932861e-01
1.886945366859436035e-01
2.695143921300768852e-03
1.543167471885681152e+00
4.120076075196266174e-03
2.630266249179840088e-01
5.097132176160812378e-03
3.951097726821899414e-01
2.603741176426410675e-02
4.158568382263183594e-01
8.777356743812561035e-01
1.617128133773803711e+00
1.668300867080688477e+00
4.219675064086914062e-01
8.766341805458068848e-01
3.224176354706287384e-03
3.724544541910290718e-03
3.177270293235778809e-01
8.719820529222488403e-03
9.018888324499130249e-02
1.917073153890669346e-03
4.595210552215576172e-01
2.516349963843822479e-02
7.534570693969726562e-01
3.565266495570540428e-03
6.934615969657897949e-01
4.616307616233825684e-01
2.335678599774837494e-02
4.310355782508850098e-01
1.694464236497879028e-01
1.506251096725463867e+00
6.304544210433959961e-01
3.680309057235717773e-01
2.388828396797180176e-01
2.311655320227146149e-03
5.954964458942413330e-02
3.352334499359130859e-01
1.868188142776489258e+00
5.914185047149658203e-01
5.634173154830932617e-01
1.800361275672912598e-01
3.049021661281585693e-01
7.058606296777725220e-02
1.360049694776535034e-01
1.178551554679870605e+00
1.694056689739227295e-01
2.483875602483749390e-01
6.353074312210083008e-01
9.822947382926940918e-01
7.556071970611810684e-03
9.803875535726547241e-02
1.074052080512046814e-01
3.631743192672729492e-01
1.173667192459106445e+00
7.428101897239685059e-01
4.058286175131797791e-02
1.600818037986755371e-01
2.519916892051696777e-01
5.542043447494506836e-01
9.083022363483905792e-03
4.813511855900287628e-03
1.213247179985046387e+00
2.609659451991319656e-03
9.334630519151687622e-02
2.850162331014871597e-03
7.837184667587280273e-01
5.165231823921203613e-01
3.307118117809295654e-01
2.350870072841644287e-01
4.060690701007843018e-01
2.048782631754875183e-02
7.908933795988559723e-03
7.029320299625396729e-02
2.475115805864334106e-01
3.962225914001464844e-01
1.350068300962448120e-01
3.338310718536376953e-01
8.816668987274169922e-01
2.489313185214996338e-01
7.645586133003234863e-02
8.115176111459732056e-03
1.549139246344566345e-02
3.617317080497741699e-01
9.624079614877700806e-02
1.048526391386985779e-01
2.344197779893875122e-01
2.443306613713502884e-03
4.005880281329154968e-02
7.820162922143936157e-02
3.174039593432098627e-04
1.728263497352600098e-01
2.763709723949432373e-01
1.053854823112487793e+00
4.197477828711271286e-03
6.834321022033691406e-01
1.701156020164489746e+00
1.219520643353462219e-01
3.182469308376312256e-01
3.818083554506301880e-02
4.598087072372436523e-01
5.494811534881591797e-01
8.194604516029357910e-02
2.560503482818603516e-01
3.492686199024319649e-03
3.217240422964096069e-02
2.387698180973529816e-02
3.752004413399845362e-04
4.955197125673294067e-02
2.267271466553211212e-02
1.533672809600830078e+00
2.539538592100143433e-02
9.200796484947204590e-02
3.653044579550623894e-03
3.205833435058593750e-01
2.999071478843688965e-01
4.645623266696929932e-02
1.355087151750922203e-03
7.486301064491271973e-01
5.951110124588012695e-01
3.239081382751464844e+00
9.524317979812622070e-01
2.798804938793182373e-01
6.578212231397628784e-02
1.783761382102966309e-01
7.552788406610488892e-02
8.773903846740722656e-01
5.236748233437538147e-02
1.261972039937973022e-01
2.801543334499001503e-03
2.827488817274570465e-02
1.464721467345952988e-02
6.497914195060729980e-01
8.116509318351745605e-01
9.696207046508789062e-01
1.061333864927291870e-01
1.569319009780883789e+00
2.393321245908737183e-01
4.138482809066772461e-01
2.396156311035156250e+00
2.250958234071731567e-01
4.541314840316772461e-01
5.227539315819740295e-02
1.230674330145120621e-03
4.589314460754394531e-01
9.536709636449813843e-02
1.283084601163864136e-01
5.187000036239624023e-01
3.313075006008148193e-02
1.736925482749938965e+00
3.590829968452453613e-01
1.339984238147735596e-01
3.785488009452819824e-01
1.349691301584243774e-01
1.552907004952430725e-02
1.462141275405883789e-01
1.506686806678771973e+00
8.168148808181285858e-03
3.186149150133132935e-02
1.602724671363830566e+00
7.321388125419616699e-01
1.029333591461181641e+00
1.396800279617309570e+00
7.332331538200378418e-01
8.232323825359344482e-02
8.124068379402160645e-02
4.151682555675506592e-01
3.041347563266754150e-01
2.049847040325403214e-03
1.321148395538330078e+00
2.018757343292236328e+00
1.024334412068128586e-02
2.440029680728912354e-01
7.906137406826019287e-02
4.480086732655763626e-03
4.622473940253257751e-02
1.397982716560363770e+00
7.937920838594436646e-02
3.268140833824872971e-03
1.381080389022827148e+00
8.577784299850463867e-01
2.816518826875835657e-04
1.806606203317642212e-01
1.074166536331176758e+00
3.252915292978286743e-02
4.724366664886474609e-01
4.170356318354606628e-02
1.442493498325347900e-01
4.522266089916229248e-01
3.573067784309387207e-01
3.646037075668573380e-03
1.126093745231628418e+00
4.318813979625701904e-01
1.883596628904342651e-01
6.962942481040954590e-01
9.793597459793090820e-01
2.840258553624153137e-02
1.491936948150396347e-02
1.385118216276168823e-01
1.462622284889221191e-01
2.466463893651962280e-01
5.366325378417968750e-03
1.413101255893707275e-01
1.417560130357742310e-01
2.085939049720764160e-02
7.348318696022033691e-01
4.796850085258483887e-01
9.751693159341812134e-02
3.743309294804930687e-03
8.444081991910934448e-03
7.924427278339862823e-03
4.403537139296531677e-03
1.019741773605346680e+00
4.144546389579772949e-02
8.922505378723144531e-02
7.817073492333292961e-04
8.146628737449645996e-03
7.287155985832214355e-01
2.923502586781978607e-03
2.556196749210357666e-01
6.521173119544982910e-01
9.731166809797286987e-02
1.116985917091369629e+00
1.327234506607055664e-01
1.115184277296066284e-02
6.771350651979446411e-02
1.503116218373179436e-04
2.237398736178874969e-02
2.578027844429016113e-01
1.139266729354858398e+00
4.893268048763275146e-01
1.632298588752746582e+00
3.205177068710327148e+00
1.503363847732543945e-01
3.877055644989013672e-01
8.857751637697219849e-02
2.950684726238250732e-01
1.006683632731437683e-01
2.930137813091278076e-01
3.169161826372146606e-02
1.028621435165405273e+00
5.391384959220886230e-01
4.918090105056762695e-01
1.183665171265602112e-01
1.029937028884887695e+00
1.227019309997558594e+00
9.079400300979614258e-01
1.993967771530151367e+00
8.774036765098571777e-01
9.465108066797256470e-02
7.444925904273986816e-01
5.446950439363718033e-03
1.304869502782821655e-01
6.025699526071548462e-02
1.068360265344381332e-02
2.090413356199860573e-03
1.038262322545051575e-01
8.035357110202312469e-03
2.164277881383895874e-01
1.024217009544372559e-01
1.916504621505737305e+00
1.116245687007904053e-01
3.847300410270690918e-01
5.097013432532548904e-03
3.791094422340393066e-01
6.559432744979858398e-01
5.018128827214241028e-02
4.511684179306030273e-02
7.958201318979263306e-02
1.918624520301818848e+00
9.862994551658630371e-01
2.862677164375782013e-02
2.264738529920578003e-01
4.722964391112327576e-02
7.651383429765701294e-02
1.459183454513549805e+00
1.262576133012771606e-02
1.214272677898406982e-01
1.312803030014038086e+00
1.197364926338195801e+00
1.207652837038040161e-01
7.297498583793640137e-01
8.731548190116882324e-01
1.944081544876098633e+00
3.316124379634857178e-01
7.955694198608398438e-01
3.444217145442962646e-03
4.493923187255859375e-01
8.122760802507400513e-02
1.600474715232849121e+00
7.971763610839843750e-02
6.883502006530761719e-01
1.135575026273727417e-01
1.586568593978881836e+00
6.088253110647201538e-02
8.117241668514907360e-04
1.783630847930908203e-01
1.572142541408538818e-02
1.443819761276245117e+00
2.948514938354492188e+00
1.990533173084259033e-01
8.051349222660064697e-02
4.890808463096618652e-01
8.321803212165832520e-01
1.340273022651672363e+00
1.789403855800628662e-01
1.937528550624847412e-01
9.210478514432907104e-03
1.272181142121553421e-02
3.027558326721191406e-01
2.340311527252197266e+00
2.562574576586484909e-03
1.709701657295227051e+00
6.726663708686828613e-01
1.125704646110534668e-01
9.352325461804866791e-03
1.794378831982612610e-02
1.172705173492431641e+00
1.152476072311401367e-01
4.438064098358154297e+00
2.864215672016143799e-01
4.107187390327453613e-01
8.297890424728393555e-02
1.230836868286132812e+00
1.415110845118761063e-02
3.231312930583953857e-01
7.855305075645446777e-01
2.216977924108505249e-01
2.231014659628272057e-03
1.623027957975864410e-03
1.307521581649780273e+00
1.667064666748046875e+00
9.974566102027893066e-02
5.432960111647844315e-03
3.458377420902252197e-01
3.801315426826477051e-01
2.236920781433582306e-02
1.898969292640686035e+00
1.092601791024208069e-01
1.384531855583190918e-01
2.243267226731404662e-04
2.690661512315273285e-02
1.967997550964355469e+00
4.766827225685119629e-01
1.882176548242568970e-01
1.418331172317266464e-02
5.644810386002063751e-03
4.206381272524595261e-03
2.874237857758998871e-02
1.762021891772747040e-02
2.600483298301696777e-01
4.749180972576141357e-01
1.124345697462558746e-03
1.044999957084655762e+00
1.060125529766082764e-01
5.793147087097167969e-01
2.945182844996452332e-02
9.097939729690551758e-01
1.092251300811767578e+00
3.909676671028137207e-01
1.537097543478012085e-01
1.559903860092163086e+00
3.636076450347900391e-01
4.409886151552200317e-02
4.002636969089508057e-01
2.853790223598480225e-01
2.982965707778930664e-01
6.346144676208496094e-01
3.435770869255065918e-01
1.505031064152717590e-02
5.304454639554023743e-02
1.028443098068237305e+00
8.146256208419799805e-02
3.133734688162803650e-02
1.640394628047943115e-01
4.653840661048889160e-01
9.002292156219482422e-01
4.439090192317962646e-01
5.608782768249511719e-01
1.685416340827941895e+00
5.002244841307401657e-03
4.709666371345520020e-01
1.724784970283508301e+00
1.763485930860042572e-02
2.291668176651000977e+00
3.568124026060104370e-02
5.846189856529235840e-01
3.113781334832310677e-03
1.185028031468391418e-01
6.567618995904922485e-02
5.282068252563476562e-02
3.094978332519531250e-01
7.195746991783380508e-03
4.032905399799346924e-02
1.096353307366371155e-01
7.596060633659362793e-01
1.802346229553222656e+00
1.591015309095382690e-01
5.516381859779357910e-01
7.181014120578765869e-02
2.232362478971481323e-01
5.997048020362854004e-01
1.052028387784957886e-01
6.864321231842041016e-01
2.909639477729797363e-01
8.035064339637756348e-01
3.028689185157418251e-03
2.656979952007532120e-03
5.200668573379516602e-01
5.873833894729614258e-01
6.204413995146751404e-02
2.664189338684082031e-01
1.769741028547286987e-01
1.425803542137145996e+00
1.479722443036735058e-03
9.935462474822998047e-01
1.162752229720354080e-02
8.462919592857360840e-01
4.010968804359436035e-01
4.726421087980270386e-02
3.222575485706329346e-01
6.055343747138977051e-01
1.405637059360742569e-02
9.717516899108886719e-01
9.461797773838043213e-03
5.612574145197868347e-02
1.255807373672723770e-02
9.733868837356567383e-01
7.958582043647766113e-01
5.065361037850379944e-02
1.608978360891342163e-01
3.862355649471282959e-01
4.513917863368988037e-02
4.548560362309217453e-03
2.881140112876892090e-01
1.220280379056930542e-01
2.764867618680000305e-02
2.279273569583892822e-01
4.669153690338134766e-02
9.231149405241012573e-02
2.530595064163208008e-01
1.023426055908203125e-01
9.925031661987304688e-02
2.484689233824610710e-03
9.218955636024475098e-01
1.826422929763793945e+00
1.553705334663391113e-01
3.443704843521118164e-01
1.220202073454856873e-02
1.135181519202888012e-03
4.829363152384757996e-02
1.508430540561676025e-01
4.154210165143013000e-02
6.543134897947311401e-02
1.310460329055786133e+00
1.423913706094026566e-02
5.067494930699467659e-04
4.429493248462677002e-01
1.089014530181884766e+00
1.973087638616561890e-01
5.375865846872329712e-02
2.781738638877868652e-01
2.025580555200576782e-01
2.597883641719818115e-01
1.153086870908737183e-01
6.788754463195800781e-01
3.668009936809539795e-01
6.082509830594062805e-02
5.530090928077697754e-01
7.032687216997146606e-02
4.947777464985847473e-02
2.727136597968637943e-04
1.899946928024291992e-01
6.269506216049194336e-01
4.587731361389160156e-01
4.673271998763084412e-02
1.141356900334358215e-01
1.105651617050170898e+00
3.285250859335064888e-03
7.675423026084899902e-01
7.254400849342346191e-01
1.083548188209533691e+00
4.343043256085366011e-04
2.618140578269958496e-01
9.539594650268554688e-01
9.322227239608764648e-01
1.368896570056676865e-03
1.126745268702507019e-01
1.827166974544525146e-01
4.178246948868036270e-03
3.699164092540740967e-01
2.189483195543289185e-01
1.120571605861186981e-02
1.002561897039413452e-01
1.043519750237464905e-01
2.098768763244152069e-02
2.600808511488139629e-04
5.225689411163330078e-01
9.245648980140686035e-02
4.396919906139373779e-01
3.510166332125663757e-02
1.521978294476866722e-03
8.003503829240798950e-02
7.444579601287841797e-01
1.727109432220458984e+00
5.810026079416275024e-02
8.168011158704757690e-02
1.048103421926498413e-01
2.263146340847015381e-01
4.459349513053894043e-01
1.367141306400299072e-01
2.264574170112609863e-01
5.521056056022644043e-01
1.983311213552951813e-02
2.428128272294998169e-01
4.903244972229003906e-01
1.006763521581888199e-02
7.667714357376098633e-02
4.955865908414125443e-03
1.948036193847656250e+00
8.296622399939224124e-05
9.391061663627624512e-01
1.287048459053039551e-01
5.418107658624649048e-02
3.751504002138972282e-03
5.752500295639038086e-01
6.997838616371154785e-03
2.106309495866298676e-02
1.463734637945890427e-02
7.309171557426452637e-01
4.048129543662071228e-03
9.421417862176895142e-02
1.924134977161884308e-02
4.326747357845306396e-01
3.758390545845031738e-01
8.525877259671688080e-03
3.575002774596214294e-02
1.206248626112937927e-01
4.443414974957704544e-03
6.794838905334472656e-01
6.764399260282516479e-02
1.050106361508369446e-01
1.278668195009231567e-01
5.518415570259094238e-01
2.585662603378295898e-01
3.421789780259132385e-02
1.164088964462280273e+00
6.684087682515382767e-03
1.585111618041992188e+00
2.236069738864898682e-02
1.640392541885375977e-01
3.388584032654762268e-02
3.550631403923034668e-01
2.470638155937194824e-01
2.517586350440979004e-01
1.174208894371986389e-01
3.242954015731811523e-01
7.894355058670043945e-01
4.239393770694732666e-02
1.474241912364959717e-01
2.920174505561590195e-03
1.028769731521606445e+00
1.668317019939422607e-01
9.059986099600791931e-03
1.039023697376251221e-02
3.623196780681610107e-01
1.320916861295700073e-01
1.051433086395263672e+00
6.933202035725116730e-03
5.794524773955345154e-02
6.414219737052917480e-02
1.451107710599899292e-01
7.767447829246520996e-01
2.563763260841369629e-01
4.239827692508697510e-01
4.153891503810882568e-01
1.532838940620422363e-01
4.818725585937500000e-01
1.023506745696067810e-01
9.311233758926391602e-01
9.085704386234283447e-02
1.129066228866577148e+00
1.092481017112731934e-01
2.541193664073944092e-01
6.658523529767990112e-02
1.675036619417369366e-03
7.056162506341934204e-02
9.465719461441040039e-01
5.013525485992431641e-02
3.505534827709197998e-01
6.314389109611511230e-01
1.106960582546889782e-03
3.257837891578674316e-01
4.161486029624938965e-01
7.511198520660400391e-01
5.306445062160491943e-03
1.832491755485534668e+00
7.033258443698287010e-04
1.865469664335250854e-01
8.983253240585327148e-01
3.085812181234359741e-02
5.362455844879150391e-01
5.985449552536010742e-01
5.988751649856567383e-01
1.412146449089050293e+00
1.503469496965408325e-01
4.584806859493255615e-01
2.015760168433189392e-02
8.372090756893157959e-03
2.394801974296569824e-01
6.733228918164968491e-03
2.007088661193847656e+00
7.581220706924796104e-04
7.565687596797943115e-02
7.734005153179168701e-02
6.387135386466979980e-01
3.360104560852050781e-02
1.973385214805603027e-01
6.799299269914627075e-03
6.306746043264865875e-03
1.296443939208984375e+00
1.966527476906776428e-02
3.137592792510986328e+00
1.962950639426708221e-02
8.318153023719787598e-01
4.559577628970146179e-02
4.233577549457550049e-01
1.967001706361770630e-01
5.318714380264282227e-01
5.485296621918678284e-02
1.173016354441642761e-01
4.141665122006088495e-04
1.117633730173110962e-01
3.000040948390960693e-01
1.897737532854080200e-01
2.292055822908878326e-02
5.649788770824670792e-03
2.814543619751930237e-02
6.267397999763488770e-01
1.006883084774017334e-01
3.880847394466400146e-01
6.951252371072769165e-02
2.353440761566162109e+00
6.812204606831073761e-03
5.365732125937938690e-03
2.367338351905345917e-02
7.245665043592453003e-02
3.097379505634307861e-01
5.590109825134277344e+00
1.790832132101058960e-01
3.024208545684814453e-02
8.774688839912414551e-01
1.072051841765642166e-02
7.876536250114440918e-02
1.102172851562500000e+00
8.017820715904235840e-01
5.487408638000488281e-01
1.530547887086868286e-01
3.089002333581447601e-02
1.888096885522827506e-04
1.390174627304077148e+00
1.629451476037502289e-02
8.570840358734130859e-01
4.125191271305084229e-01
4.950069263577461243e-02
1.036098003387451172e-01
3.691724240779876709e-01
6.192546486854553223e-01
1.173686981201171875e+00
2.579227387905120850e-01
3.002838492393493652e-01
2.916437946259975433e-02
2.871270775794982910e-01
1.114223003387451172e+00
5.114446282386779785e-01
1.486284732818603516e-01
1.724680662155151367e+00
6.127548962831497192e-02
4.097779989242553711e-01
7.475700974464416504e-01
7.896873354911804199e-02
2.943541407585144043e-01
7.811971753835678101e-02
1.904818112961947918e-03
3.199626803398132324e-01
4.865117371082305908e-03
3.856056213378906250e+00
3.177291154861450195e-01
1.922087907791137695e+00
3.542262315750122070e-01
3.642992302775382996e-02
1.074834227561950684e+00
4.949683696031570435e-02
2.298334613442420959e-03
2.175065428018569946e-01
1.222697086632251740e-03
6.034417152404785156e-01
9.742154926061630249e-02
9.444793686270713806e-03
2.194257825613021851e-02
6.303529739379882812e-01
1.200782775878906250e+00
1.055160641670227051e+00
6.916019916534423828e-01
7.872506044805049896e-03
4.322812557220458984e-01
7.679604738950729370e-02
2.116487361490726471e-02
9.836416691541671753e-03
1.484057903289794922e-01
7.184363603591918945e-01
8.299481705762445927e-04
1.777911335229873657e-01
3.270488232374191284e-02
7.100613713264465332e-01
2.018381804227828979e-01
7.758386433124542236e-02
2.422814518213272095e-01
5.214047908782958984e+00
1.059880733489990234e+00
4.267445802688598633e-01
6.263082474470138550e-02
8.336770534515380859e-01
2.866323471069335938e+00
1.240125671029090881e-02
1.468989998102188110e-01
2.158915065228939056e-02
1.055357530713081360e-01
3.095139563083648682e-02
1.298299641348421574e-03
9.956586956977844238e-01
2.732053279876708984e+00
6.099650859832763672e-01
4.795399308204650879e-01
9.784595109522342682e-03
3.948590457439422607e-01
1.470900177955627441e-01
2.069915086030960083e-01
6.643136739730834961e-01
1.219374656677246094e+00
2.886417089030146599e-03
1.001305505633354187e-01
5.289122581481933594e+00
2.637553513050079346e-01
1.491795945912599564e-02
8.872056603431701660e-01
4.515842497348785400e-01
1.285001188516616821e-01
8.060653507709503174e-02
8.112372756004333496e-01
1.694015413522720337e-01
3.776139914989471436e-01
1.007872913032770157e-02
4.727615043520927429e-02
1.205734133720397949e+00
7.727196812629699707e-02
2.550590991973876953e+00
2.828365325927734375e+00
4.531995058059692383e-01
1.025308251380920410e+00
7.775097340345382690e-02
1.128058910369873047e+00
4.888961911201477051e-01
7.029066085815429688e-01
3.886390104889869690e-02
2.030253648757934570e+00
2.926281690597534180e-01
2.264045625925064087e-01
6.701082587242126465e-01
5.085745453834533691e-02
1.540346592664718628e-01
8.721911907196044922e-02
6.538266688585281372e-02
1.096956968307495117e+00
3.270061314105987549e-02
1.372330915182828903e-02
3.677435591816902161e-02
3.338108584284782410e-02
4.701026678085327148e-01
7.370049953460693359e-01
1.120732903480529785e+00
9.849171042442321777e-01
2.251591766253113747e-03
7.348812818527221680e-01
1.106386184692382812e+00
3.875365946441888809e-03
1.482831835746765137e-01
5.538775920867919922e-01
1.277259290218353271e-01
1.104094460606575012e-01
1.712187230587005615e-01
2.559433504939079285e-02
6.369879841804504395e-02
3.078010398894548416e-03
2.599120140075683594e-01
1.097063347697257996e-02
6.108047962188720703e-01
3.879292309284210205e-02
6.205075979232788086e-01
2.680051803588867188e+00
5.229772329330444336e-01
1.128929015249013901e-02
2.859925031661987305e-01
2.302158355712890625e+00
1.891775131225585938e-01
3.043825626373291016e-01
1.044023409485816956e-01
9.759731292724609375e-01
8.175606490112841129e-04
9.937250614166259766e-02
1.278392374515533447e-01
1.945785731077194214e-01
1.133810579776763916e-01
9.781663119792938232e-02
6.352114956825971603e-03
1.504873037338256836e+00
9.332677125930786133e-01
1.066651344299316406e+00
7.265872955322265625e-01
2.632699012756347656e-01
2.186878919601440430e-01
6.744696497917175293e-01
2.135439775884151459e-02
1.881626546382904053e-01
1.201758533716201782e-02
1.348076701164245605e+00
8.386294841766357422e-01
3.180629387497901917e-02
2.924215747043490410e-03
1.367165148258209229e-01
6.238392554223537445e-03
6.147404666990041733e-03
2.698590755462646484e+00
1.058566495776176453e-01
2.034923881292343140e-01
5.330475792288780212e-02
5.301730334758758545e-02
1.108031645417213440e-01
2.014603652060031891e-02
1.786313295364379883e+00
9.192206710577011108e-02
1.518165946006774902e+00
3.039659187197685242e-02
7.436469793319702148e-01
1.335708424448966980e-02
1.480463504791259766e+00
2.778920903801918030e-02
5.468770861625671387e-01
1.883074045181274414e+00
1.275679096579551697e-03
2.137665003538131714e-01
3.201748058199882507e-02
2.327873706817626953e-01
5.836725234985351562e-02
7.657105103135108948e-03
9.956837296485900879e-01
3.073237657546997070e+00
6.504554301500320435e-03
2.325908988714218140e-01
1.819361746311187744e-01
3.194104507565498352e-02
1.361510455608367920e-01
1.660732150077819824e+00
1.696627855300903320e+00
3.101897425949573517e-03
1.089505106210708618e-02
1.054454684257507324e+00
4.234586060047149658e-01
1.469314657151699066e-02
4.812518954277038574e-01
2.268238738179206848e-02
3.426752388477325439e-01
4.287320375442504883e-01
5.194426178932189941e-01
1.191188693046569824e+00
4.766055848449468613e-03
7.925593256950378418e-01
5.586762428283691406e-01
5.316833034157752991e-02
6.566355824470520020e-01
6.321800947189331055e-01
9.696054272353649139e-03
7.534302305430173874e-03
1.621396780014038086e+00
1.060168981552124023e+00
9.370087832212448120e-02
3.938300535082817078e-03
2.184076234698295593e-02
5.969048291444778442e-02
4.074905440211296082e-02
8.667156696319580078e-01
1.938907980918884277e+00
2.256560921669006348e-01
1.488398909568786621e-01
2.495500147342681885e-01
5.531069040298461914e-01
3.390317916870117188e+00
1.654864102602005005e-01
4.056156799197196960e-02
1.158218502998352051e+00
1.352160573005676270e-01
1.292355298995971680e+00
1.567735224962234497e-01
2.175141684710979462e-02
1.478758826851844788e-02
4.526268243789672852e-01
1.268374323844909668e+00
8.703435659408569336e-01
7.351516485214233398e-01
2.073434591293334961e+00
3.700436353683471680e-01
5.766609907150268555e-01
3.006939776241779327e-03
9.606750011444091797e-01
1.094615578651428223e+00
1.297447830438613892e-01
5.264010429382324219e-01
1.366518437862396240e-01
6.941015832126140594e-03
2.783929370343685150e-02
7.646398544311523438e-01
1.147998683154582977e-02
9.548871894367039204e-04
1.376785039901733398e+00
2.743887016549706459e-03
4.439995065331459045e-02
1.402768790721893311e-01
8.094609947875142097e-04
3.980073705315589905e-02
4.619877785444259644e-03
2.667809836566448212e-02
7.833077311515808105e-01
2.151978164911270142e-01
3.864338099956512451e-01
4.269413650035858154e-03
2.267784252762794495e-02
3.123890794813632965e-02
1.983053982257843018e-02
2.688030481338500977e+00
2.652057111263275146e-01
1.912674494087696075e-02
5.092327669262886047e-02
7.446738332509994507e-02
6.327959895133972168e-02
1.436631544493138790e-03
1.296202689409255981e-01
2.381093502044677734e-01
1.073539257049560547e-01
6.604743003845214844e-01
4.719275534152984619e-01
1.552918739616870880e-02
1.249139234423637390e-01
6.531439255923032761e-03
1.103269169107079506e-03
1.602372974157333374e-01
1.002499848254956305e-04
1.580556631088256836e+00
1.314839161932468414e-02
1.974420389160513878e-03
2.911848783493041992e+00
1.001894325017929077e-01
1.372519042342901230e-02
8.273299783468246460e-02
2.713077366352081299e-01
7.119160890579223633e-01
2.588443644344806671e-02
9.530098736286163330e-02
6.763758063316345215e-01
1.089286684989929199e+00
2.510671019554138184e-01
1.207162588834762573e-01
5.119429435580968857e-03
2.072825908660888672e+00
4.404999613761901855e-01
4.314163234084844589e-03
4.500118494033813477e-01
1.584466081112623215e-03
4.015900939702987671e-02
3.461642563343048096e-01
8.791907131671905518e-02
1.266247510910034180e+00
2.443901030346751213e-03
4.712649583816528320e-01
6.147953495383262634e-02
2.724303305149078369e-01
9.209081530570983887e-02
4.477142095565795898e-01
8.823150396347045898e-01
2.810730412602424622e-02
2.155685126781463623e-01
9.258731603622436523e-01
5.579490214586257935e-02
3.127992525696754456e-02
4.077342748641967773e-01
9.793239831924438477e-02
5.053700208663940430e-01
3.421766683459281921e-02
3.299071490764617920e-01
2.338392257690429688e+00
8.786985874176025391e-01
2.436506897211074829e-01
3.215312585234642029e-02
2.033480405807495117e-01
2.115366980433464050e-02
5.623314157128334045e-02
4.084981977939605713e-01
2.289282903075218201e-02
2.297950908541679382e-02
1.354115456342697144e-02
1.215726882219314575e-02
3.718448057770729065e-02
7.022899985313415527e-01
3.883751928806304932e-01
4.131354391574859619e-03
1.219461560249328613e-01
1.312097813934087753e-02
4.405253827571868896e-01
1.553181171417236328e+00
8.399458229541778564e-02
9.607860818505287170e-03
1.254517138004302979e-01
2.065015397965908051e-02
1.283695101737976074e+00
1.279266551136970520e-02
4.643294513225555420e-01
2.134440541267395020e-01
5.247741341590881348e-01
3.628458129242062569e-03
5.876834988594055176e-01
3.382677212357521057e-03
8.923971652984619141e-01
2.420714497566223145e-02
3.457063485257094726e-06
2.366866111755371094e+00
1.576047539710998535e+00
4.419909417629241943e-01
1.768930931575596333e-03
3.711797669529914856e-02
1.229428574442863464e-01
1.132085570134222507e-03
5.593863502144813538e-02
1.233079910278320312e+00
7.367400825023651123e-02
9.485255181789398193e-02
2.037150859832763672e-01
2.449628263711929321e-01
6.253485381603240967e-02
1.945660822093486786e-02
1.082211732864379883e-01
2.725712396204471588e-02
4.813255667686462402e-01
2.639976978302001953e+00
1.158689022064208984e+00
6.593675934709608555e-04
2.931942939758300781e-01
8.562177419662475586e-02
5.311356186866760254e-01
1.669240146875381470e-01
6.024779379367828369e-02
3.405039012432098389e-01
7.311578392982482910e-01
2.745523862540721893e-02
7.027936577796936035e-01
1.654566731303930283e-03
3.686729669570922852e+00
8.385828733444213867e-01
1.535653233528137207e+00
3.908781707286834717e-02
3.252863883972167969e-01
3.530878424644470215e-01
2.932179486379027367e-03
3.098107099533081055e+00
9.524127095937728882e-02
1.063810825347900391e+00
8.307830244302749634e-02
9.860851801931858063e-03
5.377892255783081055e-01
8.870831876993179321e-02
1.453296422958374023e+00
1.539726018905639648e+00
2.405551820993423462e-02
1.906703412532806396e-01
4.481264913920313120e-04
1.689045876264572144e-01
8.894112892448902130e-03
8.592841029167175293e-01
7.098691537976264954e-03
1.064774766564369202e-02
1.222054958343505859e-01
5.425480604171752930e-01
1.326953530311584473e+00
1.144529879093170166e-01
1.977906346321105957e+00
1.070170104503631592e-01
2.840474545955657959e-01
3.379770517349243164e-01
7.226847112178802490e-02
2.506810426712036133e-01
4.200366139411926270e-02
4.181708991527557373e-01
4.342875182628631592e-01
1.879503965377807617e+00
2.070171982049942017e-01
3.962337374687194824e-01
5.899001121520996094e+00
4.003061056137084961e-01
8.007938414812088013e-02
7.723268866539001465e-02
1.903865784406661987e-01
2.170289121568202972e-02
3.381274342536926270e-01
1.336720705032348633e+00
1.982943564653396606e-01
1.763293147087097168e-01
5.874794125556945801e-01
1.296564102172851562e+00
2.022389888763427734e+00
8.621140383183956146e-03
1.675532162189483643e-01
1.042571365833282471e-01
2.825657725334167480e-01
4.458383917808532715e-01
1.067581865936517715e-02
6.052408739924430847e-02
3.485439578071236610e-03
2.246120478957891464e-03
1.579713821411132812e-01
5.701663970947265625e+00
7.134809494018554688e-01
7.820196449756622314e-02
2.906724810600280762e-01
8.198550343513488770e-01
8.177422569133341312e-05
3.484657406806945801e-02
4.096968844532966614e-02
8.402943611145019531e-02
2.668123133480548859e-02
8.236550688743591309e-01
1.202975988388061523e+00
9.321396937593817711e-04
1.213121786713600159e-01
3.774802088737487793e-01
8.691436797380447388e-02
6.878151558339595795e-03
4.926500618457794189e-01
4.894343018531799316e-01
4.829658567905426025e-02
4.297189414501190186e-03
4.569497331976890564e-02
9.044097661972045898e-01
6.990438699722290039e-01
4.710466265678405762e-01
1.458048634231090546e-02
1.935266703367233276e-02
6.190293002873659134e-03
2.781355567276477814e-02
1.023265719413757324e-01
3.951178118586540222e-02
6.617062725126743317e-03
7.996109127998352051e-02
4.567903000861406326e-03
1.039797544479370117e+00
4.058171808719635010e-01
1.602977365255355835e-01
1.147729754447937012e+00
5.096420645713806152e-03
1.315723806619644165e-01
8.969346433877944946e-02
2.398716360330581665e-01
2.699323594570159912e-01
1.924064457416534424e-01
3.212265297770500183e-02
1.723092794418334961e-02
2.409672886133193970e-01
7.005193829536437988e-02
1.676172316074371338e-01
9.674229621887207031e-01
1.119767725467681885e-01
6.444480270147323608e-02
6.988676637411117554e-02
2.318390369415283203e+00
1.286772489547729492e+00
1.955622341483831406e-03
3.288221312686800957e-03
1.930658221244812012e-01
9.160411953926086426e-01
5.136026144027709961e-01
2.714749425649642944e-02
1.025114059448242188e+00
8.080282807350158691e-02
3.884170651435852051e-01
6.869193911552429199e-02
2.047381177544593811e-02
3.585279285907745361e-01
7.238550186157226562e-01
4.256241917610168457e-01
8.913607336580753326e-03
1.894228509627282619e-03
9.682636708021163940e-02
1.147327013313770294e-03
1.724525988101959229e-01
2.189634979004040360e-04
5.144830942153930664e-01
2.779056429862976074e-01
5.951527506113052368e-02
1.133489131927490234e+00
7.893638610839843750e-01
8.070425987243652344e-01
1.279755979776382446e-01
2.409221172332763672e+00
5.369423031806945801e-01
1.864634394645690918e+00
4.988563358783721924e-01
7.869899272918701172e-01
1.030861854553222656e+00
2.776903472840785980e-02
3.986785113811492920e-01
4.507326185703277588e-01
2.565427422523498535e-01
1.053136191330850124e-03
2.456387504935264587e-03
2.386892795562744141e+00
4.373464882373809814e-01
2.970507442951202393e-01
9.588496759533882141e-03
1.961419433355331421e-01
1.650163205340504646e-03
6.061988472938537598e-01
1.280876100063323975e-01
4.341251403093338013e-02
3.952196240425109863e-01
2.532966900616884232e-03
1.099983826279640198e-01
1.043475627899169922e+00
1.764042526483535767e-01
2.919774353504180908e-01
2.830577492713928223e-01
2.369668334722518921e-01
6.991711258888244629e-02
8.586287498474121094e-01
2.004080861806869507e-01
1.112795434892177582e-03
1.752780005335807800e-02
6.825423240661621094e-02
5.622175708413124084e-02
3.284123539924621582e-01
7.412728667259216309e-02
2.990441322326660156e-01
1.853209733963012695e-01
5.877883434295654297e-01
8.364874720573425293e-01
2.651318311691284180e-01
9.047077894210815430e-01
8.649141192436218262e-01
2.274538278579711914e-01
1.007340103387832642e-01
3.085997141897678375e-02
7.439954578876495361e-02
2.309460565447807312e-02
1.075946331024169922e+00
8.195989131927490234e-01
1.502201676368713379e+00
4.824467375874519348e-02
5.583930015563964844e-01
7.187539339065551758e-01
9.615887403488159180e-01
1.883771419525146484e-01
3.451762795448303223e-01
1.331003196537494659e-02
2.809270285069942474e-03
1.223132014274597168e-01
1.371083736419677734e+00
2.242970652878284454e-02
9.895563125610351562e-01
4.816265404224395752e-02
2.426538849249482155e-03
2.994434237480163574e-01
7.780706882476806641e-01
5.184300243854522705e-02
4.740326479077339172e-02
1.096908822655677795e-01
2.000108242034912109e+00
3.138702362775802612e-02
4.032368361949920654e-01
5.659647285938262939e-04
4.654180258512496948e-02
2.115411460399627686e-01
2.565055037848651409e-04
1.207259017974138260e-02
3.955773718189448118e-04
9.527736306190490723e-01
7.733150124549865723e-01
5.656189750880002975e-03
5.905385017395019531e-01
2.716849371790885925e-02
1.545188482850790024e-03
3.721061348915100098e-01
1.982016205787658691e+00
1.929838508367538452e-01
6.623363494873046875e-02
7.138047218322753906e-01
6.204110686667263508e-04
2.638317346572875977e-01
2.338927797973155975e-02
7.493305206298828125e-01
2.765493839979171753e-02
2.386451721191406250e+00
1.883022069931030273e+00
3.416761159896850586e-01
6.491171196103096008e-03
2.595184147357940674e-01
3.667868673801422119e-01
9.407898783683776855e-02
1.345920376479625702e-03
3.592185974121093750e-01
1.169389247894287109e+00
2.577065467834472656e+00
9.955986402928829193e-03
1.794965624809265137e+00
1.298780322074890137e+00
8.750618994235992432e-02
2.978723526000976562e+00
1.219448354095220566e-02
6.682042777538299561e-02
2.503988981246948242e+00
4.769852384924888611e-03
8.546743392944335938e-01
2.929564565420150757e-03
1.086347460746765137e+00
1.574020087718963623e-02
7.224529236555099487e-02
1.918020248413085938e+00
2.626726627349853516e-01
5.183806419372558594e-01
9.273587167263031006e-02
6.242811679840087891e-01
7.543412502855062485e-03
1.358893496217206120e-04
2.540410310029983521e-02
3.518647551536560059e-01
4.643609002232551575e-02
5.013605207204818726e-02
2.795560121536254883e+00
1.471509575843811035e+00
3.352037072181701660e-01
4.407419860363006592e-01
1.066612303256988525e-01
1.532505750656127930e+00
7.426209747791290283e-02
3.102871216833591461e-02
1.382824848406016827e-03
7.426862418651580811e-02
8.243366479873657227e-01
1.150601983070373535e+00
4.401428401470184326e-01
3.817406669259071350e-02
3.458923101425170898e-02
8.608300983905792236e-02
7.492308616638183594e-01
1.236122474074363708e-01
2.011728584766387939e-01
3.659055801108479500e-04
8.157507516443729401e-03
2.702888548374176025e-01
5.512617826461791992e-01
2.175651490688323975e-01
6.780384778976440430e-01
1.427044868469238281e+00
1.348301419056952000e-03
1.319253118708729744e-03
7.733333110809326172e-01
2.603671513497829437e-02
3.047082722187042236e-01
7.698391098529100418e-03
2.790012396872043610e-03
2.787050724029541016e+00
4.150148332118988037e-01
2.391107529401779175e-01
1.145113587379455566e+00
9.559412002563476562e-01
3.721147403120994568e-02
2.034262521192431450e-03
2.011005207896232605e-02
1.951552182435989380e-01
7.698889374732971191e-01
1.412611752748489380e-01
7.961878180503845215e-02
4.378959834575653076e-01
4.210984706878662109e-02
6.529645621776580811e-02
4.800939187407493591e-02
1.222395747900009155e-01
1.679486989974975586e+00
7.391472905874252319e-02
1.436223506927490234e+00
7.729985713958740234e-01
1.009750962257385254e+00
1.021826744079589844e+00
6.050972640514373779e-02
1.555052399635314941e-01
4.775882512331008911e-02
1.448497623205184937e-01
1.494006370194256306e-03
8.656918257474899292e-02
1.743080466985702515e-02
6.258790493011474609e-01
5.902315378189086914e-01
3.125902730971574783e-03
1.322050951421260834e-02
2.233108691871166229e-02
2.313758991658687592e-02
3.426502645015716553e-01
1.479224920272827148e+00
1.717755645513534546e-01
2.281073927879333496e-01
4.012866877019405365e-03
4.907128810882568359e-01
9.554252028465270996e-02
1.186982750892639160e+00
3.750431165099143982e-02
4.514430463314056396e-02
6.610947847366333008e-01
1.054212898015975952e-01
6.514384411275386810e-03
1.430353373289108276e-01
2.148215919733047485e-01
7.814430445432662964e-02
7.301647663116455078e-01
4.982554819434881210e-03
2.898303559049963951e-03
2.446205355226993561e-02
3.119037859141826630e-02
2.014619708061218262e-01
4.001350142061710358e-03
3.833721950650215149e-02
4.339863359928131104e-01
1.283531337976455688e-01
4.181949794292449951e-02
4.468629360198974609e-01
1.631562411785125732e-02
1.053191721439361572e-02
7.317371368408203125e-01
2.074026560876518488e-04
8.175153136253356934e-01
6.577067971229553223e-01
2.587258517742156982e-01
2.493935585021972656e+00
5.202090367674827576e-03
9.223470464348793030e-03
1.452344469726085663e-03
8.001809120178222656e-01
1.608801364898681641e+00
1.327521167695522308e-02
3.024308919906616211e+00
5.911753773689270020e-01
1.035871207714080811e-01
8.430265188217163086e-01
7.332123070955276489e-02
5.332438349723815918e-01
3.544942662119865417e-02
8.782321214675903320e-02
2.146800279617309570e+00
1.241377964615821838e-01
9.658536911010742188e-01
4.226572811603546143e-01
1.029576361179351807e-01
2.919523239135742188e+00
3.582777827978134155e-02
2.017904758453369141e+00
1.467025130987167358e-01
8.285136818885803223e-01
2.269157648086547852e+00
9.120216965675354004e-02
5.150869488716125488e-01
1.792716234922409058e-02
6.081478595733642578e-01
7.622087839990854263e-03
1.355636864900588989e-01
7.868415862321853638e-02
1.958260238170623779e-01
1.644976735115051270e-01
2.395398616790771484e-01
5.396442022174596786e-03
2.299191057682037354e-01
4.670450836420059204e-02
2.946799155324697495e-03
1.785918235778808594e+00
1.564404219388961792e-01
6.954120844602584839e-02
1.237579970620572567e-03
5.429331585764884949e-02
1.786369644105434418e-02
5.015045031905174255e-02
2.040619373321533203e+00
1.944433152675628662e-02
3.268340826034545898e-01
3.692477010190486908e-03
8.476706221699714661e-03
6.090440228581428528e-02
2.754649817943572998e-01
9.718068689107894897e-02
9.213544726371765137e-01
1.764262199401855469e+00
2.504273434169590473e-04
4.822072982788085938e-01
1.357230544090270996e-01
2.389770001173019409e-02
1.922532171010971069e-01
3.381395654287189245e-04
2.824244022369384766e+00
4.924225807189941406e-01
2.096473723649978638e-01
3.337854650453664362e-06
1.419702172279357910e+00
1.907002180814743042e-02
5.474146828055381775e-02
8.469329029321670532e-02
1.871446967124938965e+00
6.325047016143798828e-01
1.563989222049713135e-01
2.693717367947101593e-03
9.769490361213684082e-02
1.624335497617721558e-01
1.618631243705749512e+00
7.294050455093383789e-01
1.010320901870727539e+00
2.277057170867919922e-01
2.667614519596099854e-01
1.107914209365844727e+00
4.153318330645561218e-02
1.341923177242279053e-01
3.763427957892417908e-02
9.704493284225463867e-01
4.075456857681274414e-01
3.965351730585098267e-02
1.463587760925292969e+00
3.013714216649532318e-03
4.313647374510765076e-02
5.186167731881141663e-02
2.164793461561203003e-01
2.822595536708831787e-01
8.470796048641204834e-03
3.945958018302917480e-01
4.628302529454231262e-03
4.640168044716119766e-03
1.857144981622695923e-01
2.546547651290893555e-01
8.170768618583679199e-02
2.252542823553085327e-01
1.986901283264160156e+00
2.536888793110847473e-02
3.415177389979362488e-02
2.235060781240463257e-01
6.956667453050613403e-02
2.012804336845874786e-02
4.040752053260803223e-01
1.537808915600180626e-03
1.416913568973541260e-01
2.472650110721588135e-01
1.188775748014450073e-01
4.873272180557250977e-01
4.363592267036437988e-01
6.578606963157653809e-01
4.337142407894134521e-02
2.392423711717128754e-02
5.754215177148580551e-03
1.856620788574218750e+00
8.795716762542724609e-01
9.172653406858444214e-02
5.853939056396484375e-01
1.729767084121704102e+00
1.116042062640190125e-01
2.693344354629516602e-01
2.553391084074974060e-02
1.067783334292471409e-03
6.527189016342163086e-01
5.688022822141647339e-02
1.605264842510223389e-02
2.253521680831909180e+00
1.021593213081359863e-01
2.157192677259445190e-01
3.243054747581481934e-01
8.390834331512451172e-01
5.514835566282272339e-02
6.995334476232528687e-02
5.134847015142440796e-03
2.036749273538589478e-01
1.051666736602783203e-01
1.284060776233673096e-01
7.852117717266082764e-02
1.099489331245422363e-01
1.016803507809527218e-04
1.044323444366455078e+00
3.990426659584045410e-03
8.316639065742492676e-02
6.039714217185974121e-01
1.987470090389251709e-01
2.796872854232788086e-01
1.704743206501007080e-01
1.963149383664131165e-02
3.574921935796737671e-02
3.992330655455589294e-02
3.904243111610412598e-01
1.073207613080739975e-02
1.167627200484275818e-01
1.454747766256332397e-01
2.061063349246978760e-01
6.102597713470458984e-01
4.130048677325248718e-03
4.111326038837432861e-01
6.571626663208007812e-02
1.142282113432884216e-01
4.554190114140510559e-02
1.068808674812316895e+00
1.774963550269603729e-02
6.381689906120300293e-01
3.303318098187446594e-02
3.643474817276000977e+00
1.906529068946838379e-01
7.055888175964355469e-01
2.160435765981674194e-01
8.740180637687444687e-04
5.022289603948593140e-02
3.000900447368621826e-01
1.003067642450332642e-01
1.015921123325824738e-02
1.908347196877002716e-02
1.337108202278614044e-02
1.472920924425125122e-02
4.527020826935768127e-02
5.206776410341262817e-02
2.226275920867919922e+00
9.930160045623779297e-01
3.334769308567047119e-01
4.974726121872663498e-03
7.981119304895401001e-02
3.327458798885345459e-01
2.490261048078536987e-01
2.650846242904663086e-01
7.154249399900436401e-02
2.108389139175415039e-01
2.556017227470874786e-02
1.267390511929988861e-02
2.757051289081573486e-01
2.824306190013885498e-01
2.180581390857696533e-01
1.229599341750144958e-01
4.302663505077362061e-01
2.332510985434055328e-02
7.535958662629127502e-03
8.237955570220947266e-01
1.227056384086608887e-01
5.926364287734031677e-02
4.175676107406616211e-01
3.677504509687423706e-02
1.240610331296920776e-01
4.553886950016021729e-01
1.884506046772003174e-01
1.542431116104125977e-01
2.000916451215744019e-01
9.087172150611877441e-01
4.406664669513702393e-01
6.966897100210189819e-02
2.802256727591156960e-03
1.775052309036254883e+00
1.914931461215019226e-03
2.532588504254817963e-02
3.467300832271575928e-01
4.840432405471801758e-01
6.477737426757812500e-02
5.989447832107543945e-01
2.426642179489135742e-01
1.604223274625837803e-03
6.341476738452911377e-02
9.874921292066574097e-02
1.362652540206909180e+00
1.532728523015975952e-01
4.073299933224916458e-03
5.216768011450767517e-02
8.702167272567749023e-01
1.930042053572833538e-03
1.326913982629776001e-01
2.538963556289672852e-01
1.836767792701721191e-02
8.018800988793373108e-03
4.642249345779418945e-01
2.662092447280883789e-03
2.921937592327594757e-02
3.606180474162101746e-02
3.797033727169036865e-01
1.479804236441850662e-02
1.154114142991602421e-03
1.953166350722312927e-02
1.443619281053543091e-01
6.063258647918701172e-02
2.154132843017578125e+00
1.015937089920043945e+00
1.231163024902343750e+00
7.191406488418579102e-01
4.253306686878204346e-01
4.153030514717102051e-01
2.309577167034149170e-02
1.304274201393127441e+00
1.246071327477693558e-02
2.899832248687744141e+00
4.842483401298522949e-01
2.720045566558837891e+00
8.270292729139328003e-02
6.209231540560722351e-02
3.173792734742164612e-02
9.589056968688964844e-01
5.684528946876525879e-01
6.472727656364440918e-01
1.409547477960586548e-01
2.382857799530029297e-01
7.574319094419479370e-02
2.382664382457733154e-01
5.530977621674537659e-02
3.334943652153015137e-01
2.336051315069198608e-02
8.349279314279556274e-02
2.208344824612140656e-02
4.951649010181427002e-01
9.487596899271011353e-02
2.239935332909226418e-03
1.280084135942161083e-03
2.729749307036399841e-02
1.456459641456604004e+00
1.961372494697570801e-01
2.651778981089591980e-02
8.671185374259948730e-01
1.683586090803146362e-02
1.127175092697143555e+00
1.063562154769897461e+00
2.904812805354595184e-02
8.045290596783161163e-03
8.135416507720947266e-01
9.414210319519042969e-01
7.332100719213485718e-02
4.145239945501089096e-04
4.105791151523590088e-01
1.905544996261596680e+00
9.146525710821151733e-02
1.408713102340698242e+00
2.640446722507476807e-01
4.684878587722778320e-01
1.346634700894355774e-03
3.393792733550071716e-02
2.576487660408020020e-01
1.137662604451179504e-01
8.754005283117294312e-02
2.622129917144775391e+00
2.246190309524536133e-01
7.557583012385293841e-05
3.263057768344879150e-02
1.183830015361309052e-02
5.668044090270996094e-01
2.338929921388626099e-01
4.730923846364021301e-02
3.400976955890655518e-01
2.284519821405410767e-01
2.289006859064102173e-01
1.791183371096849442e-03
2.596223959699273109e-03
4.884335212409496307e-03
1.381326168775558472e-01
6.808675527572631836e-01
3.335866145789623260e-03
2.386115789413452148e-01
7.215601950883865356e-02
9.298834204673767090e-02
6.985518336296081543e-01
2.489928305149078369e-01
2.068197727203369141e+00
2.358499169349670410e-01
2.092663496732711792e-01
5.227844789624214172e-02
1.388204574584960938e+00
5.455719828605651855e-01
1.655600517988204956e-01
6.841464783065021038e-04
3.511161208152770996e-01
4.659069776535034180e-01
1.217095136642456055e+00
7.546949982643127441e-01
3.694139886647462845e-03
8.918274939060211182e-02
6.447561979293823242e-01
1.044446706771850586e+00
1.331893503665924072e-01
1.481867790222167969e+00
1.075150594115257263e-01
2.743135392665863037e-01
3.635302558541297913e-02
8.447596430778503418e-02
1.802718400955200195e+00
3.302898406982421875e-01
1.378507137298583984e+00
7.072756290435791016e-01
2.011367321014404297e+00
2.403581380844116211e+00
4.508516192436218262e-01
1.804214835166931152e+00
5.717396140098571777e-01
8.679403923451900482e-03
1.294474750757217407e-01
4.444636031985282898e-02
3.052806667983531952e-02
2.009676694869995117e+00
1.561052560806274414e+00
1.002552270889282227e+00
2.164310514926910400e-01
6.618230789899826050e-02
8.565974235534667969e-02
9.361343979835510254e-01
1.425275802612304688e+00
6.521727889776229858e-02
1.020933464169502258e-01
2.102056026458740234e+00
3.494468051940202713e-03
1.803589761257171631e-01
2.657882869243621826e-01
1.222432255744934082e+00
3.440853580832481384e-02
1.173839531838893890e-02
8.568578213453292847e-02
6.959736943244934082e-01
1.876749396324157715e-01
1.145571004599332809e-02
1.569026410579681396e-01
3.559089498594403267e-03
2.169425971806049347e-02
2.639828026294708252e-01
2.492299824953079224e-01
6.643819212913513184e-01
9.910092949867248535e-01
3.715079426765441895e-01
2.315227091312408447e-01
1.023521661758422852e+00
1.085000578314065933e-02
4.506043717265129089e-02
1.713320732116699219e+00
2.329813539981842041e-01
3.658559620380401611e-01
1.731019020080566406e-01
6.690962612628936768e-02
1.188166618347167969e+00
1.133325509727001190e-02
1.235829591751098633e-01
3.393207490444183350e-01
1.900674588978290558e-02
1.946832686662673950e-01
7.736844420433044434e-01
6.805177330970764160e-01
1.969756782054901123e-01
1.450797319412231445e-01
4.143007695674896240e-01
8.927292823791503906e-01
2.345111519098281860e-01
6.199652794748544693e-03
1.842584609985351562e-01
6.511475075967609882e-04
9.454703927040100098e-01
4.076829552650451660e-01
1.565369516611099243e-01
1.197757959365844727e+00
6.684492826461791992e-01
6.554887890815734863e-01
1.614555343985557556e-02
4.469565153121948242e-01
6.307715177536010742e-02
4.910491108894348145e-01
2.565235495567321777e-01
4.392820224165916443e-02
1.558951474726200104e-02
6.214224733412265778e-03
1.569175124168395996e-01
2.558032870292663574e-01
4.170007109642028809e-01
2.666559815406799316e-01
3.559024631977081299e-02
7.168232202529907227e-01
3.504691630951128900e-05
1.752540916204452515e-01
2.354851514101028442e-01
1.828000098466873169e-01
7.586209475994110107e-02
1.732264161109924316e-01
2.144857347011566162e-01
4.451866447925567627e-01
7.165161967277526855e-01
3.498931974172592163e-02
1.081920862197875977e+00
6.222531374078243971e-05
3.499525547027587891e+00
2.924731075763702393e-01
4.790335297584533691e-01
1.268773688934743404e-03
2.253316491842269897e-01
6.154987495392560959e-03
1.987744569778442383e+00
1.023378670215606689e-01
1.095490083098411560e-01
1.992356404662132263e-02
1.503971070051193237e-01
2.098686993122100830e-02
3.881604373455047607e-01
1.737527549266815186e-02
4.684238508343696594e-02
7.306030392646789551e-02
2.926159941125661135e-04
1.656047105789184570e-01
3.677119016647338867e-01
1.176808953285217285e+00
1.272031068801879883e-01
5.947985220700502396e-03
1.046315908432006836e+00
7.212673872709274292e-02
3.070285543799400330e-03
1.849783062934875488e+00
6.703275139443576336e-04
3.064564988017082214e-02
1.627833992242813110e-01
8.176307193934917450e-03
1.620052498765289783e-03
1.219766616821289062e+00
1.229506582021713257e-01
1.467121839523315430e-01
1.348225623369216919e-01
6.995768100023269653e-02
8.191914297640323639e-03
7.062405347824096680e-02
1.477186530828475952e-01
1.171854361891746521e-01
2.994862318038940430e+00
1.583700813353061676e-02
2.243973128497600555e-02
4.354522526264190674e-01
5.291969776153564453e-01
1.477921247482299805e+00
1.336323022842407227e-01
2.743146382272243500e-02
3.307570219039916992e-01
3.532331436872482300e-02
4.037492573261260986e-01
3.798804581165313721e-01
1.323474384844303131e-02
1.036583329550921917e-03
3.890431225299835205e-01
1.990243792533874512e-03
1.716447472572326660e-01
2.286463379859924316e-01
3.102754652500152588e-01
8.304246584884822369e-04
5.158354341983795166e-02
9.913693666458129883e-01
2.970215976238250732e-01
3.157415613532066345e-02
4.319860599935054779e-03
2.235562205314636230e-01
1.291031539440155029e-01
2.371028810739517212e-02
1.445083296857774258e-03
5.527323484420776367e-01
3.775826096534729004e-02
1.605065353214740753e-02
7.590855006128549576e-03
1.889410912990570068e-01
2.076613949611783028e-03
1.994853317737579346e-01
1.183329582214355469e+00
3.702655136585235596e-01
1.543598901480436325e-02
6.938640773296356201e-02
6.907884031534194946e-02
3.470080196857452393e-01
1.389155909419059753e-02
4.053746759891510010e-01
3.692413270473480225e-01
6.489977240562438965e-01
1.682507619261741638e-02
4.016968905925750732e-01
4.148805979639291763e-03
6.593469530344009399e-02
2.262782305479049683e-01
5.288230627775192261e-02
6.360383331775665283e-02
2.523365616798400879e-01
1.458177226595580578e-03
4.976639747619628906e-01
1.413525104522705078e+00
4.522927571088075638e-03
2.290187329053878784e-01
8.636122345924377441e-01
2.226102165877819061e-02
6.338092088699340820e-01
6.995009779930114746e-01
4.092379510402679443e-01
1.793025434017181396e-01
7.891687154769897461e-01
1.935079693794250488e-02
1.198415279388427734e+00
3.494762182235717773e-01
4.565865383483469486e-04
2.651896238327026367e+00
1.289140619337558746e-02
1.446052826941013336e-02
1.284280233085155487e-02
4.476243853569030762e-01
4.337085410952568054e-04
3.988386094570159912e-01
3.024115972220897675e-02
4.730935394763946533e-01
7.255975902080535889e-02
6.530370116233825684e-01
2.078263163566589355e-01
1.279195956885814667e-02
1.867461323738098145e+00
5.799789726734161377e-02
1.814668774604797363e+00
6.114137768745422363e-01
2.954627387225627899e-02
6.213506460189819336e-01
2.156103104352951050e-01
1.032699923962354660e-02
3.158242106437683105e-01
1.819679737091064453e-01
2.619896531105041504e-01
3.009917438030242920e-01
2.556205511093139648e+00
1.853057384490966797e+00
1.165109798312187195e-01
6.075019240379333496e-01
1.290517486631870270e-02
1.569547057151794434e-01
8.061504364013671875e-01
1.343175649642944336e+00
1.480884850025177002e-02
1.594295799732208252e-01
7.917382568120956421e-02
4.547674953937530518e-02
6.834440827369689941e-01
8.256115019321441650e-03
1.251660883426666260e-01
1.840068399906158447e-02
7.379338145256042480e-02
1.455124378204345703e+00
6.122346222400665283e-02
5.538744330406188965e-01
5.961197987198829651e-02
3.905606269836425781e-02
3.883982077240943909e-02
2.549851778894662857e-03
1.454737484455108643e-01
6.873483657836914062e-01
2.368466109037399292e-01
1.863624900579452515e-02
2.861924096941947937e-02
1.871662288904190063e-01
9.840703010559082031e-01
4.443586990237236023e-02
6.982923019677400589e-03
1.366004794836044312e-01
2.166352987289428711e+00
9.929202795028686523e-01
6.066006608307361603e-03
7.052551954984664917e-02
8.543539792299270630e-02
4.219123125076293945e-01
5.709956884384155273e-01
6.756421923637390137e-02
4.253923892974853516e-01
4.304872751235961914e-01
8.661454916000366211e-01
2.068997859954833984e+00
2.301003225147724152e-02
1.457021951675415039e+00
2.598212473094463348e-02
4.021328687667846680e-02
4.065941810607910156e+00
5.171993374824523926e-01
1.149954926222562790e-02
5.425311997532844543e-02
6.093314150348305702e-04
3.411912918090820312e+00
3.384538888931274414e-01
8.696594834327697754e-02
6.934670358896255493e-02
1.036655783653259277e+00
8.441709280014038086e-01
1.071093320846557617e+00
1.135654821991920471e-01
1.187150239944458008e+00
8.990298374556005001e-04
2.724076807498931885e-02
2.390930950641632080e-01
7.290287613868713379e-01
5.938542485237121582e-01
1.114087924361228943e-02
4.043953493237495422e-02
1.088326051831245422e-01
7.098691537976264954e-03
2.388959284871816635e-03
3.359361886978149414e+00
6.298227235674858093e-04
1.581494882702827454e-02
8.640281558036804199e-01
1.698657572269439697e-01
1.347365081310272217e-01
2.159676998853683472e-01
1.665755547583103180e-02
7.807275652885437012e-01
8.264683485031127930e-01
3.532348275184631348e-01
4.405608400702476501e-02
2.727136597968637943e-04
5.547842979431152344e-01
4.499125003814697266e+00
5.319046974182128906e-01
5.231299400329589844e-01
1.158869266510009766e-01
1.000034809112548828e+00
1.816753745079040527e-01
1.358658540993928909e-03
3.952312469482421875e-02
1.280572917312383652e-02
1.486990332603454590e+00
5.813050866127014160e-01
3.137388527393341064e-01
5.749043077230453491e-02
6.693043112754821777e-01
1.206860184669494629e+00
4.533563256263732910e-01
3.301710188388824463e-01
3.025537133216857910e-01
1.165615487843751907e-02
2.242504432797431946e-02
8.797022104263305664e-01
1.111939474940299988e-01
2.971446083392947912e-04
1.002256721258163452e-01
6.699552536010742188e-01
3.943270817399024963e-02
3.070125728845596313e-02
1.648952215909957886e-01
4.859357774257659912e-01
2.811240218579769135e-02
1.951814978383481503e-03
1.120454072952270508e-01
3.071676194667816162e-01
8.204801939427852631e-03
3.718724939972162247e-03
1.042810641229152679e-02
1.051707193255424500e-03
4.929487034678459167e-02
3.456622660160064697e-01
4.787727892398834229e-01
8.208661526441574097e-02
5.868467036634683609e-03
9.003724157810211182e-02
1.036941885948181152e+00
2.841232717037200928e-01
2.853966318070888519e-03
1.345782366115599871e-04
6.096694618463516235e-03
8.271093666553497314e-02
3.611941337585449219e-01
2.202334403991699219e+00
4.503160342574119568e-02
1.766748279333114624e-01
3.252372890710830688e-02
2.881686389446258545e-01
1.043026859406381845e-04
6.370608806610107422e-01
2.125228755176067352e-02
2.737463235855102539e+00
7.284669280052185059e-01
1.365499105304479599e-02
3.347755372524261475e-01
3.265111520886421204e-02
1.396894603967666626e-01
8.569771051406860352e-02
4.450887441635131836e-01
1.143873902037739754e-03
4.071976244449615479e-01
9.631237946450710297e-03
8.088834285736083984e-01
1.609922014176845551e-02
2.009873976930975914e-03
6.235280036926269531e-01
1.094496399164199829e-01
9.157040040008723736e-04
8.517603389918804169e-03
9.639739058911800385e-03
5.057873670011758804e-03
6.335468590259552002e-02
6.796669960021972656e-02
1.551558136940002441e+00
5.783451795578002930e-01
1.230808347463607788e-01
7.332258974201977253e-04
4.566092491149902344e-01
1.738066412508487701e-02
1.609285771846771240e-01
6.599685549736022949e-02
6.257110275328159332e-03
9.237682074308395386e-02
1.171906292438507080e-01
8.900631219148635864e-02
8.132937550544738770e-02
5.620431900024414062e-01
3.097391724586486816e-01
2.590846776962280273e+00
7.215395569801330566e-01
2.800754070281982422e+00
1.434143483638763428e-01
1.993939131498336792e-01
1.845019459724426270e-01
6.390861421823501587e-02
3.537154197692871094e-01
1.964119635522365570e-02
5.838763117790222168e-01
2.109659671783447266e+00
2.477981150150299072e-01
1.102673821151256561e-03
3.349360823631286621e-02
2.702822163701057434e-02
3.887844979763031006e-01
3.397629782557487488e-02
4.367817044258117676e-01
7.313199457712471485e-04
1.060393601655960083e-01
9.940494298934936523e-01
2.433001995086669922e+00
2.679255962371826172e+00
2.742693945765495300e-02
1.900177681818604469e-03
1.589728951454162598e+00
1.289717201143503189e-02
8.623262494802474976e-02
9.623924493789672852e-01
7.915069907903671265e-02
5.598180741071701050e-02
1.542094051837921143e-01
4.910659790039062500e-02
6.223003864288330078e-01
2.830020785331726074e-01
9.493993222713470459e-02
5.499708931893110275e-03
1.849360577762126923e-02
4.210447520017623901e-02
3.463229909539222717e-02
6.056214570999145508e-01
4.030249595642089844e+00
8.070714771747589111e-03
5.922982469201087952e-02
2.021216042339801788e-02
1.402207165956497192e-01
2.276076376438140869e-01
6.587718962691724300e-04
1.849014520645141602e+00
2.356219477951526642e-02
9.975414276123046875e-01
6.022826209664344788e-02
4.983282461762428284e-02
3.676371812820434570e+00
1.140432596206665039e+00
4.643221944570541382e-02
1.321966499090194702e-01
2.704398632049560547e+00
7.365950196981430054e-02
6.990321725606918335e-02
2.668785572052001953e+00
6.897686049342155457e-03
1.166601181030273438e+00
1.047201395034790039e+00
2.738460525870323181e-02
3.155505061149597168e-01
1.730181649327278137e-02
4.988896474242210388e-02
2.103498904034495354e-03
4.595422148704528809e-01
3.354271873831748962e-02
1.696155905723571777e+00
2.210675040259957314e-03
2.634584717452526093e-02
6.337986141443252563e-02
2.974492730572819710e-03
1.824076175689697266e-01
5.648429691791534424e-02
5.433502793312072754e-01
5.175120383501052856e-02
5.336326081305742264e-03
1.320803046226501465e+00
7.371852546930313110e-02
6.848349571228027344e-01
4.314518999308347702e-03
1.009029429405927658e-02
3.844728460535407066e-03
1.124282553791999817e-01
6.132783889770507812e-01
5.916499719023704529e-02
3.592499792575836182e-01
2.664896249771118164e-01
4.235872328281402588e-01
1.131443738937377930e+00
1.687272191047668457e+00
1.248890766873955727e-03
3.902440192177891731e-03
1.451434008777141571e-02
6.746470928192138672e-02
4.643665626645088196e-02
6.765222642570734024e-04
1.261609196662902832e+00
6.898182630538940430e-02
6.590890698134899139e-03
1.988405466079711914e+00
2.632852792739868164e+00
1.833820044994354248e-01
6.228163838386535645e-01
1.024753898382186890e-01
1.153348851948976517e-02
1.217471122741699219e+00
1.063416123390197754e+00
9.068905492313206196e-04
8.766261860728263855e-03
8.134295344352722168e-01
6.096160411834716797e-02
6.195338442921638489e-02
9.414615631103515625e-01
2.682870328426361084e-01
2.750085294246673584e-01
6.544586271047592163e-02
1.277584000490605831e-03
7.592165470123291016e-02
7.832234352827072144e-02
5.639337375760078430e-02
5.034738779067993164e-01
2.925674915313720703e-01
3.870834410190582275e-01
9.708949923515319824e-02
1.227425098419189453e+00
1.208479523658752441e+00
2.306445091962814331e-01
7.984416484832763672e-01
1.301359832286834717e-01
7.476212084293365479e-02
1.252527534961700439e-01
1.180130895227193832e-02
7.157811522483825684e-02
2.145393006503582001e-02
8.294028639793395996e-01
9.125854969024658203e-01
4.700288176536560059e-02
2.886649072170257568e-01
8.677055011503398418e-04
1.623758822679519653e-01
1.829567193984985352e+00
4.824142456054687500e-01
6.244643330574035645e-01
1.219182983040809631e-01
1.869262605905532837e-01
1.418484687805175781e+00
1.323142498731613159e-01
3.157993555068969727e-01
1.282609737245365977e-04
1.215865492820739746e+00
9.120118920691311359e-04
8.893149346113204956e-02
1.495270878076553345e-01
1.900415751151740551e-03
7.505018711090087891e-01
5.257335305213928223e-01
3.374120593070983887e-02
1.122751533985137939e-01
2.954837381839752197e-01
1.132210373878479004e+00
3.505330823827534914e-04
1.992965489625930786e-01
3.682682216167449951e-01
1.919729411602020264e-01
2.364637330174446106e-02
2.469857215881347656e+00
7.914847694337368011e-03
4.597400426864624023e-01
7.415643776766955853e-04
4.744289517402648926e-01
1.189954113215208054e-03
1.269520282745361328e+00
9.875188115984201431e-04
1.787354201078414917e-01
9.605728387832641602e-01
4.830975830554962158e-02
6.928709745407104492e-01
4.593159556388854980e-01
7.599609903991222382e-03
1.590602636337280273e+00
5.668806433677673340e-01
1.192216412164270878e-03
2.644662559032440186e-02
2.366641908884048462e-01
1.244961749762296677e-03
3.862910568714141846e-01
4.560545831918716431e-02
1.908759713172912598e+00
2.036522841081023216e-03
2.361606340855360031e-03
3.383944928646087646e-01
7.026845812797546387e-01
1.593365818262100220e-01
4.020927250385284424e-01
6.227284669876098633e-01
2.353043295443058014e-03
6.129055400379002094e-04
2.160250395536422729e-01
2.503834199160337448e-03
1.010384177789092064e-03
1.186651140451431274e-01
5.357906688004732132e-03
2.939985506236553192e-02
1.606219410896301270e-01
4.669919908046722412e-01
5.247460603713989258e-01
6.688053011894226074e-01
2.616301644593477249e-04
1.915111094713211060e-01
1.172084081918001175e-02
1.559776782989501953e+00
1.848765241447836161e-04
1.256272546015679836e-03
3.111463546752929688e+00
2.205294519662857056e-01
1.061119556427001953e+00
2.147201448678970337e-02
2.253379300236701965e-02
3.011271655559539795e-01
1.610461622476577759e-02
7.829731702804565430e-02
2.020722627639770508e-01
3.138540685176849365e-02
5.068834424018859863e-01
8.661634922027587891e-01
4.714981839060783386e-02
2.495697975158691406e+00
2.534704804420471191e-01
1.413579434156417847e-01
3.134799301624298096e-01
8.958140970207750797e-04
1.078502833843231201e-02
2.258894145488739014e-01
2.120895832777023315e-01
8.938913792371749878e-02
8.212692141532897949e-01
2.081141769886016846e-01
1.170723557472229004e+00
2.167787075042724609e+00
5.373910665512084961e-01
1.640453189611434937e-01
1.097949981689453125e+00
2.934096157550811768e-01
1.865411400794982910e-01
3.509792266413569450e-03
5.321382284164428711e-01
2.402767091989517212e-01
3.957655280828475952e-03
2.334554940462112427e-01
1.076002698391675949e-02
8.282834663987159729e-03
2.921470999717712402e-01
4.874954819679260254e-01
4.639216139912605286e-02
3.632497414946556091e-02
7.220719475299119949e-03
8.176096528768539429e-02
5.648924270644783974e-04
1.619576476514339447e-03
1.445299983024597168e-01
3.112729549407958984e+00
2.130026463419198990e-03
4.098231438547372818e-03
6.128685083240270615e-03
3.964861154556274414e+00
3.297025263309478760e-01
1.706504225730895996e-01
2.260565996170043945e+00
4.271610453724861145e-02
9.582364559173583984e-02
2.527615986764431000e-03
5.539504289627075195e-01
2.162178903818130493e-01
2.222015857696533203e+00
1.841989278793334961e+00
9.244846105575561523e-01
1.394047617912292480e+00
1.142744645476341248e-01
7.470883894711732864e-03
1.962403999641537666e-03
3.108764998614788055e-02
1.490151789039373398e-02
6.448334897868335247e-04
6.592342257499694824e-02
7.152531907195225358e-06
2.197768166661262512e-02
5.297033786773681641e-01
3.338051140308380127e-01
6.348513811826705933e-02
5.733591504395008087e-03
9.250457286834716797e-01
1.158428639173507690e-01
1.304732263088226318e-02
5.415465310215950012e-02
2.120703905820846558e-01
9.995517134666442871e-02
5.636957287788391113e-01
1.545468688011169434e+00
1.069468021392822266e+00
1.716238074004650116e-02
2.917165756225585938e-01
4.619484825525432825e-04
7.478219456970691681e-03
1.293894834816455841e-02
2.919933795928955078e-01
5.506109595298767090e-01
1.059487611055374146e-01
3.895287960767745972e-02
6.556466221809387207e-02
9.532101154327392578e-01
4.107128083705902100e-01
1.967473626136779785e-01
2.224173545837402344e-01
3.176930248737335205e-01
6.157625913619995117e-01
2.156363427639007568e-01
1.881846666336059570e+00
6.203443743288516998e-03
2.702984772622585297e-02
1.129152905195951462e-02
3.976981043815612793e-01
3.485175594687461853e-02
1.011752486228942871e+00
1.796673893928527832e+00
2.308863252401351929e-01
7.773127555847167969e-01
5.784954428672790527e-01
6.119539737701416016e-01
2.564477035775780678e-03
3.560752607882022858e-03
3.910799324512481689e-02
3.005690336227416992e+00
7.200793027877807617e-01
1.670117825269699097e-01
7.439468172378838062e-04
1.708715804852545261e-03
1.436546564102172852e+00
8.167502880096435547e-01
6.282737255096435547e-01
7.813499541953206062e-04
1.813544392585754395e+00
3.863122165203094482e-01
2.552697360515594482e-01
1.088272556662559509e-01
1.481886029243469238e+00
2.846121490001678467e-01
1.207427754998207092e-01
2.486645430326461792e-01
2.592114359140396118e-02
5.430434942245483398e-01
6.956348419189453125e-01
9.033288955688476562e-01
2.190607413649559021e-02
6.167714670300483704e-02
6.111009046435356140e-02
3.408551216125488281e-01
3.720221519470214844e-01
2.172949316445738077e-04
2.734962403774261475e-01
2.330728992819786072e-02
2.727381885051727295e-01
2.065783441066741943e-01
3.621806390583515167e-03
1.164225116372108459e-02
1.161233782768249512e+00
4.663203284144401550e-02
4.413012564182281494e-01
1.597318202257156372e-01
1.171416416764259338e-01
8.591434359550476074e-01
1.388106942176818848e-01
1.338123559951782227e+00
9.676262140274047852e-01
8.399324417114257812e-01
4.270126111805438995e-03
6.333991419523954391e-03
1.882169246673583984e+00
1.621480798348784447e-03
7.983796298503875732e-03
3.305765688419342041e-01
1.349554806947708130e-01
2.433106452226638794e-01
3.321698427200317383e+00
6.363280862569808960e-02
4.338808730244636536e-02
1.420098543167114258e-01
2.026215314865112305e+00
1.584077626466751099e-01
1.295789424329996109e-02
2.329913899302482605e-02
7.770133763551712036e-02
6.793539971113204956e-02
5.612614154815673828e-01
5.942677259445190430e-01
5.969128608703613281e-01
3.901994973421096802e-02
3.747490346431732178e-01
7.289385795593261719e-02
7.875103503465652466e-02
1.144587278366088867e+00
2.380874603986740112e-01
1.488770842552185059e+00
1.010445505380630493e-02
2.331189870834350586e+00
3.076814651489257812e+00
1.234916150569915771e-01
3.112855739891529083e-02
3.020115494728088379e-01
5.888551473617553711e-02
5.055520534515380859e-01
1.446326524019241333e-01
1.306371569633483887e+00
3.517515361309051514e-01
2.018450945615768433e-01
2.069855928421020508e-01
1.412121772766113281e+00
9.663005918264389038e-02
1.925645470619201660e+00
3.959911409765481949e-03
2.313829213380813599e-01
5.891221109777688980e-03
1.381203532218933105e-01
7.089661359786987305e-01
5.401842594146728516e-01
3.634351789951324463e-01
5.390513222664594650e-03
8.573677390813827515e-02
2.909969091415405273e-01
2.731407880783081055e+00
6.253381967544555664e-01
1.752435863018035889e-01
1.232104748487472534e-01
2.292795181274414062e-01
5.923836678266525269e-02
6.593570113182067871e-02
1.169884130358695984e-01
1.749613165855407715e+00
8.668413385748863220e-03
6.839586496353149414e-01
1.104778721928596497e-01
5.067599471658468246e-03
3.972862660884857178e-01
3.531659841537475586e-01
1.464983522891998291e-01
8.569380044937133789e-01
6.429591774940490723e-02
2.449450839776545763e-04
1.545764207839965820e+00
1.037442777305841446e-02
6.847907900810241699e-01
2.493423596024513245e-02
3.526041269302368164e+00
2.763337083160877228e-02
2.289748226758092642e-04
7.823029160499572754e-02
1.259001135826110840e+00
4.723573327064514160e-01
4.265373572707176208e-02
7.120785713195800781e-01
7.477429509162902832e-02
2.107482403516769409e-01
5.922589451074600220e-02
1.007223367691040039e+00
1.154235154390335083e-01
1.700019389390945435e-01
1.099905893206596375e-01
7.132853865623474121e-01
1.028033494949340820e+00
1.504352211952209473e+00
3.762153536081314087e-02
3.201124444603919983e-02
1.838143229484558105e+00
3.820871934294700623e-02
4.178771376609802246e-02
3.184382244944572449e-02
3.229687213897705078e-01
9.953508153557777405e-03
7.272516191005706787e-02
3.502896726131439209e-01
6.519190073013305664e-01
5.756912231445312500e-01
2.173316925764083862e-01
1.139925271272659302e-01
4.513668715953826904e-01
3.462381064891815186e-01
1.681433469057083130e-01
1.747593432664871216e-01
8.900186419486999512e-01
1.858840346336364746e+00
5.745722592109814286e-05
2.066490352153778076e-01
6.161202862858772278e-02
2.661123871803283691e-02
1.101557254791259766e+00
5.060020685195922852e-01
2.348181158304214478e-01
3.683640062808990479e-02
7.597678899765014648e-01
5.475139990448951721e-02
4.467624425888061523e-01
3.587458655238151550e-02
1.201557461172342300e-04
1.992457658052444458e-01
1.709263771772384644e-01
2.678603865206241608e-02
6.404825951904058456e-03
1.678057312965393066e-01
1.477014869451522827e-01
1.403486490249633789e+00
5.370917916297912598e-02
4.243574142456054688e-01
2.869118005037307739e-02
1.327744685113430023e-02
5.741794407367706299e-02
2.242195419967174530e-03
9.214430302381515503e-02
5.785755515098571777e-01
6.975054740905761719e-01
3.053426146507263184e-01
3.430358469486236572e-01
1.704484939575195312e+00
7.011861801147460938e-01
1.648609489202499390e-01
2.434013932943344116e-01
7.335167527198791504e-01
1.916621923446655273e-01
5.924868583679199219e-01
1.994422912597656250e+00
3.063225448131561279e-01
4.826828837394714355e-01
1.614086143672466278e-02
1.254967302083969116e-01
7.341705262660980225e-02
1.374610816128551960e-03
3.256503865122795105e-02
1.627431483939290047e-03
9.414476752281188965e-01
5.484517812728881836e-01
1.489841938018798828e+00
1.790208339691162109e+00
1.639071106910705566e-01
8.877438902854919434e-01
5.794447064399719238e-01
1.210511922836303711e+00
3.110470175743103027e-01
7.030920982360839844e-01
5.885052680969238281e-01
7.275105714797973633e-01
3.470666408538818359e-01
3.132565915584564209e-01
5.204622149467468262e-01
1.549770385026931763e-01
3.040723130106925964e-02
2.491705119609832764e-03
5.535738891921937466e-04
1.730392426252365112e-01
3.290549665689468384e-02
1.483976840972900391e-01
1.712137937545776367e+00
1.273035407066345215e+00
2.665784358978271484e+00
8.694909811019897461e-01
3.757560858502984047e-03
2.345075132325291634e-03
2.970241904258728027e-01
2.831394039094448090e-02
1.780790984630584717e-01
1.591387391090393066e-01
8.046157658100128174e-02
1.217187196016311646e-02
5.530212521553039551e-01
3.185438457876443863e-03
7.921204566955566406e-01
3.722122907638549805e-01
2.392291873693466187e-01
2.341863932088017464e-03
1.859603682532906532e-03
3.017923736479133368e-04
1.453342735767364502e-01
3.222988219931721687e-03
1.546259736642241478e-03
7.477144002914428711e-01
1.472097516059875488e+00
3.993768095970153809e-01
9.809149056673049927e-02
5.359879732131958008e-01
8.616471290588378906e-02
5.268024746328592300e-03
2.102487236261367798e-01
3.707731515169143677e-02
8.706720471382141113e-01
1.505216062068939209e-01
4.365721344947814941e-02
6.304613780230283737e-03
1.274819016456604004e+00
5.581880360841751099e-02
7.840476632118225098e-01
1.233468428254127502e-01
2.446310035884380341e-02
1.263286471366882324e+00
6.283973902463912964e-02
2.092048168182373047e+00
3.646765053272247314e-01
3.960357606410980225e-01
2.509813070297241211e+00
3.498130440711975098e-01
8.426102399826049805e-01
3.578223288059234619e-02
8.659782260656356812e-02
1.769919633865356445e+00
8.566466718912124634e-02
6.948772072792053223e-02
5.867684483528137207e-01
3.225101158022880554e-02
1.095175385475158691e+00
6.063765883445739746e-01
1.702069863677024841e-02
4.242943134158849716e-03
4.162512719631195068e-01
7.664137333631515503e-02
6.050901412963867188e-01
8.002697825431823730e-01
1.280044317245483398e+00
2.576896362006664276e-02
9.606089442968368530e-03
8.933277130126953125e-01
5.378029942512512207e-01
1.265142709016799927e-01
1.025183964520692825e-02
6.880534440279006958e-02
3.941625356674194336e-03
6.343468092381954193e-03
6.851391792297363281e-01
3.670667484402656555e-02
9.042703313753008842e-04
5.006246268749237061e-02
1.375199947506189346e-02
2.848942577838897705e-01
2.086979746818542480e-01
4.336857050657272339e-02
7.056739926338195801e-02
3.288000077009201050e-02
1.741516888141632080e-01
1.488936245441436768e-01
1.342889517545700073e-01
3.396075963973999023e-01
1.051178693771362305e+00
9.607208967208862305e-01
1.399560928344726562e+00
2.736511826515197754e-02
1.697639524936676025e-01
1.325909607112407684e-02
9.622855111956596375e-03
9.913243353366851807e-02
3.604634404182434082e-01
1.386403203010559082e+00
3.259838372468948364e-02
2.001829892396926880e-01
1.238842159509658813e-01
6.029463410377502441e-01
2.445570379495620728e-01
1.087843418121337891e+00
4.550653696060180664e-01
2.504759468138217926e-02
5.315614938735961914e-01
5.961306095123291016e-01
1.988277956843376160e-02
2.300549983978271484e+00
5.227562040090560913e-02
1.030399184674024582e-02
7.097456604242324829e-02
1.984040439128875732e-01
8.559244871139526367e-02
9.643144160509109497e-02
5.682741757482290268e-03
1.801242381334304810e-01
6.501823663711547852e-02
1.607974469661712646e-01
2.600253522396087646e-01
1.202769577503204346e-01
9.020336717367172241e-02
2.113559722900390625e+00
1.503645442426204681e-02
1.381910562515258789e+00
5.775899887084960938e-01
1.276371255517005920e-02
4.028783366084098816e-02
1.014757633209228516e+00
6.945380568504333496e-02
1.716446161270141602e+00
1.030588269233703613e+00
3.912255167961120605e-02
2.040761560201644897e-01
3.947258740663528442e-02
1.282549947500228882e-01
2.496473550796508789e+00
7.917649745941162109e-01
1.090115681290626526e-01
1.914612948894500732e-01
2.839783579111099243e-02
1.094871461391448975e-01
1.571518480777740479e-01
4.167753159999847412e-01
3.800833821296691895e-01
5.071440935134887695e-01
3.867895126342773438e+00
5.481899902224540710e-02
7.325695753097534180e-01
2.278272062540054321e-02
3.197383508086204529e-02
1.083616137504577637e+00
1.329729566350579262e-03
2.426776802167296410e-03
1.827114373445510864e-01
4.925935342907905579e-02
4.528379917144775391e+00
4.060635983478277922e-04
4.532455280423164368e-02
9.391319751739501953e-01
2.619735896587371826e-01
2.002312056720256805e-02
3.526670932769775391e-01
4.005765542387962341e-02
9.750360623002052307e-03
3.748534945771098137e-03
7.217875123023986816e-02
1.004694700241088867e-01
4.695579875260591507e-03
4.506708681583404541e-01
1.016323268413543701e-01
1.297916889190673828e+00
2.186409896239638329e-03
1.415618062019348145e+00
6.382557563483715057e-03
1.902588844299316406e+00
1.021870851516723633e+00
5.152806639671325684e-02
2.463095784187316895e-01
5.071758031845092773e-01
7.356558442115783691e-01
5.897259712219238281e-01
7.835307121276855469e-01
1.740702390670776367e+00
6.071087718009948730e-01
1.057249493896961212e-02
4.263953305780887604e-03
9.214453893946483731e-05
3.608530759811401367e-01
2.068253755569458008e-01
5.275073051452636719e-01
2.372518777847290039e-01
7.229241076856851578e-03
4.762674272060394287e-01
8.958970755338668823e-02
1.998040974140167236e-01
7.941124588251113892e-02
5.911038815975189209e-02
1.534263491630554199e+00
9.351079910993576050e-02
7.507938146591186523e-01
1.008270233869552612e-01
2.310449182987213135e-01
1.735525727272033691e-01
3.808387368917465210e-02
5.183240175247192383e-01
2.375188022851943970e-01
1.511774063110351562e-01
4.404376447200775146e-02
5.070482939481735229e-02
1.042017117142677307e-01
2.692994773387908936e-01
3.157355531584471464e-04
3.599419072270393372e-02
4.343272000551223755e-02
4.985994659364223480e-03
1.549361586570739746e+00
3.985228762030601501e-02
1.677522212266921997e-01
1.098359346389770508e+00
1.402968820184469223e-02
9.924653917551040649e-02
2.264264225959777832e-01
5.170920491218566895e-02
8.983175456523895264e-02
1.185491755604743958e-01
4.499412178993225098e-01
1.684969291090965271e-02
4.844560101628303528e-02
2.623637616634368896e-01
1.100003361701965332e+00
3.874395415186882019e-02
3.935194015502929688e+00
2.911992669105529785e-01
1.059938669204711914e+00
6.086753368377685547e+00
1.684043370187282562e-02
2.425135523080825806e-01
3.743388056755065918e-01
1.341377615928649902e+00
4.253598749637603760e-01
8.081821203231811523e-01
7.998992502689361572e-02
9.115354623645544052e-04
2.378956414759159088e-02
2.397997537627816200e-03
2.503010332584381104e-01
1.446323003619909286e-02
1.485089678317308426e-02
5.576592683792114258e-02
4.051014482975006104e-01
2.472792565822601318e-01
9.993804693222045898e-01
5.255175009369850159e-02
1.146006509661674500e-01
6.529344827868044376e-04
2.491633594036102295e-01
2.544652111828327179e-02
8.387411385774612427e-02
1.696214914321899414e+00
3.167197406291961670e-01
5.399600267410278320e-01
3.065385855734348297e-02
2.966054016724228859e-03
6.621850132942199707e-01
3.180773854255676270e-01
1.240607202053070068e-01
1.595018506050109863e-01
4.148404002189636230e-01
5.652463063597679138e-02
1.538127809762954712e-01
4.141858592629432678e-02
1.625024318695068359e+00
1.383420079946517944e-03
6.027436256408691406e-01
5.630976706743240356e-02
1.208387374877929688e+00
1.253582444041967392e-02
5.397107005119323730e-01
3.166074454784393311e-01
3.578557968139648438e-01
3.368384540081024170e-01
9.059377480298280716e-04
3.136068210005760193e-02
9.916946291923522949e-02
4.486191272735595703e-01
3.599782228469848633e+00
7.613215129822492599e-03
1.149051636457443237e-01
3.217233717441558838e-01
4.764963388442993164e-01
2.639027833938598633e-01
8.332554250955581665e-02
4.380321502685546875e-01
3.332022905349731445e+00
2.284400910139083862e-02
4.719108343124389648e-01
1.936333179473876953e-01
1.565937757492065430e+00
2.076980918645858765e-01
1.840782351791858673e-02
5.083866119384765625e-01
2.974262237548828125e-01
3.730323910713195801e-02
1.698564767837524414e+00
6.989887356758117676e-01
2.561478503048419952e-02
1.531198471784591675e-01
1.037856191396713257e-01
2.077882923185825348e-02
5.334256649017333984e+00
1.365992277860641479e-01
1.690898656845092773e+00
5.402071401476860046e-02
6.527386307716369629e-01
1.194330155849456787e-01
2.895708382129669189e-01
2.253613667562603951e-03
9.627381712198257446e-02
2.949825048446655273e+00
9.865492582321166992e-02
2.678973674774169922e-01
4.223552346229553223e-01
3.772625327110290527e-01
2.163869738578796387e-01
6.882032752037048340e-01
9.127265075221657753e-04
1.982469439506530762e+00
3.716230858117341995e-03
1.331045389175415039e+00
1.365392208099365234e-01
4.425731021910905838e-03
4.888697862625122070e-01
3.406077027320861816e-01
9.140102863311767578e-01
1.317086257040500641e-02
4.028355479240417480e-01
2.304977923631668091e-01
1.694264262914657593e-02
2.289890078827738762e-03
1.402039378881454468e-01
1.220366917550563812e-02
5.531485378742218018e-02
5.494865402579307556e-02
9.105348959565162659e-03
7.941377907991409302e-02
3.787514269351959229e-01
2.566776983439922333e-02
1.037804558873176575e-01
1.291367292404174805e+00
1.376858353614807129e-01
1.603176712989807129e+00
4.183762371540069580e-01
1.289693731814622879e-02
1.006964128464460373e-02
2.215876817703247070e+00
1.316639184951782227e+00
2.527637034654617310e-02
4.649955034255981445e-01
5.872052907943725586e-01
3.501304984092712402e-01
4.638180509209632874e-02
5.717228055000305176e-01
7.755206823348999023e-01
7.368908524513244629e-01
2.105026692152023315e-01
1.333587914705276489e-01
8.631704747676849365e-02
5.241471529006958008e-01
1.610860347747802734e+00
1.055380105972290039e+00
2.606767229735851288e-04
1.444406509399414062e+00
2.231791429221630096e-02
3.033983707427978516e-01
3.790070414543151855e-01
8.082525432109832764e-02
3.409795284271240234e+00
8.760952949523925781e-01
6.171173453330993652e-01
3.937226831912994385e-01
5.904191136360168457e-01
2.493110895156860352e+00
8.394197560846805573e-03
3.504618257284164429e-02
2.554471790790557861e-02
9.999723732471466064e-02
9.007145464420318604e-02
9.131348133087158203e-02
5.877674557268619537e-04
2.752570509910583496e-01
7.898561954498291016e-01
7.662293314933776855e-02
8.711595437489449978e-04
3.588151633739471436e-01
9.005926847457885742e-01
5.378438234329223633e-01
3.710454404354095459e-01
1.217272520065307617e+00
1.239796996116638184e+00
3.288565576076507568e-02
7.561750710010528564e-03
3.290302753448486328e-01
1.792031526565551758e+00
5.633696317672729492e-01
2.265704274177551270e-01
8.547141551971435547e-01
1.945493370294570923e-01
5.670362710952758789e-02
3.972626328468322754e-01
1.179577559232711792e-01
6.169281005859375000e-01
4.184586107730865479e-01
2.707427442073822021e-01
2.284908890724182129e-01
1.012224853038787842e-01
5.649670492857694626e-03
1.623874545097351074e+00
1.653199315071105957e+00
6.386703345924615860e-03
1.002474576234817505e-01
1.993828825652599335e-02
2.353296041488647461e+00
1.759886974468827248e-03
1.294538378715515137e+00
3.145679831504821777e-02
2.723557874560356140e-03
1.053690433502197266e+00
5.794816017150878906e-01
5.729617476463317871e-01
1.467061042785644531e-01
1.041201874613761902e-01
8.985430747270584106e-02
6.567632555961608887e-01
3.149276673793792725e-01
2.580044791102409363e-02
1.909815073013305664e+00
6.091628968715667725e-02
3.072313666343688965e-01
1.410456374287605286e-02
4.076816886663436890e-02
6.481100618839263916e-02
1.570570021867752075e-01
6.231030225753784180e-01
1.370202064514160156e+00
3.704456090927124023e-01
4.714563488960266113e-03
1.133269891142845154e-01
2.322813570499420166e-01
1.042032055556774139e-02
1.753892935812473297e-02
3.238596022129058838e-01
2.375103160738945007e-02
6.028302907943725586e-01
4.127892851829528809e-02
7.669999729841947556e-03
9.592770338058471680e-01
4.852651059627532959e-01
1.547382116317749023e+00
2.548068761825561523e-02
9.130817055702209473e-01
8.049074560403823853e-03
1.142802299000322819e-03
1.397713184356689453e+00
3.169956207275390625e-01
5.249790847301483154e-04
3.242436796426773071e-02
3.829278945922851562e-01
1.745127886533737183e-01
7.900274395942687988e-01
8.399534272029995918e-04
4.443969726562500000e-01
9.727340191602706909e-03
8.559966832399368286e-02
1.874981522560119629e-01
4.573073238134384155e-02
1.748427301645278931e-01
4.514943361282348633e-01
4.242970645427703857e-01
9.554137475788593292e-03
2.053501084446907043e-02
8.906073123216629028e-02
6.398546695709228516e-01
1.260551437735557556e-02
2.547926306724548340e-01
4.174923058599233627e-03
1.949837327003479004e+00
9.554220438003540039e-01
7.537721097469329834e-02
3.550868928432464600e-01
2.960748374462127686e-01
2.882019151002168655e-03
2.824961245059967041e-01
2.700107172131538391e-02
6.677464842796325684e-01
2.295394688844680786e-01
2.271630764007568359e+00
6.686781346797943115e-02
4.606469068676233292e-03
2.528567332774400711e-03
1.329752206802368164e-01
9.159459918737411499e-02
2.971315570175647736e-02
1.378183811902999878e-01
1.847312450408935547e+00
4.736654087901115417e-02
1.700971915852278471e-04
2.011986449360847473e-02
9.301664829254150391e-01
2.672394365072250366e-02
1.270066946744918823e-01
1.525101363658905029e-01
1.369224786758422852e-01
4.482341464608907700e-03
3.146985173225402832e-02
1.658234894275665283e-01
1.298592805862426758e+00
4.234469234943389893e-01
2.003831043839454651e-02
9.241659045219421387e-01
3.221013844013214111e-01
1.940082758665084839e-01
9.393746852874755859e-01
9.547491371631622314e-02
3.253215178847312927e-02
1.440859213471412659e-02
1.711842715740203857e-01
9.154450297355651855e-01
6.920296549797058105e-01
3.031384348869323730e-01
2.494739310350269079e-04
1.057430803775787354e-01
2.050032466650009155e-02
5.595227703452110291e-02
1.368045806884765625e-01
2.855155766010284424e-01
1.790654659271240234e-01
1.118695437908172607e-01
2.816872298717498779e-01
1.278698444366455078e+00
5.922507029026746750e-03
1.201584637165069580e-01
9.236073493957519531e-02
5.354500934481620789e-02
1.430575400590896606e-01
4.176347516477108002e-03
2.389843165874481201e-01
3.771782517433166504e-01
5.246114730834960938e-01
4.160783588886260986e-01
4.060163348913192749e-02
3.852952718734741211e-01
1.415118277072906494e-01
3.467724919319152832e-01
2.258309535682201385e-02
2.746325135231018066e-01
2.593251410871744156e-03
1.108379438519477844e-01
7.930410653352737427e-02
3.237803578376770020e-01
1.918100751936435699e-02
8.031619787216186523e-01
1.476207524538040161e-01
1.657266914844512939e-02
1.115681171417236328e+00
3.703285008668899536e-03
2.231898307800292969e+00
8.845600485801696777e-01
1.030734419822692871e+00
1.558199822902679443e-01
9.192859381437301636e-02
3.391552925109863281e+00
1.334927380084991455e-01
1.036894083023071289e+00
1.187621951103210449e-01
1.581384092569351196e-01
3.637015074491500854e-02
6.161561608314514160e-02
1.018615603446960449e+00
2.190694659948348999e-01
2.095703333616256714e-01
3.066935017704963684e-02
2.410334721207618713e-02
1.045729160308837891e+00
1.337730884552001953e-01
1.241526752710342407e-02
1.036586046218872070e+00
7.562040537595748901e-02
7.091737985610961914e-01
2.079464942216873169e-01
1.505909371189773083e-03
1.517145752906799316e+00
5.367946624755859375e-02
3.189885020256042480e-01
9.498693943023681641e-01
1.273134537041187286e-02
3.958248998969793320e-03
2.393525123596191406e+00
5.666633248329162598e-01
1.089558362960815430e+00
4.367571175098419189e-01
1.716999709606170654e-02
1.787482015788555145e-02
3.645947435870766640e-04
1.543672382831573486e-01
2.814280688762664795e-01
2.004553973674774170e-01
4.802927374839782715e-02
4.575008451938629150e-01
6.484053730964660645e-01
4.591133072972297668e-02
2.984726615250110626e-02
2.604578971862792969e+00
2.222792506217956543e-01
1.921968460083007812e-01
2.972637885250151157e-04
1.953956671059131622e-03
4.590805619955062866e-03
4.779166728258132935e-02
2.442040666937828064e-02
2.241362072527408600e-02
1.828358471393585205e-01
9.901853799819946289e-01
1.006904840469360352e+00
2.999844253063201904e-01
9.924118407070636749e-03
4.700436070561408997e-02
1.660457402467727661e-01
3.540667891502380371e-01
1.430578231811523438e+00
6.029650196433067322e-02
2.461943216621875763e-02
2.863598763942718506e-01
2.493769645690917969e+00
5.199007224291563034e-03
7.914222031831741333e-02
8.260802030563354492e-01
2.236594259738922119e-02
5.489157512784004211e-03
5.233151023276150227e-05
7.767230868339538574e-01
9.756617248058319092e-03
2.043619006872177124e-01
2.370576858520507812e-01
3.535122668836265802e-04
4.100332781672477722e-02
4.519960843026638031e-03
6.951196584850549698e-03
4.525370001792907715e-01
3.470852598547935486e-02
6.080396175384521484e-01
9.336845576763153076e-02
3.408814314752817154e-03
1.811920404434204102e-01
3.718638326972723007e-04
3.509541451930999756e-01
6.276159733533859253e-02
2.620442509651184082e-01
1.000317811965942383e+00
2.472370862960815430e+00
3.440634533762931824e-02
1.620628118515014648e+00
4.414387941360473633e-01
4.615548551082611084e-01
2.868562005460262299e-02
3.227179646492004395e-01
3.519649803638458252e-02
5.080159753561019897e-02
1.006626367568969727e+00
6.481015086174011230e-01
5.734421312808990479e-03
1.613888740539550781e+00
5.703729693777859211e-04
1.530191162601113319e-03
7.579379249364137650e-03
1.620923876762390137e-01
9.742718935012817383e-01
1.570259183645248413e-01
1.875090360641479492e+00
2.153473794460296631e-01
8.884187787771224976e-03
1.088828518986701965e-01
2.288788795471191406e+00
8.431764692068099976e-02
6.861759722232818604e-02
5.881740245968103409e-03
1.782886683940887451e-01
2.415618151426315308e-01
5.047386512160301208e-02
1.796483397483825684e-01
5.741503238677978516e-01
1.312171965837478638e-01
2.590387165546417236e-01
1.112938895821571350e-01
3.562590852379798889e-02
1.289132400415837765e-03
1.438875198364257812e+00
8.875741064548492432e-02
3.251698493957519531e+00
9.858515113592147827e-04
4.524400457739830017e-02
8.237805366516113281e-01
2.147959917783737183e-02
5.709676817059516907e-02
6.495316512882709503e-03
3.100807964801788330e-01
2.471910603344440460e-02
2.574386894702911377e-01
4.032550379633903503e-02
3.279934525489807129e-01
1.563011407852172852e+00
1.032208800315856934e-01
4.846700727939605713e-01
6.214213371276855469e-01
1.574219577014446259e-02
1.986148804426193237e-01
3.904577577486634254e-03
1.996442824602127075e-01
6.233405321836471558e-02
2.067942470312118530e-01
5.374737977981567383e-01
6.932479143142700195e-02
2.384031563997268677e-02
1.858367681503295898e+00
1.486865520477294922e+00
3.251230344176292419e-02
1.966667771339416504e-01
6.110863387584686279e-02
3.203355371952056885e-01
9.792769551277160645e-01
9.426875114440917969e-01
1.439990699291229248e-01
7.148641161620616913e-03
5.249509811401367188e-01
7.900838851928710938e-01
2.937336862087249756e-01
2.347060292959213257e-01
1.321038813330233097e-03
2.960970699787139893e-01
1.776250600814819336e+00
1.144458651542663574e-01
2.286016225814819336e+00
8.093564212322235107e-02
2.342696534469723701e-03
4.624251159839332104e-04
2.371262460947036743e-01
2.373580455780029297e+00
9.735957719385623932e-03
7.311791777610778809e-01
5.252562463283538818e-02
7.652376294136047363e-01
2.237562894821166992e+00
1.141925826668739319e-01
3.680505615193396807e-04
1.797208309173583984e+00
7.242136597633361816e-01
1.850951313972473145e-01
2.435226887464523315e-01
8.054987527430057526e-03
7.619663327932357788e-02
7.661906629800796509e-02
2.514611780643463135e-01
1.399469852447509766e+00
2.966784834861755371e-01
3.775137290358543396e-02
8.988721668720245361e-02
6.290489435195922852e-02
1.241031512618064880e-01
2.194402186432853341e-04
2.689721621572971344e-02
1.872727647423744202e-02
5.149002373218536377e-02
7.838885188102722168e-01
1.178296685218811035e+00
8.533328026533126831e-02
9.220812320709228516e-01
1.154731988906860352e+00
3.649663627147674561e-01
1.783887147903442383e-01
1.163711324334144592e-01
2.632509469985961914e-01
9.009654521942138672e-01
1.079810550436377525e-03
8.286720514297485352e-02
6.189343705773353577e-02
8.325728774070739746e-01
5.320255756378173828e-01
1.190591882914304733e-02
4.574548453092575073e-03
9.255744218826293945e-01
3.277823626995086670e-01
3.881007730960845947e-01
4.936649203300476074e-01
3.146342700347304344e-03
2.313980609178543091e-01
3.155339479446411133e+00
3.048797130584716797e+00
1.267583519220352173e-01
2.847083806991577148e-01
8.005961179733276367e-01
7.594049442559480667e-03
1.706653982400894165e-01
4.456866383552551270e-01
2.145371632650494576e-03
4.603146575391292572e-03
2.645684219896793365e-02
2.151081264019012451e-01
1.029077321290969849e-01
8.837364315986633301e-01
1.208918392658233643e-01
1.633455753326416016e-01
7.497837068513035774e-04
1.058691963553428650e-01
1.973468577489256859e-03
3.159739135298877954e-04
2.342452257871627808e-01
2.670504093170166016e+00
4.410947114229202271e-02
6.896922588348388672e-01
9.069063663482666016e-01
2.054303586483001709e-01
3.972734790295362473e-03
2.743424661457538605e-02
1.827339828014373779e-01
1.006922945380210876e-01
3.294357955455780029e-01
3.959911409765481949e-03
8.591896891593933105e-01
8.054358959197998047e-01
3.675833940505981445e-01
2.429784774780273438e+00
2.699515409767627716e-02
7.161027193069458008e-01
3.464569747447967529e-01
5.172151327133178711e-01
2.069869488477706909e-01
8.356108069419860840e-01
2.752240896224975586e-01
6.505447030067443848e-01
4.534566402435302734e-01
2.408977746963500977e-01
8.286632299423217773e-01
3.385325074195861816e-01
8.186894655227661133e-01
5.299209952354431152e-01
1.390390284359455109e-02
5.232338905334472656e-01
2.491568326950073242e+00
1.921153962612152100e-01
3.639029106125235558e-03
9.200556203722953796e-03
4.185013473033905029e-03
8.597997575998306274e-02
1.021903753280639648e-02
1.465713500976562500e+00
1.304420679807662964e-01
2.571730613708496094e-01
3.227558434009552002e-01
1.953797601163387299e-02
6.124653220176696777e-01
7.806625217199325562e-03
4.931076765060424805e-01
8.663083612918853760e-02
4.115583598613739014e-01
6.739984154701232910e-01
4.140020813792943954e-03
3.984406888484954834e-01
2.446193620562553406e-02
5.844360217452049255e-02
1.592399030923843384e-01
2.097146213054656982e-02
9.597423672676086426e-01
1.682718656957149506e-02
9.076051646843552589e-04
5.993032827973365784e-02
1.147509515285491943e-01
1.051204204559326172e-01
2.761309742927551270e-01
1.745528914034366608e-02
1.264596432447433472e-01
3.354225456714630127e-01
1.211828738451004028e-02
6.238273810595273972e-03
1.800441890954971313e-01
5.191409145481884480e-04
5.753758549690246582e-02
7.219516485929489136e-02
4.129256904125213623e-01
2.372856616973876953e+00
1.803792454302310944e-02
1.827555298805236816e-01
1.662156172096729279e-02
2.273339778184890747e-01
1.656287461519241333e-01
9.681770950555801392e-02
1.646568328142166138e-01
3.010613620281219482e-01
7.662221323698759079e-04
2.911836802959442139e-01
4.708431288599967957e-02
2.672197110950946808e-02
1.566026210784912109e+00
1.195421535521745682e-02
1.104802191257476807e-01
4.182199537754058838e-01
6.658191680908203125e-01
9.916350841522216797e-01
7.811356335878372192e-03
9.044737815856933594e-01
3.175675123929977417e-02
6.971933692693710327e-02
7.578518241643905640e-02
1.064118668437004089e-01
3.495177328586578369e-01
2.202238142490386963e-01
2.992915222421288490e-03
2.152627799659967422e-03
2.336068898439407349e-01
1.737887024879455566e+00
5.432552099227905273e-01
6.544019579887390137e-01
1.360948104411363602e-02
2.175347413867712021e-03
1.696174591779708862e-02
4.775211960077285767e-02
4.596996679902076721e-02
1.974300295114517212e-02
2.144074440002441406e-02
7.237814366817474365e-02
2.141588926315307617e-01
3.253834247589111328e-01
1.263778060674667358e-01
6.808060687035322189e-03
5.082096904516220093e-02
1.428826153278350830e-02
2.910359203815460205e-02
6.237918883562088013e-02
2.816521562635898590e-03
2.533181197941303253e-02
1.739957928657531738e+00
8.898962289094924927e-02
3.672448992729187012e-01
2.193919271230697632e-01
9.101817607879638672e-01
3.358254730701446533e-01
1.102718412876129150e-01
1.888908594846725464e-01
2.166999503970146179e-02
3.874406963586807251e-02
2.110674083232879639e-01
3.663072288036346436e-01
1.132346153259277344e+00
9.576266258955001831e-02
3.850987553596496582e-01
5.222487729042768478e-03
2.502564430236816406e+00
2.043328046798706055e+00
8.471808433532714844e-01
8.636858314275741577e-03
1.523466855287551880e-01
2.696057409048080444e-02
9.323586523532867432e-02
1.503476649522781372e-01
3.259944617748260498e-01
3.023749828338623047e+00
4.032537937164306641e-01
1.491331309080123901e-01
1.670189350843429565e-01
1.100029721856117249e-01
3.244614005088806152e-01
1.944532632827758789e+00
1.713391780853271484e+00
4.782309755682945251e-03
1.013088971376419067e-02
4.059442132711410522e-02
2.397969812154769897e-01
4.035849273204803467e-01
1.348222494125366211e-01
1.201016549021005630e-02
1.590391516685485840e+00
8.871552348136901855e-02
4.065943509340286255e-02
3.140671469736844301e-04
2.514247298240661621e-01
7.653934508562088013e-02
1.805448979139328003e-01
1.574020385742187500e+00
1.079251095652580261e-01
6.615709513425827026e-02
4.326844215393066406e-01
2.057378180325031281e-02
8.247264623641967773e-01
3.625094145536422729e-02
4.975749761797487736e-04
3.006499111652374268e-01
6.247628852725028992e-02
3.624592423439025879e-01
8.463940583169460297e-03
7.494024038314819336e-01
5.693540722131729126e-02
1.146702766418457031e-01
2.037629187107086182e-01
3.736215829849243164e-01
5.298641044646501541e-04
3.783195316791534424e-01
5.971468091011047363e-01
1.792376488447189331e-02
4.627174884080886841e-02
7.160763442516326904e-02
2.089254558086395264e-02
1.409061998128890991e-01
1.137851458042860031e-02
1.795899718999862671e-01
1.091721933335065842e-02
1.269365549087524414e+00
1.819430440664291382e-01
4.752149432897567749e-02
5.120676755905151367e-01
1.879793763160705566e+00
8.833852596580982208e-03
2.264579832553863525e-01
1.248533604666590691e-03
1.612772420048713684e-02
8.261435665190219879e-03
4.751029014587402344e-01
1.620936632156372070e+00
1.228197850286960602e-02
9.941837191581726074e-02
3.376552760601043701e-01
1.418978571891784668e+00
6.376753095537424088e-03
2.005099356174468994e-01
1.570185899734497070e+00
1.438298146240413189e-03
1.425722390413284302e-01
7.021553069353103638e-02
2.890445709228515625e+00
9.802146255970001221e-02
5.623194575309753418e-01
1.068488284945487976e-01
4.156044125556945801e-01
2.250520288944244385e-01
5.796620845794677734e-01
6.279026158154010773e-03
1.446511712856590748e-03
1.281889557838439941e+00
1.739511489868164062e-01
1.569690585136413574e+00
5.790579319000244141e-01
4.394280840642750263e-04
1.817058920860290527e-01
1.024700235575437546e-02
1.677149236202239990e-01
3.948061168193817139e-02
2.303081989288330078e+00
5.639516711235046387e-01
2.628481984138488770e-01
5.110532045364379883e-02
5.368310213088989258e-01
1.103281974792480469e+00
5.183972120285034180e-01
1.180847734212875366e-01
1.764745116233825684e-01
1.984807103872299194e-02
3.967866767197847366e-03
2.124096825718879700e-02
3.460397198796272278e-02
2.550911903381347656e-01
4.281220138072967529e-01
2.685070633888244629e-01
1.193928718566894531e+00
4.228361129760742188e+00
9.714140892028808594e-01
2.291439622640609741e-01
2.506395101547241211e+00
3.181998431682586670e-01
9.139487519860267639e-03
4.583923146128654480e-03
1.165171504020690918e+00
9.532548487186431885e-02
2.109749555587768555e+00
2.376071512699127197e-01
4.135884940624237061e-01
7.246319055557250977e-01
3.294613361358642578e+00
1.746165394783020020e+00
2.333755493164062500e+00
6.806964874267578125e-01
2.793227136135101318e-02
1.161756277084350586e+00
7.031193971633911133e-01
1.090075001120567322e-01
1.069250138243660331e-04
5.404070764780044556e-02
2.856323122978210449e-01
2.916739135980606079e-02
4.491906166076660156e-01
8.081325888633728027e-01
1.984676867723464966e-01
9.675755500793457031e-01
1.565170735120773315e-01
9.184137918055057526e-03
1.642569113755598664e-04
8.950812816619873047e-01
1.686004847288131714e-01
3.667048513889312744e-01
1.052781343460083008e+00
1.943953894078731537e-02
4.694133996963500977e-01
9.537294507026672363e-02
2.761957049369812012e-02
6.655099987983703613e-02
1.817377060651779175e-01
3.186560571193695068e-01
8.118047714233398438e-01
7.944135069847106934e-01
1.305511474609375000e+00
2.044391483068466187e-01
3.570700809359550476e-02
7.820936851203441620e-03
1.010516379028558731e-02
8.915784358978271484e-01
9.402799606323242188e-01
5.399726629257202148e-01
1.319075077772140503e-01
2.588868141174316406e-01
2.202902883291244507e-01
8.550139516592025757e-02
6.863320469856262207e-01
7.656827569007873535e-02
1.095057353377342224e-01
2.152389846742153168e-03
5.059430599212646484e-01
1.014174614101648331e-02
8.552306145429611206e-02
1.026316732168197632e-02
1.446823358535766602e+00
9.125102311372756958e-02
1.316959112882614136e-01
1.739353239536285400e-01
8.687085472047328949e-03
1.651765823364257812e+00
2.039999514818191528e-02
7.948250174522399902e-01
7.465024590492248535e-01
4.376710206270217896e-02
1.649786233901977539e-01
5.143412351608276367e-01
5.126189440488815308e-03
6.095677986741065979e-02
6.322219222784042358e-02
3.246495127677917480e-01
4.461321234703063965e-01
1.887866109609603882e-02
2.618856132030487061e-01
5.441265553236007690e-02
7.298980951309204102e-01
4.657866060733795166e-01
7.935402989387512207e-01
2.357546798884868622e-02
2.694654762744903564e-01
8.243877291679382324e-01
1.530300259590148926e+00
1.506950110197067261e-01
1.989488244056701660e+00
3.016547918319702148e+00
1.773934811353683472e-01
3.422120120376348495e-03
2.106514871120452881e-01
3.933898824470816180e-06
1.465786546468734741e-01
5.452306196093559265e-02
4.271416366100311279e-02
1.279148757457733154e-01
9.943005442619323730e-01
3.612169921398162842e-01
5.268124863505363464e-02
1.544402718544006348e+00
1.729711443185806274e-01
5.695718526840209961e-01
5.065528154373168945e-01
4.323302768170833588e-03
7.860735058784484863e-02
7.157706022262573242e-01
3.000292778015136719e-01
1.219125231727957726e-03
7.411808371543884277e-01
2.277830062666907907e-04
6.928541511297225952e-02
2.989896833896636963e-01
2.075664512813091278e-02
2.771844148635864258e+00
1.122297763824462891e+00
7.541530728340148926e-01
5.393483638763427734e-01
3.717418527230620384e-03
6.593625247478485107e-02
3.658465147018432617e-01
4.386739432811737061e-02
4.121738672256469727e-02
1.610969454050064087e-01
2.121504247188568115e-01
1.217787805944681168e-02
1.402547001838684082e+00
1.004703342914581299e-01
1.329509261995553970e-02
1.467373073101043701e-01
1.762141734361648560e-01
1.365431696176528931e-01
6.901979941176250577e-05
1.958835870027542114e-02
6.652902811765670776e-02
8.038721978664398193e-02
1.931127533316612244e-02
4.701749421656131744e-03
8.692012429237365723e-01
2.901438474655151367e-01
7.552751302719116211e-01
4.846617579460144043e-01
3.526715934276580811e-02
1.413549780845642090e+00
1.567414760589599609e+00
7.132366895675659180e-01
8.523585647344589233e-02
1.551310718059539795e-02
2.553754329681396484e+00
7.780037820339202881e-02
3.633299171924591064e-01
1.538499593734741211e+00
1.530548324808478355e-03
4.844284057617187500e-01
5.799202322959899902e-01
9.828557074069976807e-02
2.427013516426086426e-01
5.739948526024818420e-02
1.902347058057785034e-02
8.947317600250244141e-01
9.536893665790557861e-02
2.607638249173760414e-03
7.867782187531702220e-06
5.092516075819730759e-04
1.105752140283584595e-01
4.751231670379638672e-01
3.447159528732299805e-01
9.201028384268283844e-03
1.374797821044921875e+00
8.133883029222488403e-02
1.908440701663494110e-02
2.939073368906974792e-03
1.340825110673904419e-02
4.327781498432159424e-02
3.153860092163085938e+00
1.552347183227539062e+00
1.870279163122177124e-01
9.176096064038574696e-04
5.372511222958564758e-04
1.787786558270454407e-02
4.582969099283218384e-02
1.563303709030151367e+00
4.146875441074371338e-01
1.161853075027465820e-01
3.706272318959236145e-02
4.716936498880386353e-03
1.558085203170776367e+00
8.019439578056335449e-01
7.606729269027709961e-01
7.297243177890777588e-02
9.796541929244995117e-01
3.906245231628417969e-01
6.602988392114639282e-02
5.849742889404296875e-01
1.135254383087158203e+00
2.118011936545372009e-03
9.832908511161804199e-01
2.242644071578979492e+00
6.454215198755264282e-02
7.573263645172119141e-01
2.864912897348403931e-02
6.365965306758880615e-02
1.510358750820159912e-01
2.249078452587127686e-02
5.018258001655340195e-03
1.984671950340270996e-01
8.070588707923889160e-01
1.318898499011993408e-01
6.305264681577682495e-02
2.356044948101043701e-02
3.373700678348541260e-01
3.424077928066253662e-01
4.766110181808471680e-01
5.280835032463073730e-01
1.300030112266540527e+00
3.727625310420989990e-01
2.045559138059616089e-02
2.940261960029602051e-01
6.782722659409046173e-03
1.844269782304763794e-02
4.377022385597229004e-01
2.398467063903808594e+00
1.084298610687255859e+00
3.094633579254150391e+00
1.284265220165252686e-01
3.981746360659599304e-02
1.237570680677890778e-02
1.175754293799400330e-01
7.360360026359558105e-01
4.805381596088409424e-02
1.474436223506927490e-01
1.146157741546630859e+00
6.795121729373931885e-02
1.453974008560180664e+00
1.311249732971191406e+00
1.534328907728195190e-01
8.785476535558700562e-02
4.690775573253631592e-01
9.461106359958648682e-02
3.183180699124932289e-03
9.162399768829345703e-01
6.127358227968215942e-02
7.088393904268741608e-03
9.637259878218173981e-03
1.894183158874511719e-01
4.057392477989196777e-01
1.955258846282958984e-02
4.728581383824348450e-02
2.361551523208618164e-01
2.964295563288033009e-04
6.229402422904968262e-01
5.060962438583374023e-01
4.343836568295955658e-03
1.195568814873695374e-01
1.528079271316528320e+00
7.394240796566009521e-02
2.278789520263671875e+00
8.554102778434753418e-01
1.917953491210937500e-01
8.363107219338417053e-03
4.905427247285842896e-02
8.429583907127380371e-02
5.356134176254272461e-01
2.160676755011081696e-02
5.447543226182460785e-03
1.371031403541564941e-01
3.280882537364959717e-02
4.858837127685546875e-01
1.139131665229797363e+00
1.388168334960937500e-02
8.738989708945155144e-04
2.909714588895440102e-03
4.874368384480476379e-02
3.160211443901062012e-01
1.845519989728927612e-01
4.723931103944778442e-02
7.492747306823730469e-01
2.176060676574707031e+00
8.169186115264892578e-02
5.782831907272338867e-01
3.474007546901702881e-02
2.649750709533691406e+00
4.749374389648437500e-01
8.133541792631149292e-02
5.785484313964843750e-01
1.717519760131835938e+00
2.096372842788696289e+00
7.235310673713684082e-01
2.219001296907663345e-03
1.037115453073056415e-05
2.027556419372558594e+00
1.970970071852207184e-03
3.386140987277030945e-02
7.723842561244964600e-02
4.922607541084289551e-01
1.307346820831298828e-01
2.238119125366210938e+00
1.593439094722270966e-02
1.597365885972976685e-01
1.041152596473693848e+00
5.033025145530700684e-02
1.865953393280506134e-02
1.421883553266525269e-01
4.946137964725494385e-01
2.405109882354736328e+00
1.009550527669489384e-03
1.581905409693717957e-02
4.143597185611724854e-02
7.237854599952697754e-01
1.036128103733062744e-01
7.252777814865112305e-01
6.363012827932834625e-03
6.912723183631896973e-02
3.452601730823516846e-01
2.175544053316116333e-01
1.540899090468883514e-02
3.369132988154888153e-03
1.547284703701734543e-02
7.379183173179626465e-02
1.557892858982086182e-01
1.682075977325439453e+00
6.170202791690826416e-02
4.295380203984677792e-04
2.389484494924545288e-01
1.871652454137802124e-01
1.252713680267333984e+00
1.382360421121120453e-02
3.761208653450012207e-01
9.749513268470764160e-01
6.813418865203857422e-01
3.173850476741790771e-02
5.834572017192840576e-03
1.434347927570343018e-01
5.648756399750709534e-02
2.423943728208541870e-01
9.418813511729240417e-03
3.330153122078627348e-04
6.363842170685529709e-03
3.218878209590911865e-01
1.069548487663269043e+00
2.747023403644561768e-01
1.337432861328125000e+00
1.509971171617507935e-01
6.577152013778686523e-02
2.974393591284751892e-02
3.438549861311912537e-02
1.051950216293334961e+00
3.679174697026610374e-03
3.589506074786186218e-02
4.930519759654998779e-01
6.171839311718940735e-02
1.237959228456020355e-02
3.797120153903961182e-01
2.941289842128753662e-01
2.120152115821838379e-02
1.022977475076913834e-02
1.192308425903320312e+00
8.843777701258659363e-03
7.722668051719665527e-01
2.463652193546295166e-01
1.198224909603595734e-02
2.122069597244262695e+00
7.535842061042785645e-02
2.947335690259933472e-02
4.388079643249511719e-01
1.878249831497669220e-02
7.111502438783645630e-02
8.119254559278488159e-02
3.073960840702056885e-01
7.348085194826126099e-02
1.368239641189575195e+00
1.343924522399902344e+00
3.094064630568027496e-02
1.204467564821243286e-02
9.708971530199050903e-02
2.348880982026457787e-03
4.663192108273506165e-02
2.026107162237167358e-01
1.323910951614379883e+00
5.070190429687500000e-01
1.566862702369689941e+00
1.032173261046409607e-01
1.477546930313110352e+00
8.626084029674530029e-02
5.550449248403310776e-03
6.709665060043334961e-03
4.455673694610595703e-01
8.093611598014831543e-01
3.856868715956807137e-04
1.020387629978358746e-03
8.790127187967300415e-02
5.209561437368392944e-03
1.798251748085021973e+00
1.922719925642013550e-02
2.818576805293560028e-02
1.116775572299957275e-01
1.312650740146636963e-02
3.531530965119600296e-03
1.540784491226077080e-03
2.608563899993896484e-01
3.013555705547332764e-02
6.743722558021545410e-01
6.818575412034988403e-02
1.694286167621612549e-01
8.120067417621612549e-02
5.199694037437438965e-01
1.414670199155807495e-01
1.757972985506057739e-01
8.876388892531394958e-03
5.285890102386474609e-01
5.778087675571441650e-02
4.836193919181823730e-01
6.339084822684526443e-03
1.172425691038370132e-02
1.210815832018852234e-02
2.998715341091156006e-01
1.869685761630535126e-02
3.076721727848052979e-01
1.132455825805664062e+00
5.236028432846069336e-01
3.382587456144392490e-04
6.681150794029235840e-01
1.664509624242782593e-01
1.535639613866806030e-01
2.603357844054698944e-02
7.340720854699611664e-03
2.681352896615862846e-03
9.100837707519531250e-01
2.972045838832855225e-01
1.447894275188446045e-01
6.814116835594177246e-01
4.401638172566890717e-03
3.339757397770881653e-02
1.391780376434326172e-01
5.376532673835754395e-02
9.957560896873474121e-01
1.770687699317932129e-01
9.716833010315895081e-03
2.317777425050735474e-01
6.156001985073089600e-02
1.975714415311813354e-02
2.961749136447906494e-01
6.834775954484939575e-02
2.434206455945968628e-01
3.982270658016204834e-01
3.283743560314178467e-02
2.841932296752929688e+00
1.453654561191797256e-02
4.340576231479644775e-01
3.073355913162231445e+00
1.970119029283523560e-01
4.605037271976470947e-01
4.291805624961853027e-01
4.429423809051513672e-02
2.800711197778582573e-03
6.221931576728820801e-01
4.868806600570678711e-01
1.352934241294860840e-01
3.639703989028930664e-01
3.595244511961936951e-02
3.053106367588043213e-01
9.232345223426818848e-02
5.353329777717590332e-01
2.575459480285644531e+00
4.391839206218719482e-01
1.495199680328369141e+00
2.398862689733505249e-01
2.729204110801219940e-02
7.388764992356300354e-03
1.514246761798858643e-01
3.353464975953102112e-02
3.332985341548919678e-01
2.091971188783645630e-01
6.631391588598489761e-03
1.159177124500274658e-01
5.370000004768371582e-01
3.588820993900299072e-01
3.610362112522125244e-01
3.823396191000938416e-02
1.195731759071350098e+00
8.344310335814952850e-03
1.406627297401428223e+00
1.623915508389472961e-02
1.696231067180633545e-01
7.201143503189086914e-01
3.658784553408622742e-02
1.435035765171051025e-01
8.887869771569967270e-04
1.137821435928344727e+00
4.133784472942352295e-01
5.627859383821487427e-03
5.658849477767944336e-01
8.577747642993927002e-02
1.198107190430164337e-02
1.571627378463745117e+00
8.213111162185668945e-01
8.864887356758117676e-01
1.199667811393737793e+00
4.277682304382324219e-01
1.155367732048034668e+00
5.239130258560180664e-01
6.512457877397537231e-02
1.309125185012817383e+00
9.615031480789184570e-01
3.085232257843017578e+00
3.076108871027827263e-03
2.021951675415039062e-01
3.421763889491558075e-03
6.520273089408874512e-01
1.517338454723358154e-01
1.413851678371429443e-01
2.428766041994094849e-01
4.047773778438568115e-03
2.055825106799602509e-02
1.600290648639202118e-02
9.874834865331649780e-02
3.856959985569119453e-03
3.909100890159606934e-01
2.065143585205078125e-01
1.880812644958496094e-01
3.036295529454946518e-03
1.974890232086181641e-01
3.384080827236175537e-01
2.681677043437957764e-01
4.936704039573669434e-02
1.443477869033813477e-01
1.405730396509170532e-01
1.173916310071945190e-01
3.283639252185821533e-01
1.376269578933715820e+00
3.864203579723834991e-03
9.264275431632995605e-02
5.863377591595053673e-04
1.661649823188781738e+00
2.275557070970535278e-01
1.181052178144454956e-01
2.476957812905311584e-02
2.721408568322658539e-02
5.064530372619628906e-01
3.595186173915863037e-01
7.970731821842491627e-04
2.038539573550224304e-02
8.908763527870178223e-03
7.445423980243504047e-04
1.307971179485321045e-01
5.342127084732055664e-01
2.010600090026855469e+00
2.634221613407135010e-01
7.817448973655700684e-01
8.151277899742126465e-02
6.894581317901611328e-01
5.740663618780672550e-04
3.610166022554039955e-03
6.980769634246826172e-01
2.778243506327271461e-03
4.808789864182472229e-02
1.032772590406239033e-03
1.061122640967369080e-01
1.035319082438945770e-02
1.591948717832565308e-01
3.316141664981842041e-01
2.415835857391357422e+00
6.450013071298599243e-02
4.489942193031311035e-01
1.669699907302856445e+00
2.033795565366744995e-01
5.818664431571960449e-01
4.083179682493209839e-02
1.776784774847328663e-03
6.068183779716491699e-01
4.839085787534713745e-02
2.101278491318225861e-02
1.583514213562011719e+00
1.622938960790634155e-01
2.086249878630042076e-03
2.206152491271495819e-02
3.649243852123618126e-03
2.152457833290100098e-01
9.642099961638450623e-03
2.206156492233276367e+00
6.383990645408630371e-01
5.989139676094055176e-01
1.178787127137184143e-01
1.922441571950912476e-01
1.075194954872131348e+00
8.846821188926696777e-01
1.326991803944110870e-02
9.453731775283813477e-02
8.646062016487121582e-02
5.371777415275573730e-01
3.198034362867474556e-03
5.009818077087402344e-01
1.020220816135406494e-01
1.538300514221191406e-01
3.531312346458435059e-01
1.477901358157396317e-02
1.285480614751577377e-02
1.503658145666122437e-01
2.745719432830810547e+00
1.511983394622802734e+00
1.645910263061523438e+00
2.564256906509399414e+00
3.895574435591697693e-02
1.000086739659309387e-01
1.532798647880554199e+00
5.793107300996780396e-02
1.626430898904800415e-01
3.173365443944931030e-02
2.984746992588043213e-01
4.751714706420898438e+00
1.977632753551006317e-03
1.457823382224887609e-04
2.124752283096313477e+00
1.265860348939895630e-02
2.530489444732666016e+00
3.456599116325378418e-01
1.290425300598144531e+00
3.422197103500366211e+00
1.275001287460327148e+00
3.304920494556427002e-01
2.192714018747210503e-03
2.264346368610858917e-02
7.914981991052627563e-02
3.667001426219940186e-02
8.074025623500347137e-03
1.909550483105704188e-04
5.129261612892150879e-01
1.626239418983459473e-01
1.230459511280059814e-01
1.077791303396224976e-01
6.121102254837751389e-03
6.045485287904739380e-02
2.947517633438110352e-01
1.548336893320083618e-01
7.270232588052749634e-02
3.008510172367095947e-01
3.613262176513671875e-01
2.525252401828765869e-01
1.154268067330121994e-02
2.801128625869750977e-01
3.920646384358406067e-02
2.776432335376739502e-01
4.443868994712829590e-01
1.117154061794281006e-01
2.083626687526702881e-01
1.273408234119415283e-01
4.974640160799026489e-02
1.821288955397903919e-03
1.086479052901268005e-03
8.053057789802551270e-01
2.582550281658768654e-03
4.376744478940963745e-02
4.259433224797248840e-02
8.946086466312408447e-02
1.477830950170755386e-02
3.038896061480045319e-02
3.199852108955383301e-01
9.434519335627555847e-03
2.644836716353893280e-02
3.432574681937694550e-03
5.766981840133666992e-02
3.809573411941528320e+00
7.357901930809020996e-01
5.453402996063232422e-01
2.664327621459960938e-02
8.986549973487854004e-01
2.500214338302612305e+00
1.419648677110671997e-01
6.176949664950370789e-02
1.003380343317985535e-01
3.050909042358398438e-01
4.437429457902908325e-02
3.254365324974060059e-01
1.392794013023376465e+00
1.789094805717468262e-01
2.239490509033203125e+00
1.001378655433654785e+00
6.610354175791144371e-04
9.395048618316650391e-01
9.056442417204380035e-03
9.419149905443191528e-02
2.466681897640228271e-01
8.739413022994995117e-01
3.406462967395782471e-01
2.425484918057918549e-02
4.356009513139724731e-02
2.894089370965957642e-02
4.352575924713164568e-04
2.664644122123718262e-01
5.325322151184082031e-01
1.485435990616679192e-03
2.146439790725708008e+00
2.646755194291472435e-03
1.303391158580780029e-01
1.801060047000646591e-03
1.616742461919784546e-01
1.000165104866027832e+00
2.267648698762059212e-03
1.140894889831542969e+00
1.143402829766273499e-01
5.838364828377962112e-03
1.457249283790588379e+00
2.822459302842617035e-02
5.300197005271911621e-01
1.587023973464965820e+00
3.182303905487060547e-02
1.387678384780883789e-01
6.024105548858642578e-01
3.418720960617065430e-01
3.782649040222167969e-01
9.846318513154983521e-02
3.975259661674499512e-01
1.994147151708602905e-01
1.041823183186352253e-03
1.029766321182250977e+00
1.797457486391067505e-01
1.667063713073730469e+00
7.641283273696899414e-01
3.624565154314041138e-02
1.605708599090576172e+00
4.958211183547973633e-01
2.486353972926735878e-03
8.842610404826700687e-04
2.768705785274505615e-02
6.008419673889875412e-03
1.668706417083740234e+00
5.167183876037597656e-01
7.205919623374938965e-01
1.656129583716392517e-02
1.050769612193107605e-01
1.288060913793742657e-03
2.491098083555698395e-02
8.561860024929046631e-02
2.898378074169158936e-01
5.113110542297363281e-01
6.347316503524780273e-02
1.673364080488681793e-02
1.311321277171373367e-02
2.632796578109264374e-02
6.609590649604797363e-01
1.887170076370239258e+00
6.397647261619567871e-01
2.583320736885070801e-01
5.822364706546068192e-03
5.807557702064514160e-01
4.015499353408813477e-01
3.763462230563163757e-02
1.221713066101074219e+00
1.041718497872352600e-01
7.986567169427871704e-02
9.715438485145568848e-01
3.247262477874755859e+00
2.004758222028613091e-03
6.557642817497253418e-01
5.265180468559265137e-01
2.764879353344440460e-02
2.696788497269153595e-02
9.813799262046813965e-01
1.995282411575317383e+00
1.879075169563293457e-01
1.647306955419480801e-03
8.911835029721260071e-03
2.649227678775787354e-01
9.821479022502899170e-02
9.416947513818740845e-02
4.795201122760772705e-02
2.715830225497484207e-03
6.878698617219924927e-02
1.979180723428726196e-01
3.294800519943237305e-01
3.111483156681060791e-01
3.057534396648406982e-01
1.633392088115215302e-02
5.015498399734497070e-02
1.994280964136123657e-01
2.793697640299797058e-03
4.532466828823089600e-02
2.047394752502441406e+00
4.053614735603332520e-01
2.303997240960597992e-02
1.082199960947036743e-01
1.670148074626922607e-01
1.808081746101379395e+00
5.781626701354980469e-01
5.802499055862426758e-01
6.876344680786132812e-01
6.448412537574768066e-01
3.397537395358085632e-02
5.454868450760841370e-02
2.795912027359008789e-01
7.720375657081604004e-01
2.703640162944793701e-01
1.369015662930905819e-03
2.355298202019184828e-04
1.549739688634872437e-01
5.191349387168884277e-01
6.797286216169595718e-03
1.883059442043304443e-01
7.193853612989187241e-03
8.559277653694152832e-02
1.021833896636962891e+00
6.097608804702758789e-01
7.729537487030029297e-01
4.191898740828037262e-03
3.747946023941040039e-01
7.441017031669616699e-02
2.949743159115314484e-02
1.613551378250122070e+00
2.310900539159774780e-01
9.801562130451202393e-02
7.385331392288208008e-01
1.247305199503898621e-01
4.936486780643463135e-01
1.985534548759460449e+00
5.833149328827857971e-02
4.543459713459014893e-01
8.923519402742385864e-02
2.741861939430236816e-01
2.736516296863555908e-03
2.280787229537963867e-01
4.127927720546722412e-01
1.256501954048871994e-02
3.870209679007530212e-02
3.655522763729095459e-01
2.651639655232429504e-02
2.047206014394760132e-01
1.760092973709106445e+00
9.955814480781555176e-01
5.708816647529602051e-01
1.161542087793350220e-01
7.867101812735199928e-04
1.317477703094482422e+00
1.032246425747871399e-01
5.278685688972473145e-01
1.542158126831054688e+00
8.650331757962703705e-03
3.434875607490539551e-02
1.015934497117996216e-01
1.403858661651611328e-01
3.386806845664978027e-01
4.370326101779937744e-01
3.288415446877479553e-02
6.060319021344184875e-03
4.317243993282318115e-01
2.562370300292968750e-01
1.870165392756462097e-02
5.777062773704528809e-01
8.341058492660522461e-01
2.035451978445053101e-01
1.400042474269866943e-01
6.685978919267654419e-02
1.633033971302211285e-04
1.731086224317550659e-01
1.004525184631347656e+00
1.323650870472192764e-02
2.196112088859081268e-02
5.097669363021850586e-01
2.772833779454231262e-02
6.223917752504348755e-02
1.134866237640380859e+00
8.544754981994628906e-02
1.177432946860790253e-02
4.083176255226135254e-01
1.790643669664859772e-02
3.784661531448364258e+00
8.017381653189659119e-03
3.163692653179168701e-01
1.238758087158203125e+00
3.712549107149243355e-03
7.447566390037536621e-01
4.649054244509898126e-05
1.516381651163101196e-01
3.458911553025245667e-02
8.442929983139038086e-01
1.716076880693435669e-01
3.255211710929870605e-01
7.097878307104110718e-02
9.110738337039947510e-02
4.920753650367259979e-03
1.810781657695770264e-02
9.067752957344055176e-02
1.277051568031311035e-01
2.560062408447265625e-01
4.083486557006835938e+00
2.772332429885864258e-01
1.970480233430862427e-01
1.299388885498046875e+00
2.696088552474975586e-01
4.025245085358619690e-02
3.758254647254943848e-01
1.966798901557922363e+00
1.892631500959396362e-01
7.686474323272705078e-01
1.158914864063262939e-01
1.194859072566032410e-01
8.116440474987030029e-02
1.873862557113170624e-02
3.105761110782623291e-01
4.822456464171409607e-02
4.633844494819641113e-01
4.460316300392150879e-01
8.534587174654006958e-02
5.229629874229431152e-01
1.901620626449584961e+00
1.440264135599136353e-01
4.997681975364685059e-01
7.292402386665344238e-01
8.261871933937072754e-01
1.322402238845825195e+00
1.591751426458358765e-01
5.082822218537330627e-02
9.388463571667671204e-03
2.640610560774803162e-02
2.147847563028335571e-01
4.153810068964958191e-02
9.702209383249282837e-02
1.322084516286849976e-01
1.278631210327148438e+00
1.641425304114818573e-02
1.872211933135986328e+00
1.516886234283447266e+00
3.059558942914009094e-02
6.161206364631652832e-01
3.312579169869422913e-02
6.191855669021606445e-01
5.888495128601789474e-03
1.372191190719604492e+00
7.307262421818450093e-05
1.101569533348083496e+00
5.884718894958496094e-02
8.422095328569412231e-03
5.039066821336746216e-02
5.462050437927246094e-01
1.686597108840942383e+00
4.505482967942953110e-03
2.472376376390457153e-01
2.973143942654132843e-02
4.589618742465972900e-02
1.199307367205619812e-01
1.475000102072954178e-02
2.048651695251464844e+00
6.221162155270576477e-02
1.328534185886383057e-01
2.564374685287475586e+00
1.790153384208679199e-01
4.504894018173217773e-01
1.539860218763351440e-01
8.510383218526840210e-02
1.144371747970581055e+00
3.844799399375915527e-01
4.168875813484191895e-01
3.025123849511146545e-03
3.087472941842861474e-05
5.991651862859725952e-02
1.735957711935043335e-01
7.614769786596298218e-02
5.865989923477172852e-01
9.443134814500808716e-02
8.771893382072448730e-02
2.509482145309448242e+00
1.230832636356353760e-01
1.293199062347412109e-01
1.779188990592956543e+00
2.325385510921478271e-01
9.481980651617050171e-02
7.063866257667541504e-01
8.295908919535577297e-04
1.624071002006530762e-01
2.116943448781967163e-01
6.229294463992118835e-02
5.270104110240936279e-02
5.910836532711982727e-02
3.785697743296623230e-02
9.040257893502712250e-03
4.793536365032196045e-01
9.651565551757812500e-02
6.988776922225952148e-01
2.536801993846893311e-01
3.761957585811614990e-01
3.671363890171051025e-01
3.795626759529113770e-01
2.495959848165512085e-01
4.625228419899940491e-02
1.261947751045227051e-01
6.135407686233520508e-01
1.331132650375366211e-02
1.278012543916702271e-01
1.754195541143417358e-01
1.003408312797546387e+00
1.003000652417540550e-03
3.418022766709327698e-02
1.087223663926124573e-01
7.350832223892211914e-02
1.205287218093872070e+00
1.280066836625337601e-02
1.681159622967243195e-02
5.149358510971069336e-01
2.039371579885482788e-01
1.260998751968145370e-02
2.492854446172714233e-01
5.373290181159973145e-02
3.233895301818847656e-01
2.416926920413970947e-01
1.150358915328979492e+00
1.524450480937957764e-01
3.008720651268959045e-02
4.103553295135498047e-01
2.463752462062984705e-04
1.247975587844848633e+00
1.852356269955635071e-02
1.262858696281909943e-02
5.835480093955993652e-01
1.134056091308593750e+00
2.434840947389602661e-01
6.392980925738811493e-03
3.095717355608940125e-02
5.357022164389491081e-04
4.725656509399414062e-01
1.388780713081359863e+00
3.855239152908325195e-01
9.805135428905487061e-03
8.426593542098999023e-01
7.920125126838684082e-02
3.221777379512786865e-01
1.013639450073242188e+00
7.555998563766479492e-01
3.185292482376098633e-01
4.463467001914978027e-01
2.695105314254760742e+00
6.923002004623413086e-02
2.556594908237457275e-01
2.946073934435844421e-02
1.587267778813838959e-02
1.239082291722297668e-01
7.390658371150493622e-03
3.306319122202694416e-04
6.005519628524780273e-01
1.149848941713571548e-02
4.664763400796800852e-04
4.333135485649108887e-02
8.607867956161499023e-01
8.564763702452182770e-03
4.603877365589141846e-01
4.003681242465972900e-02
1.311033248901367188e+00
4.463027045130729675e-02
1.829492926597595215e+00
3.465663194656372070e-01
8.955668658018112183e-03
3.462189733982086182e-01
1.103790163993835449e+00
7.900585234165191650e-02
4.666384458541870117e-01
2.333110719919204712e-01
1.397276401519775391e+00
8.092641085386276245e-02
4.200427055358886719e+00
1.320817619562149048e-01
1.336223930120468140e-01
9.570869207382202148e-01
6.970256101340055466e-03
1.203677505254745483e-01
1.316362470388412476e-01
8.733513355255126953e-01
1.289857029914855957e-01
8.380187153816223145e-01
3.263417747803032398e-04
1.595070362091064453e-01
5.440001189708709717e-02
1.623974181711673737e-02
4.290511012077331543e-01
8.845668286085128784e-03
1.041707769036293030e-01
1.202900707721710205e-01
1.664023293415084481e-04
1.824576854705810547e-01
1.408646821975708008e+00
2.454487532377243042e-01
6.245481371879577637e-01
3.418442308902740479e-01
5.139717459678649902e-02
4.495279192924499512e-01
3.942548856139183044e-02
2.443785592913627625e-02
6.103495508432388306e-02
1.501959562301635742e-01
3.036883845925331116e-02
4.031519964337348938e-02
1.737430691719055176e-01
1.079155683517456055e+00
1.726994663476943970e-02
8.982229828834533691e-01
1.974053531885147095e-01
9.526243666186928749e-04
1.094971895217895508e-01
3.190353810787200928e-01
7.464673519134521484e-01
7.430149614810943604e-02
4.471738815307617188e+00
2.335392951965332031e+00
3.204484283924102783e-02
3.758441507816314697e-01
3.426679759286344051e-04
1.541810929775238037e-01
2.019108772277832031e+00
2.780004441738128662e-01
6.325733661651611328e-02
3.958764970302581787e-01
4.729070067405700684e-01
7.113474607467651367e-01
2.806349098682403564e-02
6.836033612489700317e-02
1.208696603775024414e+00
1.898182183504104614e-01
3.382542431354522705e-01
5.342117547988891602e-01
1.936527639627456665e-01
2.083032429218292236e-01
6.145469546318054199e-01
2.405281305313110352e+00
7.722900509834289551e-01
9.272841736674308777e-03
2.748736552894115448e-02
7.277964353561401367e-01
1.046117320656776428e-01
3.500401079654693604e-01
1.420684009790420532e-01
6.095330417156219482e-02
3.062703646719455719e-02
1.471628202125430107e-03
1.874798536300659180e-02
8.247868716716766357e-02
3.995604515075683594e-01
3.301911652088165283e-01
4.077950716018676758e-01
2.150494337081909180e+00
8.393923193216323853e-02
2.018009690800681710e-04
8.300731331110000610e-02
3.863609861582517624e-03
2.430057525634765625e-02
7.494902703911066055e-03
1.564916491508483887e+00
1.179379448294639587e-01
7.942144293338060379e-04
2.159810513257980347e-01
1.180190476588904858e-03
2.520767413079738617e-02
1.580938816070556641e+00
7.823205739259719849e-02
1.951448172330856323e-01
1.377156525850296021e-01
2.661205083131790161e-02
7.705942541360855103e-02
2.041085809469223022e-02
5.036187171936035156e-01
3.004226982593536377e-01
2.670351602137088776e-02
3.460846468806266785e-02
1.862423658370971680e+00
2.578805387020111084e-01
1.490210462361574173e-02
4.841436818242073059e-02
1.803227424621582031e+00
4.356402754783630371e-01
3.631074130535125732e-01
1.243736222386360168e-01
1.434933543205261230e-01
6.796196103096008301e-04
8.144278079271316528e-02
1.043655052781105042e-01
3.139399588108062744e-01
6.092883348464965820e-01
2.503041028976440430e-01
2.694956958293914795e-01
1.074451953172683716e-03
2.893502116203308105e-01
8.157676458358764648e-01
3.302522003650665283e-02
9.478635787963867188e-01
1.679722368717193604e-01
7.474012672901153564e-04
6.537967324256896973e-01
4.525027051568031311e-02
6.324901580810546875e-01
5.087739229202270508e-02
2.523663043975830078e-01
1.198719628155231476e-02
2.105014427797868848e-04
5.302531644701957703e-03
1.467764005064964294e-02
6.511474400758743286e-02
3.397984206676483154e-01
4.917741566896438599e-02
9.153373837471008301e-01
2.854692339897155762e-01
2.117919623851776123e-01
9.835887467488646507e-04
1.772038340568542480e+00
1.360255002975463867e+00
9.015669822692871094e-01
8.463109135627746582e-01
1.669964380562305450e-02
5.235729813575744629e-01
1.828624010086059570e+00
6.343423575162887573e-02
1.477631181478500366e-02
5.707458779215812683e-02
7.519345879554748535e-01
1.219789870083332062e-02
1.893538087606430054e-01
4.748200774192810059e-01
2.695955634117126465e-01
2.641167026013135910e-03
1.720964759588241577e-01
1.048945903778076172e+00
1.729572378098964691e-02
1.501367241144180298e-02
1.427811384201049805e+00
4.334193170070648193e-01
1.029822349548339844e+00
3.895757719874382019e-02
3.375711292028427124e-02
2.822170257568359375e-01
5.093065500259399414e-01
7.938737981021404266e-03
7.641808688640594482e-02
2.575204968452453613e-01
3.906008899211883545e-01
1.017230987548828125e+00
2.694399654865264893e-01
8.148048073053359985e-03
1.489925384521484375e-01
1.320482492446899414e+00
1.103062182664871216e-01
1.205768942832946777e+00
1.765945553779602051e-02
2.323310589417815208e-03
1.015576943755149841e-01
5.218818187713623047e-01
6.410440802574157715e-02
2.668883204460144043e-01
1.301437169313430786e-01
1.693822145462036133e+00
1.236722897738218307e-02
1.028878092765808105e+00
4.852039813995361328e-01
4.908208176493644714e-02
1.413210868835449219e+00
2.871822714805603027e-01
7.746888399124145508e-01
1.761296093463897705e-01
1.459015329601243138e-04
2.789458449115045369e-05
1.780226230621337891e+00
6.713400483131408691e-01
1.016643047332763672e-01
1.102683171629905701e-01
4.996907431632280350e-03
1.620608009397983551e-02
5.376679450273513794e-02
2.072024792432785034e-01
6.461501121520996094e-02
8.317154645919799805e-02
1.119487434625625610e-01
8.653329014778137207e-01
1.624877378344535828e-02
7.989539206027984619e-02
2.523778080940246582e-01
2.000132799148559570e-01
5.907027050852775574e-02
2.440196514129638672e+00
2.141845822334289551e-01
2.414888585917651653e-04
7.028742134571075439e-02
9.031372666358947754e-01
5.739340558648109436e-02
6.770858453819528222e-05
1.434942722320556641e+00
1.332354694604873657e-01
4.652700945734977722e-02
2.537771463394165039e-01
3.489239141345024109e-02
2.410976886749267578e-01
6.881151199340820312e-01
2.284863948822021484e+00
1.054558306932449341e-01
1.478373259305953979e-01
2.778503485023975372e-02
9.653936326503753662e-02
1.018930133432149887e-02
8.106247782707214355e-01
9.930871427059173584e-02
5.739538669586181641e-01
2.379165440797805786e-01
1.796369254589080811e-02
2.672437429428100586e-01
3.624854683876037598e-01
1.642515882849693298e-02
1.423581391572952271e-01
1.385681913234293461e-03
5.912735313177108765e-02
6.775500252842903137e-03
8.463704027235507965e-03
2.250226020812988281e+00
1.833800077438354492e+00
3.053213596343994141e+00
7.678746581077575684e-01
8.772878907620906830e-03
2.825053930282592773e-01
6.028919015079736710e-03
3.500259160995483398e+00
9.356569051742553711e-01
3.332120776176452637e-01
4.304088354110717773e-01
3.855502009391784668e-01
1.112636029720306396e-01
7.417426705360412598e-01
3.083962760865688324e-02
6.801904179155826569e-03
4.665058851242065430e-01
2.282606624066829681e-02
8.684365153312683105e-01
6.893779151141643524e-03
1.184551492333412170e-01
1.768089294433593750e+00
1.054461747407913208e-01
1.166973845101892948e-03
2.794056236743927002e-01
5.946832522749900818e-02
7.073810100555419922e-01
1.153860688209533691e+00
3.329657614231109619e-01
5.031206011772155762e-01
7.510990500450134277e-01
2.211269922554492950e-03
2.959429621696472168e-01
1.684875600039958954e-02
6.310773547738790512e-03
3.875682055950164795e-01
2.125387080013751984e-03
9.711567312479019165e-02
2.703831717371940613e-02
3.272292315959930420e-01
8.023155480623245239e-02
7.765698712319135666e-03
1.945976540446281433e-02
2.286137081682682037e-02
6.806639954447746277e-03
2.573300600051879883e+00
2.470882982015609741e-01
2.500139474868774414e-01
5.648603662848472595e-03
1.636298149824142456e-01
2.033707052469253540e-01
2.788601517677307129e-01
1.688251271843910217e-02
2.693105936050415039e-01
1.083082437515258789e+00
8.355521559715270996e-01
1.880595386028289795e-01
5.681046843528747559e-01
6.271221637725830078e-01
1.283566951751708984e-01
4.454248026013374329e-02
2.242146492004394531e+00
8.637380599975585938e-01
1.490393161773681641e+00
5.117390751838684082e-01
4.194503128528594971e-01
1.914893537759780884e-01
1.915865987539291382e-01
3.964847698807716370e-02
4.541785642504692078e-02
7.494940161705017090e-01
2.770340815186500549e-02
3.563393652439117432e-01
1.082988381385803223e-01
2.838394165039062500e+00
3.174039593432098627e-04
1.120538264513015747e-01
1.853070221841335297e-02
9.699667245149612427e-02
8.140135556459426880e-02
1.708474010229110718e-01
1.175956726074218750e+00
7.107971310615539551e-01
3.431946933269500732e-01
8.489353582262992859e-03
6.512357294559478760e-02
2.911276221275329590e-01
2.222257852554321289e+00
7.993149012327194214e-02
8.267151117324829102e-01
1.621862873435020447e-02
1.664351224899291992e-01
1.751986742019653320e-01
5.798762440681457520e-01
5.127011239528656006e-02
2.297858707606792450e-03
4.619797468185424805e-01
1.622766070067882538e-02
9.112440347671508789e-01
1.524437069892883301e-01
2.135649695992469788e-02
1.630243182182312012e+00
1.385276205837726593e-02
5.237785633653402328e-03
2.888275682926177979e-02
2.118362337350845337e-01
2.976232171058654785e-01
3.439940279349684715e-03
3.107600212097167969e+00
3.529986599460244179e-03
4.180582523345947266e+00
6.777558922767639160e-01
6.862907321192324162e-04
1.688685081899166107e-02
2.033205032348632812e+00
3.657493591308593750e-01
6.913668476045131683e-03
3.529387712478637695e-01
1.830410718917846680e+00
1.848529726266860962e-01
3.927245140075683594e-01
4.322778284549713135e-01
2.303031235933303833e-01
5.540869385004043579e-02
6.747763603925704956e-02
3.928445279598236084e-03
6.439886055886745453e-03
3.108115196228027344e-01
1.420583575963973999e-01
1.192318871617317200e-01
4.638754129409790039e-01
1.609909981489181519e-01
4.378695413470268250e-02
1.356491073966026306e-02
1.532534211874008179e-01
2.338612830499187112e-04
1.656726896762847900e-01
2.773359775543212891e+00
7.733234167098999023e-01
1.497198268771171570e-02
8.542883396148681641e-02
1.167205050587654114e-01
8.106173574924468994e-02
1.411549746990203857e-01
1.566631197929382324e+00
1.573128253221511841e-02
1.660252451896667480e+00
3.139776736497879028e-02
1.258959770202636719e+00
7.782613392919301987e-03
6.516871508210897446e-03
3.931344449520111084e-01
5.765401124954223633e-01
1.096201613545417786e-01
1.662343740463256836e-02
5.697470903396606445e-02
6.514937430620193481e-02
8.497342467308044434e-02
3.358058691024780273e+00
1.000287771224975586e+00
9.224019199609756470e-02
9.441237449645996094e-01
8.899135589599609375e-01
6.217196583747863770e-02
2.425605058670043945e-01
8.743754005990922451e-04
1.027374744415283203e+00
3.206516802310943604e-01
1.653360009193420410e+00
5.561717152595520020e-01
3.466005437076091766e-04
4.736062884330749512e-01
6.828662473708391190e-03
5.889478921890258789e-01
9.899536371231079102e-01
5.495531111955642700e-02
1.197746157646179199e+00
1.837633922696113586e-02
1.501805633306503296e-01
1.289006352424621582e+00
9.172374010086059570e-01
1.121620740741491318e-02
5.442575216293334961e-01
1.731785297393798828e+00
7.880159020423889160e-01
8.985213190317153931e-02
3.765636589378118515e-03
3.958723973482847214e-03
4.973097518086433411e-02
1.460856385529041290e-02
4.243141785264015198e-02
7.526425761170685291e-04
2.572163939476013184e-01
3.993109613656997681e-02
5.411955135059542954e-05
9.641210436820983887e-01
2.360382378101348877e-01
4.268044948577880859e+00
1.886645406484603882e-01
1.998610019683837891e+00
2.057705260813236237e-02
3.387162685394287109e-01
4.332562386989593506e-01
1.821006387472152710e-01
1.753021180629730225e-01
1.935412526130676270e+00
1.488096453249454498e-02
6.366524100303649902e-02
4.536917805671691895e-01
2.544587850570678711e+00
2.961748242378234863e-01
5.140419304370880127e-02
1.869502961635589600e-01
1.110876679420471191e+00
1.421333551406860352e+00
2.905055880546569824e-02
1.128716766834259033e-02
1.343657374382019043e+00
7.815168797969818115e-02
1.902659535408020020e-01
2.034196376800537109e+00
1.141774177551269531e+00
4.727615043520927429e-03
8.110108971595764160e-02
3.942663595080375671e-02
2.187718171626329422e-03
6.365624070167541504e-01
5.417723953723907471e-02
9.438469409942626953e-01
6.936635356396436691e-03
2.190789699554443359e+00
8.223128505051136017e-03
6.556138992309570312e-01
4.085972160100936890e-02
1.034077405929565430e+00
1.135999991674907506e-04
2.312130993232131004e-03
3.339678049087524414e-01
1.173806548118591309e+00
5.234332084655761719e-01
7.051163911819458008e-02
4.960065484046936035e-01
2.473210334777832031e+00
1.542080640792846680e-01
1.106145977973937988e-01
6.608453392982482910e-01
7.755755782127380371e-01
1.419529438018798828e+00
9.847522377967834473e-01
4.514610171318054199e-01
1.608516454696655273e+00
1.738533824682235718e-01
1.118633672595024109e-01
2.687059575691819191e-03
4.212588667869567871e-01
2.880156598985195160e-02
1.190906623378396034e-03
3.815615475177764893e-01
2.790513038635253906e+00
1.884510397911071777e+00
3.266477491706609726e-03
4.744596080854535103e-04
8.994301781058311462e-03
2.692831493914127350e-02
6.599011421203613281e-01
1.694055318832397461e+00
5.300754904747009277e-01
1.302532911300659180e+00
8.086308836936950684e-01
2.150469720363616943e-01
3.392115533351898193e-01
1.852414846420288086e+00
5.055976100265979767e-03
4.567398726940155029e-01
7.268303632736206055e-02
9.200894832611083984e-02
2.350902650505304337e-03
2.186788022518157959e-01
9.250470399856567383e-01
9.081377983093261719e-01
4.399383440613746643e-03
1.693600863218307495e-01
1.325674261897802353e-02
2.363484725356101990e-02
1.267895400524139404e-01
3.462356090545654297e+00
1.276650000363588333e-04
3.582339048385620117e+00
8.481230139732360840e-01
2.815378084778785706e-02
3.285981714725494385e-02
1.160200595855712891e+00
1.729971170425415039e-01
1.749821305274963379e-01
1.540708392858505249e-01
7.188935577869415283e-02
1.321448534727096558e-01
2.014414966106414795e-01
9.573233127593994141e-02
1.270654559135437012e+00
5.665838122367858887e-01
4.858273863792419434e-01
1.535423994064331055e-01
5.499590653926134109e-03
2.600197792053222656e+00
1.063898950815200806e-01
2.184889167547225952e-01
2.069536149501800537e-01
4.859185777604579926e-03
2.283662259578704834e-01
8.966056108474731445e-01
1.679283976554870605e-01
1.021632365882396698e-02
5.380339622497558594e-01
3.620541095733642578e-02
5.578520521521568298e-02
5.054708197712898254e-02
1.629335805773735046e-03
5.448235273361206055e-01
6.261955499649047852e-01
5.506689846515655518e-02
7.576485276222229004e-01
1.780711696483194828e-03
6.009850278496742249e-02
6.027788622304797173e-04
1.015611560433171690e-04
3.661393374204635620e-02
7.714663147926330566e-01
3.127262830734252930e+00
8.407086133956909180e-02
2.865745425224304199e-01
2.463544011116027832e-01
1.736013740301132202e-01
1.080875277519226074e+00
2.430674247443675995e-02
7.233566641807556152e-01
4.670899827033281326e-03
4.403207898139953613e-01
9.902493953704833984e-01
8.725759387016296387e-01
9.453786164522171021e-02
8.599696159362792969e-01
2.444664835929870605e-01
1.065364480018615723e-02
3.925243914127349854e-01
1.003440618515014648e+00
1.260586857795715332e+00
6.406620144844055176e-01
2.733989953994750977e+00
4.287786185741424561e-01
1.426501721143722534e-01
6.497803609818220139e-03
2.587610185146331787e-01
4.797311127185821533e-01
3.422320485115051270e-01
1.169547960162162781e-01
1.575981527566909790e-01
1.064621284604072571e-01
1.116844010539352894e-03
4.144601225852966309e-01
9.561201333999633789e-01
1.506663300096988678e-02
4.139645993709564209e-01
2.984026968479156494e-01
7.898407988250255585e-03
1.328379940241575241e-02
3.208455443382263184e-02
2.808632329106330872e-02
8.340626209974288940e-02
1.282584387809038162e-03
3.830715781077742577e-03
1.568818807601928711e+00
5.655763670802116394e-02
2.670797824859619141e+00
1.000630259513854980e+00
1.362455040216445923e-01
3.187184631824493408e-01
5.519058904610574245e-04
2.711312612518668175e-03
2.263153046369552612e-01
3.325798809528350830e-01
8.465236425399780273e-01
1.723610013723373413e-01
4.173096418380737305e-01
2.916489727795124054e-03
1.890043467283248901e-01
5.421664938330650330e-02
3.124697506427764893e-01
1.712355017662048340e-01
1.531866341829299927e-01
7.333271503448486328e-01
9.443844556808471680e-01
2.083176523447036743e-01
3.893010318279266357e-01
2.498540580272674561e-01
5.399790033698081970e-02
4.884495213627815247e-02
3.281833231449127197e-01
1.769927516579627991e-02
2.701923370361328125e+00
3.959359601140022278e-02
6.703287959098815918e-01
3.113255798816680908e-01
1.912482678890228271e-01
6.935574929229915142e-04
2.997906878590583801e-03
5.136059597134590149e-02
1.485664099454879761e-01
1.643016636371612549e-01
4.799502491950988770e-01
2.102037332952022552e-02
1.063299059867858887e+00
2.149507254362106323e-01
1.926533341407775879e+00
1.434078693389892578e+00
1.878451704978942871e-01
2.123099863529205322e-01
6.918125748634338379e-01
3.490540012717247009e-02
2.335329167544841766e-02
3.950921893119812012e-01
1.271980702877044678e-01
1.452162489295005798e-02
1.363896648399531841e-03
1.006184592843055725e-01
3.827985748648643494e-02
2.168947644531726837e-02
1.855811178684234619e-01
5.780394375324249268e-02
1.927081681787967682e-02
9.263199567794799805e-02
2.413581497967243195e-02
1.504748463630676270e-01
5.131575465202331543e-01
2.664810121059417725e-01
3.278715768828988075e-03
3.286956548690795898e+00
6.611195802688598633e-01
1.270471066236495972e-01
4.953374620527029037e-03
2.098695755004882812e+00
7.181398868560791016e-01
1.644767373800277710e-01
2.038395404815673828e-01
5.329048633575439453e-01
1.090990845113992691e-02
2.827220363542437553e-03
1.289346665143966675e-01
2.629555225372314453e+00
1.369505375623703003e-01
2.903747372329235077e-02
1.957213431596755981e-01
3.965505063533782959e-01
2.589308917522430420e-01
4.802897274494171143e-01
4.820853646378964186e-04
4.702798128128051758e-01
3.003098629415035248e-02
5.861648917198181152e-01
7.521997671574354172e-03
5.009124521166086197e-03
2.174351960420608521e-01
8.560273051261901855e-02
8.950994815677404404e-04
7.308466434478759766e-01
5.676456168293952942e-02
9.587379693984985352e-01
3.302956819534301758e-01
9.346407605335116386e-04
1.329805612564086914e+00
1.884701550006866455e-01
1.977561041712760925e-02
3.025074256584048271e-04
6.119800731539726257e-02
1.515000220388174057e-02
5.400987342000007629e-02
3.231068374589085579e-03
7.157075405120849609e-01
4.170110225677490234e-01
1.453826785087585449e+00
8.008157834410667419e-03
5.985622480511665344e-02
6.930172443389892578e-01
1.122217699885368347e-01
1.215077005326747894e-03
9.828761965036392212e-02
8.150343596935272217e-02
6.484775076387450099e-05
1.450436413288116455e-01
1.378790289163589478e-01
1.532341260462999344e-02
5.722996592521667480e-01
2.983258366584777832e-01
5.922194719314575195e-01
3.944762349128723145e-01
2.402024567127227783e-01
5.703711509704589844e-01
8.375962972640991211e-01
1.582010984420776367e-01
8.628433346748352051e-01
1.395560353994369507e-01
3.019200265407562256e-02
3.524406254291534424e-01
2.621904760599136353e-02
1.621825456619262695e+00
2.189030200242996216e-01
2.379088429734110832e-03
1.256925705820322037e-02
1.915833652019500732e-01
5.575056420639157295e-04
9.818002581596374512e-03
3.140995800495147705e-01
3.288784623146057129e-02
7.359673380851745605e-01
2.246247529983520508e-01
1.120530813932418823e-01
3.386597847566008568e-03
4.955747164785861969e-03
1.051504909992218018e-02
3.204592227935791016e+00
5.804885551333427429e-02
2.898415565490722656e+00
9.956104680895805359e-03
5.683202669024467468e-02
1.312015056610107422e+00
6.429658830165863037e-02
8.833322525024414062e-01
1.920056045055389404e-01
5.355831235647201538e-04
4.304627329111099243e-02
1.360447108745574951e-01
1.166027877479791641e-02
8.182455785572528839e-03
3.182381624355912209e-04
3.372599184513092041e-02
3.173710346221923828e+00
7.025937438011169434e-01
4.524331912398338318e-02
1.811415255069732666e-01
2.894618781283497810e-03
3.856118023395538330e-01
4.602894186973571777e-02
1.005453523248434067e-02
1.818004623055458069e-02
2.342339791357517242e-02
5.587810277938842773e-02
1.768502444028854370e-01
2.121699508279561996e-03
5.690139904618263245e-02
1.910329163074493408e-01
1.218070462346076965e-02
1.171930879354476929e-02
1.500596106052398682e-01
4.383111000061035156e-02
9.777328372001647949e-02
5.402002334594726562e-01
2.964499592781066895e-01
1.353179693222045898e+00
5.443692579865455627e-02
1.663016504608094692e-03
8.536633849143981934e-02
5.247395634651184082e-01
2.868206501007080078e-01
4.962621927261352539e-01
6.646786350756883621e-03
3.182837463100440800e-05
9.843732118606567383e-01
8.533955812454223633e-01
1.646209716796875000e+00
7.089189291000366211e-01
6.738405227661132812e-01
1.020506722852587700e-03
4.979324294254183769e-04
1.262313365936279297e+00
1.387219190597534180e+00
1.926039338111877441e+00
1.823348104953765869e-01
1.554540097713470459e-01
6.587930023670196533e-03
1.090931892395019531e-02
7.293585538864135742e-01
8.411596417427062988e-01
3.339684903621673584e-01
1.299307867884635925e-02
1.784487128257751465e+00
1.834239244461059570e+00
3.600001335144042969e+00
9.427403211593627930e-01
6.123098428361117840e-04
3.632780909538269043e-01
2.224185019731521606e-01
5.725675076246261597e-02
6.596930325031280518e-03
1.737668178975582123e-02
1.659118533134460449e-01
6.205321475863456726e-02
9.994804859161376953e-02
8.052756637334823608e-02
7.229075431823730469e-01
4.111070632934570312e-01
1.600361056625843048e-02
5.463793873786926270e-01
2.567810416221618652e-01
2.911378629505634308e-03
5.980431437492370605e-01
9.706089273095130920e-03
9.061077982187271118e-02
4.734047651290893555e-01
4.309377446770668030e-02
3.886324763298034668e-01
8.632776886224746704e-02
6.344689172692596912e-04
7.293663173913955688e-02
1.129456534981727600e-01
3.975822124630212784e-03
2.537841498851776123e-01
4.671758115291595459e-01
1.443568468093872070e+00
3.323384374380111694e-02
1.045991084538400173e-03
4.469091817736625671e-02
1.796457469463348389e-01
3.479491472244262695e-01
6.300230510532855988e-03
3.281142711639404297e-01
1.145421876572072506e-03
9.749916195869445801e-01
1.314059257507324219e+00
7.930545210838317871e-01
1.400218065828084946e-02
4.639561176300048828e+00
4.555443301796913147e-03
4.398575723171234131e-01
7.949834316968917847e-02
7.186195254325866699e-02
2.186896324157714844e+00
2.124083985108882189e-04
3.386376202106475830e-01
2.538534641265869141e+00
1.584995150566101074e+00
1.848418847657740116e-03
5.950584262609481812e-02
4.354868084192276001e-02
1.522949058562517166e-02
2.181325256824493408e-01
1.036554798483848572e-01
1.362930387258529663e-01
8.907665312290191650e-02
3.191348612308502197e-01
6.311607360839843750e-01
2.358256280422210693e-01
9.625107795000076294e-02
6.895663142204284668e-01
5.766036361455917358e-02
7.058274932205677032e-04
3.729657828807830811e-02
2.080899775028228760e-01
5.284780859947204590e-01
3.488661050796508789e-01
5.377662181854248047e-02
8.383558131754398346e-03
1.747629954479634762e-03
3.722482621669769287e-01
1.884017325937747955e-02
4.880589991807937622e-02
2.604811489582061768e-01
1.882765628397464752e-02
3.563714325428009033e-01
2.719126343727111816e-01
1.548155099153518677e-01
3.319644629955291748e-01
1.266252845525741577e-01
1.431125760078430176e+00
1.510471940040588379e+00
5.315898656845092773e-01
2.308876514434814453e-01
4.127922534942626953e+00
3.058678507804870605e-01
5.562385916709899902e-01
7.715278863906860352e-02
2.852398455142974854e-01
3.996288869529962540e-04
1.928392410278320312e+00
1.489116668701171875e+00
1.006788730621337891e+00
2.285057753324508667e-01
1.118473242968320847e-02
2.139801830053329468e-01
2.759974077343940735e-02
1.058311238884925842e-01
1.973401427268981934e+00
7.830834984779357910e-01
7.866388559341430664e-01
1.055994391441345215e+00
1.387080311775207520e+00
1.469232421368360519e-02
4.980742186307907104e-02
5.304602384567260742e-01
1.203749142587184906e-02
2.375558979110792279e-04
8.758578300476074219e-01
8.157702684402465820e-01
1.885718226432800293e+00
1.204956555739045143e-03
7.394641041755676270e-01
9.249937720596790314e-04
8.760944008827209473e-03
2.269530057907104492e+00
2.079730182886123657e-01
7.537928819656372070e-01
8.155023679137229919e-03
7.219342589378356934e-01
1.749863289296627045e-02
2.620978951454162598e-01
1.154997721314430237e-01
1.770942360162734985e-01
1.478464752435684204e-01
5.209566354751586914e-01
4.864215254783630371e-01
7.220283732749521732e-04
1.137132763862609863e+00
2.574948072433471680e-01
1.671547070145606995e-02
1.360333561897277832e+00
7.757459580898284912e-02
5.249094963073730469e-01
4.813065826892852783e-01
2.994089154526591301e-04
7.523381710052490234e-01
4.500453472137451172e-01
4.734558463096618652e-01
2.250815182924270630e-02
5.067278146743774414e-01
7.848043460398912430e-04
1.107649326324462891e+00
8.567155897617340088e-02
4.400382936000823975e-01
3.818839788436889648e-01
3.586821854114532471e-01
1.380010545253753662e-01
1.592289470136165619e-02
1.172280535101890564e-01
1.359587609767913818e-01
1.217660784721374512e+00
3.546182513236999512e-01
2.915790557861328125e+00
9.377480484545230865e-03
1.083727553486824036e-01
2.429231442511081696e-02
3.087042365223169327e-03
2.797116339206695557e-01
1.771076202392578125e+00
2.644936144351959229e-01
1.012914180755615234e+00
6.567306071519851685e-02
1.009949855506420135e-02
8.033701777458190918e-01
5.531767383217811584e-02
1.619347482919692993e-01
1.120563894510269165e-01
7.781769335269927979e-02
3.562487289309501648e-02
3.499102592468261719e-01
1.533223390579223633e-01
5.037226080894470215e-01
2.565546512603759766e+00
2.643246017396450043e-02
2.927351742982864380e-04
4.808553457260131836e-01
3.242048025131225586e-01
7.942225784063339233e-02
2.972472226247191429e-03
1.001809723675251007e-03
1.057341769337654114e-01
6.869928538799285889e-02
1.347842216491699219e-01
1.157455189968459308e-04
2.410092651844024658e-01
3.561502099037170410e-01
1.891507804393768311e-01
1.412353038787841797e+00
6.665107607841491699e-01
5.665170028805732727e-02
3.627602815628051758e+00
2.503300905227661133e-01
8.911861181259155273e-01
2.337716519832611084e-02
9.527508914470672607e-02
1.670798659324645996e-01
3.037712872028350830e-01
4.151737689971923828e-01
1.991737075150012970e-02
6.386584602296352386e-03
2.306911796331405640e-01
7.171060889959335327e-02
4.873846098780632019e-02
3.529097884893417358e-02
8.230458945035934448e-03
4.661188868340104818e-04
1.209155190736055374e-02
1.137578561902046204e-01
3.760121345520019531e+00
2.596679329872131348e-02
5.099641084671020508e-01
1.361522823572158813e-01
2.622975967824459076e-03
2.862960398197174072e-01
4.139324426651000977e-01
1.426268219947814941e-01
5.507976412773132324e-01
4.153585433959960938e-01
2.308463901281356812e-01
7.669098973274230957e-01
5.551400780677795410e-01
7.570704817771911621e-02
1.642682850360870361e-01
7.876409217715263367e-03
4.771711304783821106e-02
6.769579835236072540e-03
9.690153598785400391e-01
4.534557461738586426e-03
1.190923154354095459e-01
1.374788396060466766e-02
1.414087563753128052e-01
1.703892648220062256e-01
3.625357449054718018e-01
9.815523400902748108e-03
5.470544099807739258e-03
4.005253612995147705e-01
1.870727092027664185e-01
4.641468524932861328e-01
1.179844513535499573e-01
1.275681257247924805e-01
1.652337908744812012e+00
8.235413432121276855e-01
1.581141591072082520e+00
1.478086352348327637e+00
1.477114390581846237e-02
2.018867880105972290e-01
5.411319136619567871e-01
4.221460223197937012e-01
4.020631313323974609e-01
1.476962417364120483e-01
5.123155593872070312e+00
5.209310256759636104e-05
3.806845983490347862e-03
6.135011790320277214e-04
5.305703878402709961e-01
2.635618112981319427e-02
6.737990677356719971e-02
1.240891724592074752e-04
8.519239425659179688e-01
3.579504787921905518e-01
1.976380683481693268e-02
9.388109669089317322e-03
3.640680611133575439e-01
3.673480153083801270e-01
1.411891281604766846e-01
4.096090495586395264e-01
2.113960266113281250e+00
5.350999832153320312e-01
7.120239734649658203e-02
1.007352352142333984e+00
1.008510123938322067e-02
2.348491251468658447e-01
5.875086039304733276e-02
2.247646301984786987e-01
2.134482935070991516e-02
6.871639750897884369e-03
2.506050094962120056e-02
4.217521250247955322e-01
1.331078559160232544e-01
7.681205868721008301e-02
1.659981906414031982e-01
6.415007114410400391e-01
4.205944836139678955e-01
1.520460005849599838e-02
1.995835453271865845e-03
2.061079740524291992e-01
2.676003985106945038e-02
1.557750999927520752e-01
5.728861093521118164e-01
1.676975786685943604e-01
1.845573663711547852e+00
1.099339569918811321e-03
1.897235773503780365e-02
7.461063098162412643e-03
6.411058902740478516e-01
1.537583023309707642e-01
1.039572000503540039e+00
1.999531537294387817e-01
3.549988985061645508e+00
5.860651135444641113e-01
6.381327509880065918e-01
8.925154805183410645e-02
7.777054328471422195e-03
1.832984328269958496e+00
1.437259018421173096e-01
8.336406317539513111e-04
4.032813943922519684e-03
6.926995515823364258e-02
5.942630171775817871e-01
3.376192152500152588e-01
6.967888679355382919e-03
1.153999567031860352e+00
1.276110410690307617e-01
4.100538790225982666e-02
3.280406892299652100e-01
1.651760458946228027e+00
1.209719106554985046e-03
2.337192557752132416e-02
7.047963887453079224e-02
6.442257761955261230e-01
3.533203005790710449e-01
2.841247245669364929e-03
2.920864224433898926e-01
3.444958627223968506e-01
5.703532099723815918e-01
2.004431188106536865e-01
6.656160950660705566e-01
1.374410986900329590e+00
6.021086499094963074e-02
7.736074039712548256e-04
2.751624397933483124e-02
3.738362714648246765e-02
6.258071064949035645e-01
1.518826633691787720e-01
1.015045881271362305e+00
1.931171755131799728e-05
2.096776217222213745e-01
3.890609741210937500e-01
1.691662147641181946e-02
2.328569650650024414e+00
3.130314648151397705e-01
5.806720349937677383e-03
1.252195090055465698e-01
2.489900402724742889e-02
2.220036983489990234e+00
1.170505210757255554e-02
1.230629205703735352e+00
2.844961881637573242e-01
7.812137156724929810e-02
2.045802306383848190e-03
8.781269192695617676e-03
3.582817614078521729e-01
1.017747402191162109e+00
2.549149654805660248e-02
1.589652746915817261e-01
8.691081404685974121e-01
1.152567267417907715e+00
2.489966452121734619e-01
1.359870731830596924e-01
1.355552673339843750e-01
5.694002378731966019e-03
8.837106823921203613e-02
2.154998928308486938e-01
4.246043786406517029e-02
7.654975634068250656e-03
1.792747061699628830e-04
2.634266316890716553e-01
2.252027392387390137e-02
1.952231116592884064e-02
3.383753001689910889e-01
1.147566884756088257e-01
8.860121965408325195e-01
1.066383361816406250e+00
1.207685545086860657e-01
1.489226818084716797e-01
2.466457337141036987e-01
6.482450962066650391e-01
3.018408119678497314e-01
2.828126214444637299e-02
5.983455479145050049e-02
5.070782303810119629e-01
3.740933956578373909e-03
6.326717883348464966e-02
7.413481175899505615e-02
9.712780714035034180e-01
2.330601029098033905e-02
7.670607417821884155e-02
3.815115690231323242e-01
2.148239910602569580e-01
2.986943721771240234e-01
3.929471969604492188e-02
4.410149753093719482e-01
5.007731914520263672e-02
8.329527080059051514e-02
1.228837966918945312e+00
4.986172318458557129e-01
1.076248407363891602e+00
2.733684778213500977e-01
1.765953898429870605e+00
4.605078697204589844e-01
2.804547786712646484e+00
7.406890392303466797e-01
8.129540085792541504e-01
3.375184237957000732e-01
7.772749066352844238e-01
1.697029352188110352e+00
2.213425338268280029e-01
3.195619881153106689e-01
4.443173110485076904e-01
1.637297309935092926e-02
2.363940328359603882e-01
3.823599815368652344e-01
1.072236075997352600e-01
2.730988860130310059e-01
1.166254505515098572e-01
1.560508012771606445e-01
5.222415328025817871e-01
2.164417952299118042e-01
5.985668394714593887e-03
3.600672259926795959e-02
5.161660164594650269e-02
6.972870826721191406e-01
1.438728690147399902e+00
9.101668000221252441e-01
9.972937405109405518e-02
7.332242131233215332e-01
3.097891807556152344e-01
2.039847820997238159e-01
1.329910755157470703e-01
3.825527727603912354e-01
9.970573186874389648e-01
4.512026160955429077e-02
5.887775868177413940e-02
3.133151913061738014e-03
4.657683372497558594e-01
1.064646244049072266e+00
2.425170876085758209e-02
2.454807460308074951e-01
3.858741139993071556e-03
6.555568575859069824e-01
2.301108092069625854e-01
4.951481223106384277e-01
1.017750147730112076e-02
2.199217230081558228e-01
1.878879498690366745e-03
1.807714439928531647e-02
5.501559972763061523e-01
1.750407814979553223e-01
2.793864719569683075e-02
3.928409814834594727e-01
6.010938882827758789e-01
9.625194221735000610e-02
1.247221946716308594e+00
4.325676709413528442e-03
3.929395228624343872e-03
2.828599512577056885e-01
1.723596639931201935e-02
3.778497278690338135e-01
1.089537292718887329e-01
4.045755136758089066e-03
2.179098427295684814e-01
7.837226986885070801e-02
4.046505689620971680e-01
5.869544297456741333e-02
3.761537664104253054e-04
2.987142801284790039e-01
1.453818976879119873e-01
6.621465086936950684e-01
3.807649314403533936e-01
1.866028993390500546e-03
1.035093784332275391e+00
5.186314880847930908e-02
1.316340416669845581e-01
6.594866863451898098e-04
4.058074057102203369e-01
9.341750144958496094e-01
5.722213070839643478e-03
1.361007839441299438e-01
2.255947291851043701e-01
2.613403499126434326e-01
1.069781258702278137e-01
8.161763548851013184e-01
3.985231816768646240e-01
2.291445285081863403e-01
7.059068679809570312e-01
1.092481017112731934e-01
1.028616666793823242e+00
7.030217051506042480e-01
9.892123937606811523e-02
1.251060247421264648e+00
4.727514386177062988e-01
1.038889169692993164e+00
7.298927754163742065e-02
4.589303135871887207e-01
1.454500481486320496e-02
3.301134407520294189e-01
2.447270154953002930e-01
7.027479410171508789e-01
2.693114280700683594e+00
2.144565880298614502e-01
2.948628962039947510e-01
7.407516837120056152e-01
5.571879819035530090e-02
1.932390406727790833e-02
1.020268537104129791e-03
1.818857938051223755e-01
4.233446437865495682e-03
2.093290090560913086e-01
1.647240668535232544e-01
2.999524474143981934e-01
1.121695995330810547e+00
5.215965677052736282e-03
6.803680211305618286e-03
2.886029720306396484e+00
3.425036966800689697e-01
1.242959350347518921e-01
5.590196847915649414e-01
3.953916579484939575e-02
2.269790649414062500e+00
8.330559730529785156e-01
7.642324566841125488e-01
3.575234413146972656e-01
6.659136414527893066e-01
3.051292151212692261e-04
3.134496212005615234e-01
1.973933130502700806e-01
6.163604557514190674e-04
1.156443834304809570e+00
1.050006784498691559e-02
4.124678671360015869e-02
1.584659665822982788e-01
8.438133001327514648e-01
7.441421039402484894e-03
7.423317059874534607e-03
2.110152840614318848e-01
1.504625380039215088e-01
3.715815246105194092e-01
1.096600783057510853e-03
8.208811879158020020e-01
1.035103797912597656e-01
3.926426637917757034e-03
8.629295043647289276e-03
6.050815433263778687e-02
9.653048217296600342e-02
1.517935656011104584e-02
3.898910805583000183e-02
1.348752435296773911e-02
6.051669362932443619e-03
1.723409175872802734e+00
1.408954558428376913e-04
3.715783357620239258e-02
2.797169387340545654e-01
1.642712205648422241e-01
2.076338827610015869e-01
6.373484134674072266e-01
1.956703662872314453e-01
1.425780892372131348e+00
1.051256805658340454e-01
1.379938423633575439e-02
1.374759823083877563e-01
5.163811147212982178e-02
4.524846673011779785e-01
3.135005384683609009e-02
1.065448597073554993e-01
6.793734151870012283e-03
5.023253336548805237e-02
3.381570279598236084e-01
7.801063656806945801e-01
8.168537914752960205e-02
7.038398087024688721e-02
4.190231859683990479e-01
2.728877365589141846e-01
4.494155943393707275e-01
7.191542536020278931e-02
9.841626286506652832e-01
2.759858220815658569e-02
7.026819884777069092e-02
1.708643734455108643e-01
8.362467885017395020e-01
5.482520535588264465e-02
1.600701361894607544e-02
1.070028662681579590e+00
1.514941547065973282e-02
2.232419490814208984e+00
7.537501454353332520e-01
1.593260020017623901e-01
1.040642964653670788e-04
1.207541674375534058e-02
8.752235770225524902e-02
2.669931564014405012e-04
1.455166578292846680e+00
1.124846458435058594e+00
8.011239767074584961e-02
1.935750246047973633e+00
9.771845303475856781e-03
1.080592870712280273e+00
3.876821100711822510e-01
4.125062376260757446e-03
4.103787541389465332e-01
1.249318048357963562e-01
4.630568623542785645e-01
5.082927346229553223e-01
1.384612202644348145e+00
3.419185876846313477e-01
8.267263174057006836e-01
8.517249487340450287e-03
1.198825705796480179e-02
5.473571419715881348e-01
4.573361948132514954e-03
1.244005709886550903e-01
7.258982062339782715e-01
8.949498832225799561e-02
2.353994874283671379e-03
1.224004507064819336e+00
5.120937228202819824e-01
1.913800835609436035e-01
1.796853840351104736e-01
1.583797216415405273e+00
4.614661335945129395e-01
1.676107640378177166e-03
4.794376492500305176e-01
1.803683519363403320e+00
7.673210501670837402e-01
5.704722553491592407e-02
6.657813191413879395e-01
1.026991844177246094e+00
6.481934189796447754e-01
1.534835994243621826e-01
5.586813092231750488e-01
3.941810727119445801e-01
3.506365120410919189e-01
2.194015830755233765e-01
7.801277190446853638e-02
2.299381345510482788e-01
2.520763576030731201e-01
4.321117997169494629e-01
4.024592339992523193e-01
1.614593505859375000e+00
9.309251904487609863e-01
4.360656738281250000e-01
1.707824133336544037e-02
8.736607851460576057e-04
2.966950833797454834e-01
8.333906531333923340e-03
1.601691544055938721e-01
3.412308543920516968e-02
1.519450265914201736e-02
7.291372865438461304e-03
2.902577817440032959e-02
4.152533113956451416e-01
1.941929459571838379e-01
2.137331813573837280e-01
6.549265235662460327e-02
4.007593691349029541e-01
4.558669328689575195e-01
1.062939047813415527e+00
1.392648518085479736e-01
1.450461626052856445e+00
2.414523512125015259e-01
2.990970909595489502e-01
2.685071527957916260e-01
9.214239716529846191e-01
7.721146941184997559e-01
2.013575471937656403e-02
5.655617266893386841e-02
2.111570835113525391e-01
1.336589008569717407e-01
4.634572565555572510e-02
2.569344639778137207e-02
5.414900928735733032e-02
9.870625138282775879e-01
1.274835109710693359e+00
2.120315469801425934e-02
8.965161442756652832e-02
3.238726258277893066e-01
5.878824591636657715e-01
2.500905990600585938e+00
1.948394626379013062e-01
3.423308255150914192e-03
1.078044995665550232e-01
1.134299039840698242e-01
1.693350076675415039e-02
6.280862689018249512e-01
9.842319414019584656e-03
2.677791118621826172e+00
5.881291031837463379e-01
4.718256741762161255e-02
2.608397483825683594e+00
3.160453140735626221e-01
9.176570773124694824e-01
2.416861355304718018e-01
3.341794013977050781e-01
1.810150504112243652e+00
5.160938482731580734e-03
6.719673871994018555e-01
3.041405929252505302e-03
4.577091336250305176e-01
1.494596242904663086e+00
2.167624235153198242e-01
2.290498316287994385e-01
1.335237920284271240e-02
2.807962708175182343e-03
1.208526730537414551e+00
6.076171621680259705e-02
1.116219013929367065e-01
9.907132387161254883e-02
1.717061042785644531e+00
1.099954605102539062e+00
9.526364803314208984e-01
4.437645897269248962e-02
5.498879123479127884e-03
4.330687224864959717e-01
9.783782064914703369e-02
4.753907918930053711e-01
5.030818581581115723e-01
1.089222077280282974e-02
2.707196950912475586e+00
3.498384058475494385e-01
1.176351010799407959e-01
1.434599012136459351e-01
4.450337216258049011e-02
2.348508238792419434e-01
1.343894936144351959e-02
9.886736869812011719e-01
2.670280933380126953e-01
3.930853605270385742e-01
1.573891006410121918e-02
1.223315596580505371e-01
2.758615911006927490e-01
4.549047946929931641e-01
7.074952009133994579e-04
3.202955722808837891e-01
4.700307846069335938e-01
1.249968260526657104e-02
6.469779182225465775e-04
1.664554029703140259e-01
4.497880339622497559e-01
2.279250882565975189e-02
4.980204105377197266e-01
2.559363842010498047e-02
7.445421814918518066e-02
6.371311843395233154e-02
6.675574928522109985e-02
1.576166152954101562e+00
1.059955060482025146e-01
1.303719729185104370e-01
2.444611489772796631e-02
6.066845655441284180e-01
2.224347144365310669e-01
4.736457765102386475e-01
3.427585121244192123e-03
3.695451095700263977e-02
1.506956852972507477e-02
1.948824405670166016e+00
9.879022240638732910e-01
2.055225849151611328e+00
1.236494064331054688e+00
4.214532375335693359e-01
3.175575518980622292e-03
8.855395019054412842e-02
1.472747027873992920e-01
2.338605374097824097e-01
4.027145728468894958e-02
2.081480622291564941e-01
1.033302664756774902e+00
7.588188052177429199e-01
5.926746502518653870e-02
3.338880836963653564e-01
1.832236186601221561e-03
7.929425835609436035e-01
1.803919315338134766e+00
1.666416406631469727e+00
1.576403081417083740e-01
1.061274856328964233e-01
9.374764747917652130e-03
1.086012050509452820e-01
8.442413527518510818e-04
2.046283334493637085e-02
1.221941471099853516e+00
2.632526874542236328e+00
8.754960894584655762e-01
5.130196809768676758e-01
1.168942928314208984e+00
1.545036673545837402e+00
1.137086772359907627e-03
1.550468653440475464e-01
1.051777124404907227e+00
6.661579827778041363e-04
8.130630105733871460e-02
6.837277412414550781e-01
6.739743351936340332e-01
2.339081764221191406e+00
7.756583690643310547e-01
2.140136808156967163e-01
2.967207506299018860e-02
5.629140138626098633e-02
4.595008790493011475e-01
1.144828647375106812e-01
5.389277935028076172e-01
2.372786588966846466e-02
5.177754759788513184e-01
6.136149168014526367e-03
1.016516014933586121e-01
4.015421867370605469e-01
7.477573305368423462e-02
8.278921842575073242e-01
2.352773025631904602e-02
7.139987498521804810e-02
2.328165620565414429e-01
4.037645459175109863e-02
1.715914309024810791e-01
1.304064644500613213e-04
1.829352021217346191e+00
1.933887042105197906e-02
5.367675423622131348e-02
1.105929724872112274e-02
2.399067860096693039e-03
9.895482659339904785e-02
7.332200650125741959e-03
4.726309794932603836e-03
4.732194900512695312e+00
3.773656487464904785e-02
5.805324018001556396e-02
8.386432309634983540e-04
8.871246874332427979e-02
1.063051700592041016e+00
2.098453603684902191e-02
5.548968315124511719e-01
4.789738655090332031e-01
2.236419543623924255e-02
8.887183666229248047e-02
1.187473416328430176e+00
1.672430515289306641e+00
2.191783338785171509e-01
1.874682009220123291e-01
1.721862517297267914e-02
1.056911587715148926e+00
4.193883240222930908e-01
1.914405263960361481e-02
1.248002145439386368e-02
5.026239752769470215e-01
1.763427257537841797e-02
6.742571294307708740e-02
3.282433986663818359e+00
8.075345307588577271e-02
9.814451914280653000e-04
6.922192405909299850e-03
3.284419188275933266e-03
4.344721511006355286e-02
1.566136721521615982e-03
5.826057791709899902e-01
3.052570581436157227e+00
2.706201374530792236e-01
1.151583641767501831e-01
1.702109575271606445e+00
4.721150398254394531e+00
6.105228094384074211e-04
4.272224605083465576e-01
3.260811865329742432e-01
7.542203664779663086e-01
6.444741971790790558e-03
1.691439561545848846e-02
1.801747798919677734e+00
1.122886836528778076e-01
1.916446685791015625e-01
1.102352380752563477e+00
1.867804765701293945e+00
7.068271283060312271e-03
8.282122761011123657e-02
8.690111637115478516e-01
1.626451164484024048e-01
4.914999008178710938e-01
3.422423899173736572e-01
1.920919120311737061e-02
2.411669045686721802e-01
3.764168620109558105e-01
1.655312627553939819e-01
3.388973884284496307e-03
6.246371776796877384e-05
6.551951169967651367e-01
1.683227717876434326e-01
5.902544260025024414e-01
4.904016852378845215e-01
4.992548227310180664e-01
1.948653720319271088e-02
4.379088282585144043e-01
1.378809958696365356e-01
8.179804086685180664e-01
3.294281721115112305e+00
1.201741746626794338e-03
1.297026157379150391e+00
1.019182085990905762e+00
4.513717293739318848e-01
1.123542152345180511e-02
3.165265619754791260e-01
7.597896456718444824e-01
1.910049468278884888e-01
3.040017783641815186e-01
1.500055342912673950e-01
2.555765807628631592e-01
5.084322765469551086e-03
1.894832253456115723e-01
1.216007351875305176e+00
5.278522372245788574e-01
9.782809019088745117e-02
7.837679237127304077e-02
1.166216358542442322e-01
3.431446675676852465e-04
4.284485876560211182e-01
1.791207790374755859e+00
2.492574751377105713e-01
1.308554291725158691e+00
8.547527790069580078e-01
2.733744680881500244e-01
1.185809168964624405e-02
7.663335800170898438e-01
1.386666744947433472e-01
2.405947446823120117e-02
6.202919175848364830e-04
2.760149240493774414e-01
3.186770379543304443e-01
2.410427853465080261e-02
4.865897297859191895e-01
7.361066341400146484e-02
3.354249298572540283e-01
1.539179533720016479e-01
6.258800029754638672e-01
1.341991825029253960e-03
5.202779769897460938e-01
1.654488005442544818e-04
1.170661449432373047e-01
3.002549648284912109e+00
7.733069062232971191e-01
1.404405593872070312e+00
5.299887433648109436e-02
3.058468699455261230e-01
7.238679379224777222e-02
1.339203268289566040e-01
7.287779450416564941e-01
1.325413465499877930e+00
3.936273753643035889e-01
3.105908036231994629e-01
3.436366021633148193e-01
2.761600306257605553e-03
4.511388018727302551e-02
1.679541915655136108e-02
1.254076242446899414e+00
1.359671950340270996e-01
1.006009578704833984e+00
2.183003164827823639e-02
3.079405725002288818e-01
1.007792830467224121e+00
1.560125127434730530e-02
1.066935300827026367e+00
4.484952427446842194e-03
1.530867069959640503e-01
1.374073028564453125e-01
2.714220583438873291e-01
1.874989420175552368e-01
6.938766222447156906e-03
1.299813855439424515e-02
4.245518147945404053e-02
9.390807151794433594e-01
7.484253961592912674e-03
4.615910293068736792e-04
6.034027934074401855e-01
7.280700802803039551e-01
1.790799200534820557e-01
2.119796117767691612e-03
1.760566228767856956e-04
2.971186935901641846e-01
7.002870440483093262e-01
9.824057817459106445e-01
1.669764667749404907e-01
8.380470871925354004e-01
1.686504855751991272e-02
2.178652584552764893e-02
2.880816906690597534e-02
1.358733326196670532e-01
2.128797054290771484e+00
1.663712263107299805e-01
7.186935544013977051e-01
5.506442785263061523e-01
1.025698557496070862e-01
2.262843027710914612e-02
1.169970035552978516e-01
8.157806992530822754e-01
1.784083247184753418e+00
2.203895244747400284e-03
9.349728003144264221e-03
4.519960843026638031e-03
2.900587558746337891e+00
1.606835842132568359e+00
1.589505910873413086e+00
9.599649906158447266e-02
3.673384487628936768e-01
5.852110385894775391e-01
1.144416108727455139e-01
8.897271752357482910e-02
3.656256198883056641e-02
7.422606926411390305e-03
1.692172586917877197e-01
2.628806233406066895e-01
6.026129722595214844e-01
2.920694351196289062e+00
8.648179769515991211e-01
3.006366789340972900e-01
4.108651578426361084e-01
4.570988472551107407e-03
9.565783143043518066e-01
1.958630681037902832e-01
5.850348472595214844e-01
8.524627089500427246e-01
4.618841409683227539e-01
2.986765205860137939e-01
1.347768306732177734e-01
2.991964342072606087e-03
9.117670357227325439e-02
1.446630689315497875e-03
1.877522021532058716e-01
9.786603914108127356e-05
1.623317480087280273e+00
1.069964282214641571e-02
2.921596765518188477e-01
5.793085438199341297e-04
2.697310596704483032e-02
4.198113679885864258e-01
1.771473512053489685e-02
1.943065226078033447e-01
4.160773456096649170e-01
9.421151876449584961e-01
7.233387441374361515e-04
4.315241873264312744e-01
2.699320018291473389e-01
5.666792020201683044e-02
5.070062279701232910e-01
3.483275696635246277e-02
6.578574422746896744e-03
2.362064272165298462e-02
1.025417566299438477e+00
7.599060237407684326e-02
1.707714200019836426e-01
4.578168392181396484e-01
2.215158343315124512e-01
6.147532463073730469e-01
2.976212999783456326e-04
1.053722575306892395e-02
9.053450822830200195e-01
6.414185166358947754e-01
3.399957120418548584e-01
1.692904531955718994e-02
3.543618321418762207e-01
1.347927749156951904e-01
7.262511849403381348e-01
5.270735025405883789e-01
9.729912877082824707e-02
3.467478975653648376e-02
2.565789222717285156e-02
8.854816108942031860e-02
1.013161018490791321e-01
3.351424634456634521e-02
3.027663230895996094e-01
8.376121520996093750e-01
6.716899871826171875e-01
3.833565860986709595e-03
1.303066760301589966e-01
6.669784188270568848e-01
3.530818037688732147e-03
1.213333606719970703e+00
2.437062859535217285e-01
6.783840060234069824e-01
1.676020741462707520e+00
7.014170289039611816e-01
3.922342881560325623e-02
1.685386449098587036e-01
2.382727265357971191e-01
2.834391593933105469e-01
1.226311802864074707e+00
4.640972912311553955e-01
3.114115446805953979e-02
5.865800380706787109e-01
1.526025533676147461e-01
2.585272304713726044e-02
2.589565468952059746e-03
1.096667349338531494e-01
1.082261562347412109e+00
1.684019900858402252e-02
9.085645079612731934e-01
1.108462736010551453e-01
1.088798567652702332e-01
7.724446654319763184e-01
1.079865321516990662e-01
4.574735835194587708e-02
3.687408566474914551e-02
2.233085185289382935e-01
1.085404604673385620e-01
1.118795648217201233e-01
2.645090688019990921e-03
4.345166683197021484e-01
7.669414579868316650e-02
7.347319126129150391e-01
3.194386363029479980e-01
8.264146745204925537e-02
3.749485127627849579e-03
3.505471944808959961e-01
7.101698219776153564e-02
4.875306487083435059e-01
8.268056437373161316e-03
3.027033507823944092e-01
1.778865307569503784e-01
1.060710996389389038e-01
1.835750699043273926e+00
3.571609407663345337e-02
1.085188612341880798e-01
9.617831557989120483e-02
5.663222074508666992e-01
9.758505821228027344e-01
4.186740145087242126e-02
2.392714656889438629e-02
4.184053465723991394e-02
2.583553083240985870e-02
1.054302573204040527e+00
1.188461333513259888e-01
7.129749283194541931e-04
1.951482892036437988e-02
5.404511094093322754e-01
2.573884427547454834e-01
9.120805859565734863e-01
5.413120985031127930e-01
4.705417528748512268e-02
3.641452267765998840e-02
2.674901485443115234e-02
1.654032707214355469e+00
2.247959561645984650e-02
1.394834518432617188e-01
1.015478968620300293e-01
3.373404443264007568e-01
2.586009740829467773e+00
8.586499840021133423e-02
5.478627234697341919e-02
1.080775931477546692e-01
4.809051454067230225e-01
1.258726883679628372e-02
1.335190888494253159e-02
5.247065052390098572e-02
1.079665273427963257e-01
8.471708297729492188e-01
8.940799534320831299e-02
2.053979784250259399e-02
1.073137402534484863e+00
9.490871429443359375e-02
1.335649490356445312e+00
2.303484641015529633e-02
4.710261821746826172e-01
1.483934670686721802e-01
4.855598509311676025e-02
3.235593065619468689e-02
1.755480051040649414e+00
2.126761913299560547e+00
8.524837493896484375e-01
6.695873141288757324e-01
1.757259070873260498e-01
6.795656681060791016e-02
9.441987872123718262e-01
8.187640458345413208e-02
3.512583374977111816e-01
1.638145565986633301e+00
3.243957161903381348e-01
5.036258101463317871e-01
5.414573475718498230e-02
9.672562032938003540e-02
2.771105989813804626e-02
1.174811005592346191e+00
1.933131515979766846e-01
1.060220971703529358e-01
4.313088208436965942e-02
3.436639010906219482e-01
3.003342747688293457e-01
5.635682959109544754e-03
8.510376214981079102e-01
3.695626556873321533e-01
5.630334466695785522e-02
1.809423603117465973e-02
3.764862939715385437e-02
2.911097109317779541e-01
2.957297861576080322e-01
8.606943488121032715e-01
3.826588988304138184e-01
3.411496877670288086e-01
3.228097688406705856e-03
8.081612586975097656e-01
2.352717816829681396e-01
8.781977929174900055e-03
1.127847790718078613e+00
4.220241010189056396e-01
1.932568550109863281e-01
1.120194435119628906e+00
5.631491541862487793e-01
2.086102403700351715e-02
6.137354373931884766e-01
4.627004861831665039e-01
3.011320114135742188e+00
3.056444823741912842e-01
8.441526442766189575e-02
2.381999194622039795e-01
1.788932234048843384e-01
4.921821411699056625e-03
3.301552205812186003e-04
2.240682840347290039e-01
2.679330110549926758e-01
2.315953373908996582e-01
2.624002695083618164e-01
1.580181298777461052e-03
7.974746823310852051e-02
1.258772797882556915e-03
6.788472086191177368e-02
3.082277253270149231e-04
1.049718737602233887e+00
1.557677030563354492e+00
2.759579336270689964e-03
8.228449150919914246e-03
4.187206625938415527e-01
3.386111855506896973e-01
2.195360809564590454e-01
2.616288959980010986e-01
2.434408850967884064e-02
1.805399209260940552e-01
6.381602883338928223e-01
1.748242020606994629e+00
1.197635054588317871e+00
1.795824267901480198e-03
9.676226377487182617e-01
5.508021265268325806e-02
2.144657773897051811e-03
1.483823657035827637e-01
2.248344197869300842e-02
6.616943981498479843e-03
2.721536904573440552e-03
2.557172298431396484e+00
3.445919752120971680e-01
9.866694808006286621e-01
2.758582495152950287e-02
1.708611726760864258e+00
2.269448190927505493e-01
5.181401968002319336e-01
2.817562222480773926e-01
1.957456469535827637e-01
1.430780172348022461e+00
2.415129169821739197e-02
6.374772787094116211e-01
1.535762786865234375e+00
2.473527193069458008e-02
1.571696624159812927e-02
1.247108697891235352e+00
1.428857147693634033e-01
4.388621330261230469e+00
6.198841929435729980e-01
4.509117007255554199e-01
8.625941723585128784e-02
3.291605114936828613e-01
2.636059187352657318e-02
1.048913896083831787e-01
1.365815550088882446e-01
5.114567279815673828e-01
5.644691642373800278e-03
1.548931151628494263e-01
1.528126560151576996e-02
4.367575049400329590e-03
4.371951892971992493e-02
7.097341418266296387e-01
8.383859992027282715e-01
2.621010504662990570e-02
6.489936113357543945e-01
5.496532917022705078e-01
1.258439719676971436e-01
9.384212084114551544e-03
5.796662345528602600e-02
9.896983206272125244e-02
7.309335470199584961e-01
5.742366313934326172e-01
9.145481139421463013e-02
1.486031222157180309e-03
8.833018364384770393e-05
2.664398550987243652e-01
3.244608640670776367e-01
7.317251563072204590e-01
2.069382742047309875e-02
8.012765645980834961e-01
1.959794908761978149e-01
1.286513172090053558e-03
1.141191720962524414e+00
5.611976608633995056e-02
6.083362177014350891e-02
8.026918172836303711e-01
1.798442099243402481e-03
7.382436394691467285e-01
1.120590493083000183e-01
1.892878115177154541e-01
3.410649672150611877e-02
3.941981587558984756e-03
7.426511961966753006e-03
2.523313760757446289e-01
6.388933062553405762e-01
3.337854650453664362e-06
3.958212137222290039e-01
6.988304257392883301e-01
1.504967927932739258e+00
4.228937923908233643e-01
4.403138756752014160e-01
6.991605758666992188e-01
2.329075336456298828e-02
3.295406699180603027e-01
1.622544527053833008e+00
3.513347625732421875e+00
1.297799497842788696e-01
2.124225161969661713e-02
8.830699953250586987e-04
6.679251194000244141e-01
6.620758175849914551e-01
4.120196402072906494e-01
3.816869854927062988e-01
2.183831296861171722e-02
9.264231473207473755e-02
8.676333427429199219e-01
1.436793524771928787e-02
1.017106056213378906e+00
2.478229552507400513e-01
2.505984604358673096e-01
6.601430475711822510e-03
3.641268610954284668e-01
2.306601256132125854e-01
6.670956611633300781e-01
3.731897100806236267e-02
1.011403322219848633e+00
1.290673166513442993e-01
9.770041704177856445e-02
1.213517904281616211e+00
2.837200462818145752e-01
5.140748023986816406e-01
1.312105059623718262e-01
4.068737328052520752e-01
6.778335571289062500e-02
6.275387108325958252e-02
2.229989618062973022e-01
4.748259205371141434e-03
1.470952033996582031e+00
1.736534833908081055e-01
4.926421940326690674e-01
7.140907645225524902e-01
5.395972728729248047e-02
1.495859492570161819e-02
1.013504743576049805e+00
1.032785028219223022e-01
5.248221103101968765e-03
5.886448621749877930e-01
1.294966088607907295e-03
1.081507802009582520e-01
4.885640460997819901e-03
4.869575202465057373e-01
1.121384382247924805e+00
3.327389359474182129e-01
7.415146231651306152e-01
3.567720055580139160e-01
2.007803693413734436e-02
1.178055763244628906e+00
2.376374304294586182e-01
4.563917517662048340e-01
2.105014427797868848e-04
5.626737475395202637e-01
2.815891802310943604e-01
1.648621201515197754e+00
9.153715968132019043e-01
2.160268463194370270e-02
2.313378006219863892e-01
9.748235344886779785e-03
8.820976316928863525e-02
7.838628292083740234e-01
1.127138733863830566e+00
6.491665244102478027e-01
1.270076990127563477e+00
5.124270543456077576e-02
1.139389201998710632e-01
1.453467130661010742e+00
6.165641173720359802e-02
1.024673104286193848e+00
1.712994813919067383e+00
4.224398732185363770e-01
4.423048719763755798e-02
5.592828989028930664e-01
7.561554014682769775e-02
4.584710299968719482e-01
2.156895846128463745e-01
4.569613635540008545e-01
7.807087898254394531e-02
7.685835361480712891e-01
3.732873126864433289e-02
7.843883708119392395e-03
4.190017282962799072e-01
1.435406878590583801e-02
9.625093080103397369e-04
3.860878758132457733e-03
7.972916588187217712e-03
1.362382173538208008e-01
2.971402602270245552e-03
4.845957085490226746e-02
2.164806425571441650e-02
2.099679559469223022e-01
1.947241187095642090e+00
3.971275985240936279e-01
4.672806859016418457e-01
4.960792660713195801e-01
7.021236419677734375e-01
3.487800434231758118e-02
1.792997568845748901e-01
5.030710697174072266e-01
1.627822965383529663e-01
9.769839234650135040e-03
1.535755246877670288e-01
2.711344063282012939e-01
1.926736712455749512e+00
2.004808634519577026e-01
9.212940931320190430e-02
5.329083800315856934e-01
4.939086735248565674e-02
8.205555081367492676e-01
1.287959218025207520e-01
8.902233839035034180e-02
2.077173471450805664e+00
2.181545272469520569e-02
3.586647566407918930e-03
7.162028551101684570e-02
6.914880275726318359e-01
1.854538768529891968e-01
3.246787562966346741e-02
1.906654238700866699e-01
2.717497646808624268e-01
6.883873939514160156e-01
1.308776438236236572e-03
3.577947244048118591e-02
3.231512308120727539e-01
3.997588157653808594e-02
1.045725420117378235e-01
7.815881981514394283e-04
7.806161791086196899e-02
1.388791389763355255e-02
1.333034634590148926e+00
4.567292332649230957e-01
7.566969841718673706e-02
2.259615957736968994e-01
6.401607394218444824e-02
1.583088874816894531e+00
4.235099852085113525e-01
7.797142118215560913e-02
3.880702704191207886e-02
6.955599784851074219e-02
3.758438229560852051e-01
6.743779522366821766e-04
4.123111441731452942e-02
6.136912107467651367e-01
6.709349751472473145e-01
2.945573329925537109e-01
5.328618921339511871e-03
1.809942126274108887e-01
1.460562739521265030e-02
4.681371897459030151e-02
8.009357750415802002e-02
9.185684919357299805e-01
4.560825824737548828e-01
9.940159320831298828e-01
5.353540182113647461e-01
3.140757326036691666e-03
1.807270944118499756e-01
1.000885963439941406e-01
5.607944447547197342e-03
1.672606229782104492e+00
4.211898893117904663e-02
4.967153668403625488e-01
5.677593871951103210e-02
1.253686666488647461e+00
2.355718798935413361e-02
1.689206957817077637e-01
1.070471107959747314e-01
6.448358297348022461e-02
3.954684361815452576e-02
3.975903615355491638e-02
3.956703543663024902e-01
7.907059788703918457e-01
7.136686705052852631e-03
1.105984807014465332e+00
5.945639610290527344e-01
1.938251545652747154e-03
1.309252693317830563e-03
8.528364300727844238e-01
2.861224412918090820e-01
1.138872816227376461e-03
8.262265324592590332e-01
2.377675846219062805e-02
7.059617340564727783e-02
3.596629798412322998e-01
5.918285250663757324e-01
2.121930837631225586e+00
9.963393807411193848e-01
3.796916902065277100e-01
1.132430061697959900e-01
4.299126863479614258e-01
1.111967802047729492e+00
3.992950022220611572e-01
1.121408939361572266e-01
9.817670583724975586e-01
2.985952980816364288e-02
3.371271537616848946e-03
2.654840005561709404e-03
7.677626013755798340e-01
6.277974462136626244e-04
8.051238954067230225e-02
1.739136874675750732e-01
6.607599854469299316e-01
5.774716377258300781e+00
8.382858941331505775e-04
3.747029304504394531e+00
1.465643495321273804e-01
1.177430897951126099e-01
2.371168509125709534e-02
4.981415271759033203e-01
3.178648054599761963e-01
7.991285324096679688e-01
1.068974658846855164e-01
8.807288855314254761e-02
2.162228338420391083e-02
1.405554823577404022e-02
5.194010958075523376e-02
4.377360641956329346e-02
2.106771469116210938e+00
4.103090241551399231e-02
6.672029197216033936e-02
8.912908434867858887e-01
2.209219336509704590e-02
2.771280765533447266e+00
1.643141498789191246e-03
5.375853776931762695e-01
5.041397809982299805e-01
1.900523602962493896e-01
1.971471682190895081e-02
3.395287394523620605e-01
5.911033367738127708e-04
8.689786493778228760e-02
3.560148477554321289e-01
2.255414575338363647e-01
3.336676359176635742e-01
1.148237511515617371e-01
5.095477029681205750e-02
1.403179883956909180e+00
1.111961126327514648e+00
1.771191833540797234e-03
5.604032427072525024e-03
8.129790425300598145e-01
6.842724233865737915e-02
1.796062220819294453e-03
3.629898428916931152e-01
4.379032850265502930e-01
9.361892007291316986e-03
1.062971591949462891e+00
9.870234131813049316e-02
1.758642435073852539e+00
3.086887113749980927e-02
1.342407912015914917e-01
3.627408742904663086e-01
1.554820835590362549e-01
2.777602672576904297e-01
7.154335975646972656e-01
1.174951437860727310e-03
3.534196019172668457e-01
5.227572917938232422e-01
4.687077999114990234e-01
2.843445241451263428e-01
3.703849792480468750e+00
1.410766094923019409e-01
3.030219554901123047e+00
1.242699683643877506e-03
1.029595732688903809e-01
3.301207348704338074e-02
1.770720362663269043e+00
2.339638024568557739e-02
2.947902441024780273e+00
2.549393661320209503e-02
7.064951062202453613e-01
8.102571368217468262e-01
4.165119305253028870e-02
1.275755763053894043e-01
6.995645910501480103e-02
4.461145773530006409e-02
2.279296368360519409e-01
7.189201563596725464e-02
9.553635609336197376e-04
3.679513633251190186e-01
2.405493706464767456e-02
7.513026595115661621e-01
5.403675511479377747e-02
2.235416881740093231e-02
7.866311073303222656e-02
8.223740458488464355e-01
2.176938019692897797e-02
8.585493266582489014e-02
2.212683677673339844e+00
1.561464667320251465e-01
2.850333154201507568e-01
7.937656342983245850e-02
1.251403093338012695e-01
3.197002783417701721e-02
2.375342607498168945e+00
5.302620530128479004e-01
6.591080874204635620e-02
2.807624079287052155e-02
2.009032487869262695e+00
3.880951106548309326e-01
4.373034462332725525e-03
3.785387799143791199e-02
6.938012838363647461e-01
2.319705039262771606e-01
1.480626408010721207e-02
1.936272382736206055e-01
1.105029508471488953e-01
9.724655747413635254e-02
4.564580507576465607e-03
8.182137459516525269e-02
1.877524517476558685e-02
1.532571739517152309e-03
2.465688437223434448e-02
1.780306100845336914e-01
2.791325934231281281e-02
4.765107855200767517e-02
4.440447781234979630e-03
2.198724262416362762e-02
1.145393177866935730e-01
1.155876994132995605e+00
1.703543812036514282e-01
1.914871931076049805e-01
1.769767761230468750e+00
1.507286280393600464e-01
1.360807009041309357e-02
1.959821462631225586e+00
1.601825654506683350e-01
1.573873101733624935e-03
3.244664147496223450e-02
4.226205404847860336e-03
3.870240449905395508e-01
1.917740851640701294e-01
7.334054708480834961e-01
4.875465333461761475e-01
1.217062696814537048e-01
1.466436590999364853e-02
5.423482656478881836e-01
1.150294840335845947e-01
8.979061618447303772e-03
3.600159287452697754e-01
1.062323302030563354e-01
3.506832718849182129e-01
6.005292534828186035e-01
1.471358630806207657e-02
1.467601180076599121e+00
6.276977062225341797e-02
8.097785711288452148e-01
1.145392656326293945e+00
4.064318537712097168e-02
3.249845653772354126e-02
6.106983125209808350e-02
2.598761618137359619e-01
2.754200696945190430e-01
5.194690078496932983e-02
9.350854158401489258e-01
1.002562139183282852e-02
1.061711162328720093e-01
1.634544134140014648e+00
3.957102075219154358e-02
1.468250006437301636e-01
3.041711747646331787e-01
6.299418746493756771e-04
1.309518069028854370e-01
1.764951944351196289e-01
1.748832501471042633e-02
4.110502600669860840e-01
3.361937403678894043e-02
2.337315380573272705e-01
1.311274152249097824e-02
2.556363046169281006e-01
3.993751015514135361e-03
8.869891054928302765e-03
2.826505005359649658e-01
8.562658727169036865e-02
8.678277134895324707e-01
1.237924844026565552e-01
6.552235484123229980e-01
1.010977029800415039e+00
1.410691142082214355e+00
6.582975983619689941e-01
4.062612056732177734e-01
8.369792699813842773e-01
3.578982129693031311e-02
1.364789962768554688e+00
1.282039135694503784e-01
2.550230361521244049e-02
3.144039586186408997e-02
3.486264031380414963e-04
5.286167841404676437e-03
1.499574184417724609e-01
1.639926671981811523e+00
3.544800877571105957e-01
3.510742681100964546e-03
3.949055373668670654e-01
7.056197617202997208e-03
1.773038506507873535e+00
3.875037655234336853e-02
4.333419799804687500e-01
2.905773162841796875e+00
1.010289788246154785e-01
1.949153989553451538e-01
3.997661173343658447e-01
1.511756628751754761e-01
1.585470999998506159e-05
1.809148073196411133e+00
8.066221140325069427e-03
3.609849512577056885e-01
8.361592888832092285e-02
1.627593934535980225e-01
1.556586027145385742e-01
4.477198123931884766e-01
8.527884483337402344e-01
1.032534404657781124e-03
3.012015223503112793e-01
5.424306914210319519e-02
5.737393349409103394e-02
9.330829977989196777e-02
7.897743582725524902e-02
3.673482686281204224e-02
8.723080903291702271e-02
1.251629292964935303e-01
1.087295532226562500e+00
1.370699703693389893e-01
2.369931200519204140e-03
8.589853048324584961e-01
3.199103986844420433e-03
7.642320990562438965e-01
1.564723491668701172e+00
9.846524149179458618e-02
4.598261713981628418e-01
7.668188959360122681e-02
2.802674658596515656e-02
1.632947474718093872e-01
1.219824552536010742e-01
4.752116501331329346e-01
1.873158693313598633e+00
4.496707320213317871e-01
2.162381773814558983e-03
3.934961929917335510e-02
2.567662000656127930e-01
4.075569286942481995e-02
1.537681673653423786e-04
7.649767398834228516e-01
4.550714194774627686e-01
3.264892101287841797e-02
3.447757363319396973e-01
1.095928430557250977e+00
2.763164639472961426e-01
4.248660504817962646e-01
1.078738830983638763e-03
3.604711592197418213e-01
8.939698934555053711e-01
2.778643071651458740e-01
8.174075186252593994e-02
1.250874716788530350e-02
2.756216749548912048e-02
5.130307003855705261e-02
1.139106228947639465e-01
4.989902377128601074e-01
3.653455078601837158e-01
1.469009439460933208e-03
2.489827126264572144e-01
4.410947114229202271e-02
2.425306588411331177e-01
2.443714141845703125e+00
2.603210806846618652e-01
9.076625704765319824e-01
2.165234982967376709e-01
1.489569991827011108e-01
1.536367833614349365e-02
1.373735368251800537e-01
5.044443011283874512e-01
5.457219481468200684e-01
1.628501564264297485e-01
2.834147214889526367e-01
1.032888703048229218e-02
1.369744073599576950e-02
7.409715652465820312e-01
6.837959587574005127e-02
5.266511440277099609e-01
3.273743689060211182e-01
9.633009321987628937e-03
5.386983752250671387e-01
1.901045322418212891e+00
1.198352694511413574e+00
3.713456094264984131e-01
3.905870020389556885e-02
4.717125296592712402e-01
4.630583524703979492e-01
4.913315549492835999e-02
1.026036977767944336e+00
4.939476251602172852e-01
5.390392988920211792e-02
2.937697470188140869e-01
5.207943320274353027e-01
6.671597361564636230e-01
1.025762438774108887e+00
5.228535737842321396e-03
8.700703829526901245e-02
3.448037803173065186e-01
4.210161790251731873e-02
6.070678355172276497e-04
7.214181870222091675e-02
6.871266961097717285e-01
1.243645977228879929e-02
9.379976242780685425e-02
1.986279524862766266e-02
2.579187750816345215e-01
5.198108032345771790e-02
5.059207230806350708e-02
4.332518950104713440e-02
7.756117265671491623e-03
7.634384632110595703e-01
3.341417759656906128e-02
3.687937185168266296e-02
6.334864348173141479e-02
2.154026478528976440e-01
1.931127533316612244e-02
3.709905743598937988e-01
5.403200164437294006e-03
4.625213477993384004e-05
3.697385191917419434e-01
4.346034303307533264e-02
1.480864435434341431e-01
1.397153735160827637e+00
1.698968261480331421e-01
1.047168374061584473e-01
6.791650056838989258e-01
1.804123222827911377e-01
6.997520686127245426e-04
1.434123814105987549e-01
5.977750988677144051e-04
2.233583033084869385e-01
1.510412991046905518e-01
2.105390071868896484e+00
2.332599908113479614e-01
2.763970196247100830e-01
4.084341228008270264e-03
1.664922714233398438e+00
1.442789793014526367e+00
1.144369319081306458e-01
1.243058294057846069e-01
1.087158396840095520e-01
5.511058568954467773e-01
3.567272126674652100e-01
4.160481095314025879e-01
1.437403917312622070e+00
1.098785549402236938e-01
7.488986942917108536e-03
1.445253752171993256e-02
7.030442357063293457e-02
3.505942225456237793e-02
1.288706362247467041e-01
2.645916305482387543e-02
1.519002602435648441e-03
4.533367753028869629e-01
1.980178356170654297e-01
1.164988800883293152e-01
2.349339047214016318e-04
5.529722571372985840e-01
2.522304534912109375e+00
9.110074490308761597e-03
8.774652145802974701e-03
7.169666886329650879e-01
4.078567773103713989e-02
4.515558481216430664e-02
4.641580581665039062e-01
8.015052080154418945e-01
1.805466599762439728e-02
6.832270324230194092e-02
3.276371955871582031e-02
1.133387088775634766e+00
1.380914263427257538e-02
1.497928142547607422e+00
4.273414984345436096e-02
8.403987288475036621e-01
1.680029779672622681e-01
4.842458758503198624e-03
2.740710601210594177e-02
1.672595888376235962e-01
7.330461591482162476e-02
2.655215188860893250e-02
1.163895130157470703e+00
2.752688646316528320e+00
3.241913616657257080e-01
1.334920339286327362e-02
9.929068386554718018e-02
1.161352097988128662e-01
2.517383254598826170e-04
1.672006994485855103e-01
3.013516366481781006e-01
1.446658015251159668e+00
2.729586064815521240e-01
5.563645958900451660e-01
3.863651752471923828e-01
3.537787795066833496e-01
1.669071912765502930e+00
1.012751609086990356e-01
1.482642740011215210e-01
1.198743224143981934e+00
5.481629371643066406e-01
5.656192898750305176e-01
7.248153686523437500e-01
1.811156719923019409e-01
9.097494482994079590e-01
5.136071145534515381e-02
1.267583109438419342e-03
1.929439455270767212e-01
2.172882407903671265e-01
1.721193790435791016e+00
4.159039556980133057e-01
3.772732615470886230e-01
1.121826693415641785e-01
5.253467336297035217e-02
3.551753610372543335e-02
1.860140562057495117e+00
1.424916088581085205e-01
3.913676738739013672e-02
4.293869733810424805e-01
2.468283891677856445e+00
2.715677581727504730e-02
6.265047471970319748e-03
3.193181008100509644e-02
1.856826432049274445e-02
4.515011608600616455e-02
9.859120249748229980e-01
8.097974658012390137e-01
7.647992968559265137e-01
5.062923431396484375e-01
8.988492935895919800e-02
2.484344244003295898e+00
1.540068686008453369e-01
4.925776124000549316e-01
1.175418309867382050e-02
4.806665331125259399e-02
4.299956932663917542e-02
1.136224031448364258e+00
3.523807764053344727e+00
2.227210849523544312e-01
1.987809240818023682e-01
7.853164523839950562e-02
4.526961147785186768e-01
3.801807165145874023e-01
1.773333875462412834e-03
1.263661146163940430e+00
5.976662505418062210e-03
1.018800884485244751e-01
4.504231736063957214e-02
8.809951543807983398e-01
9.046139717102050781e-01
2.824696898460388184e-01
1.165155973285436630e-02
4.905095323920249939e-03
8.882995843887329102e-01
1.068254351615905762e+00
2.725253343582153320e+00
6.136563420295715332e-02
2.798872441053390503e-02
2.056930959224700928e-01
1.606222033500671387e+00
3.857670426368713379e-01
1.886458694934844971e-01
1.916486956179141998e-02
2.474612295627593994e-01
7.005349546670913696e-02
1.886719651520252228e-02
3.781075589358806610e-03
7.490085959434509277e-01
2.938811779022216797e-01
1.077589750289916992e+00
2.095532268285751343e-01
1.061476394534111023e-01
2.416073810309171677e-03
3.629451245069503784e-02
1.107272267341613770e+00
3.598790168762207031e-01
1.760592870414257050e-02
1.193963065743446350e-01
4.032483100891113281e-01
6.953801028430461884e-03
1.813792390748858452e-03
5.563985109329223633e-01
3.054200708866119385e-01
1.357144117355346680e+00
2.428579889237880707e-02
3.407534837722778320e+00
2.129565775394439697e-01
1.059383600950241089e-01
8.965651690959930420e-02
4.929073452949523926e-01
9.079123847186565399e-03
5.713325142860412598e-01
2.059879750013351440e-01
6.238333135843276978e-02
8.824119716882705688e-02
9.016985073685646057e-03
4.064468383789062500e+00
1.840962171554565430e+00
9.690809249877929688e-01
5.501235127449035645e-01
1.014099240303039551e+00
2.730199396610260010e-01
3.392108082771301270e-01
3.472015634179115295e-02
3.772152960300445557e-02
1.840220689773559570e-01
5.628681182861328125e-01
2.683414518833160400e-01
8.489031344652175903e-02
5.266948789358139038e-02
2.605245113372802734e+00
1.395752072334289551e+00
8.229646086692810059e-01
3.163885474205017090e-01
4.041057080030441284e-02
4.512795925140380859e+00
1.529893159866333008e+00
8.657643198966979980e-01
2.212415695190429688e+00
1.279648542404174805e+00
6.355411605909466743e-04
1.214952543377876282e-01
8.059092760086059570e-01
4.207418486475944519e-02
8.785448074340820312e-01
5.870735645294189453e-02
5.592409521341323853e-02
8.073102831840515137e-01
5.106153488159179688e-01
8.829778432846069336e-01
3.600258380174636841e-02
5.618637427687644958e-02
2.283224016427993774e-01
6.620496977120637894e-03
4.025909304618835449e-02
3.164380416274070740e-02
8.912953734397888184e-02
5.048796534538269043e-01
1.814251393079757690e-01
3.015360236167907715e-02
1.706930692307651043e-03
1.427075080573558807e-02
1.250887662172317505e-01
6.918519735336303711e-01
2.810644626617431641e+00
1.919091224670410156e+00
7.151481695473194122e-03
3.698954880237579346e-01
2.482749521732330322e-01
4.338397830724716187e-02
8.848565630614757538e-04
2.290243208408355713e-01
4.861321300268173218e-03
6.460934673668816686e-05
4.204818308353424072e-01
5.979424342513084412e-02
1.320979446172714233e-01
6.187719106674194336e-01
6.750950962305068970e-02
1.009478926658630371e+00
7.417587935924530029e-02
2.172876358032226562e+00
2.798490040004253387e-02
5.483890175819396973e-01
5.370127037167549133e-02
2.047488212585449219e+00
2.733633816242218018e-01
9.151891469955444336e-01
6.401970386505126953e-01
4.327230751514434814e-01
7.338282465934753418e-02
1.077220678329467773e+00
1.503231525421142578e+00
1.083063259720802307e-01
2.874145098030567169e-02
9.586372226476669312e-02
6.237468332983553410e-04
9.079379588365554810e-02
2.089593186974525452e-02
6.930910795927047729e-02
7.099915742874145508e-01
4.065605103969573975e-01
4.341594129800796509e-02
1.507544666528701782e-01
5.189144611358642578e-02
1.516347974538803101e-01
4.422964453697204590e-01
9.463069587945938110e-02
1.707914173603057861e-01
7.705606222152709961e-01
6.885526776313781738e-01
6.020805984735488892e-02
1.282432489097118378e-02
8.104744553565979004e-02
2.506910562515258789e-01
1.951814978383481503e-03
2.518674917519092560e-02
6.993813905864953995e-03
3.685099259018898010e-02
4.534395933151245117e-01
1.838428378105163574e-01
6.479519605636596680e-01
1.416510224342346191e+00
1.091160178184509277e+00
1.273433804512023926e+00
3.723950590938329697e-03
1.216545477509498596e-01
8.877795934677124023e-01
3.299493193626403809e-01
1.886375597678124905e-03
2.119186401367187500e+00
1.714691147208213806e-02
2.080754637718200684e-01
4.359033703804016113e-02
7.185686845332384109e-03
1.198049426078796387e+00
3.304471448063850403e-02
1.523087024688720703e-01
7.464220374822616577e-02
5.087240785360336304e-02
6.807705387473106384e-03
6.573752164840698242e-01
4.948368072509765625e-01
8.458966761827468872e-02
1.625513911247253418e+00
8.348987698554992676e-01
3.142858147621154785e-01
5.561134591698646545e-02
2.207620590925216675e-01
1.635299444198608398e+00
1.674798550084233284e-03
4.773950278759002686e-01
2.251809120178222656e+00
2.022641338407993317e-02
4.780648741871118546e-03
2.205800414085388184e-01
6.997135281562805176e-02
3.116079792380332947e-02
2.277227044105529785e-01
1.071780547499656677e-02
3.523332625627517700e-02
2.143153396900743246e-04
7.531918883323669434e-01
2.359836101531982422e+00
4.617029801011085510e-03
2.166379243135452271e-01
1.118813753128051758e-01
2.543778717517852783e-01
1.699115186929702759e-01
1.835667639970779419e-01
6.767485290765762329e-02
5.412566941231489182e-03
1.134195804595947266e+00
7.055351138114929199e-01
8.228738307952880859e-01
2.176564745604991913e-02
1.925298571586608887e-01
1.684612929821014404e-01
2.253535389900207520e-01
1.140511155128479004e+00
7.550249574705958366e-04
6.158423051238059998e-02
2.069791406393051147e-02
1.542413327842950821e-02
1.296083331108093262e-01
4.853089153766632080e-02
1.103408455848693848e+00
1.587492674589157104e-01
1.752865966409444809e-03
1.370544910430908203e+00
5.894564464688301086e-02
4.156634584069252014e-02
4.644212126731872559e-02
3.277170419692993164e+00
1.199522733688354492e+00
9.477503597736358643e-03
8.304406702518463135e-02
5.135583877563476562e-01
1.737258024513721466e-02
5.329763516783714294e-02
1.279846066609025002e-03
1.300272718071937561e-02
1.011454224586486816e+00
1.893028020858764648e-01
1.790116727352142334e-02
1.090636968612670898e+00
1.720140222460031509e-03
3.677044808864593506e-02
2.013954073190689087e-01
1.257534742355346680e+00
5.860202386975288391e-02
7.832512259483337402e-01
4.609709978103637695e-01
4.406148567795753479e-03
2.613618969917297363e-01
2.626224420964717865e-02
4.491273686289787292e-02
1.052588447928428650e-01
3.931714594364166260e-01
6.524991989135742188e-01
5.107924807816743851e-03
1.410351991653442383e-01
6.889753974974155426e-03
1.288293302059173584e-02
2.874513864517211914e-01
4.526280239224433899e-02
1.032296335324645042e-03
3.916918337345123291e-01
8.345934911631047726e-04
1.429217227268964052e-04
4.615302756428718567e-02
6.234482862055301666e-03
6.536526679992675781e-01
5.114949494600296021e-02
1.076144054532051086e-01
5.719608664512634277e-01
2.616780698299407959e-01
1.016576774418354034e-03
8.383494019508361816e-01
8.287990093231201172e-01
1.365522265434265137e+00
2.586076855659484863e-01
1.074386946856975555e-02
1.232946813106536865e-01
9.987145662307739258e-03
1.570221662521362305e+00
5.989653617143630981e-02
6.059587597846984863e-01
1.331036835908889771e-01
3.462901830673217773e+00
7.820877432823181152e-01
3.318310528993606567e-02
2.089581191539764404e-01
1.952444195747375488e+00
6.845437884330749512e-01
6.981272995471954346e-02
4.763996005058288574e-01
1.626601442694664001e-02
3.374835941940546036e-03
1.030407428741455078e+00
1.316216945648193359e+00
1.536367833614349365e-02
5.402251612395048141e-03
6.332754492759704590e-01
7.903612218797206879e-03
2.528407871723175049e-01
1.759218722581863403e-01
1.927304416894912720e-01
1.204856298863887787e-02
6.888412684202194214e-02
3.509624600410461426e-01
1.238863244652748108e-01
2.016549110412597656e-01
3.420234322547912598e-01
3.131185054779052734e+00
5.407863855361938477e-01
3.268016576766967773e-01
4.364844262599945068e-01
1.800391227006912231e-01
2.628112435340881348e-01
4.861242324113845825e-02
7.985448837280273438e-01
2.386895179748535156e+00
6.074802950024604797e-02
5.686438083648681641e-01
3.397765569388866425e-03
6.517863273620605469e-02
2.522220276296138763e-02
7.822008132934570312e-01
1.195479035377502441e+00
1.397361606359481812e-02
7.533999085426330566e-01
2.975388802587985992e-02
8.015839010477066040e-02
2.476092100143432617e+00
5.712282657623291016e-01
2.021262794733047485e-02
2.042814530432224274e-02
9.495688602328300476e-03
2.956884354352951050e-02
1.264580637216567993e-01
2.555064484477043152e-02
6.703152321279048920e-03
2.242958918213844299e-02
2.920197248458862305e-01
1.109277922660112381e-02
5.261807441711425781e-01
6.170830503106117249e-02
7.152383332140743732e-04
1.088985651731491089e-01
3.633029758930206299e-01
2.369841374456882477e-02
8.771235346794128418e-01
1.740655489265918732e-02
2.572077214717864990e-01
1.513469576835632324e+00
1.838394626975059509e-02
1.673727529123425484e-03
1.648628234863281250e+00
3.560514887794852257e-03
2.905262470245361328e+00
3.164542019367218018e-01
4.559715278446674347e-03
4.793803393840789795e-02
1.161381244659423828e+00
9.327029436826705933e-02
6.676132977008819580e-02
1.082192175090312958e-03
5.770323798060417175e-02
7.924079895019531250e-01
7.705019116401672363e-01
1.507755041122436523e+00
6.117019802331924438e-02
4.669776558876037598e-01
1.528444886207580566e+00
1.678043305873870850e-01
1.720871478319168091e-01
7.076766490936279297e-01
1.017709493637084961e+00
8.360032923519611359e-03
2.803584933280944824e-01
1.460119485855102539e+00
2.690575838088989258e+00
2.662886679172515869e-01
2.337877899408340454e-01
8.267010748386383057e-02
3.286198079586029053e-01
7.162161916494369507e-02
3.466592356562614441e-02
2.581705093383789062e+00
3.400324583053588867e-01
7.866233587265014648e-02
2.462778091430664062e-01
3.583042621612548828e-01
8.008040785789489746e-01
9.577302932739257812e-01
3.102593868970870972e-02
1.424677670001983643e-02
5.416347980499267578e-01
1.803558133542537689e-02
7.779614925384521484e-01
5.776868462562561035e-01
7.360630631446838379e-01
7.391440123319625854e-02
1.023401975631713867e+00
2.048469781875610352e-01
8.631442487239837646e-02
2.691101748496294022e-03
5.708404257893562317e-02
8.401894569396972656e-01
1.481984043493866920e-03
9.441331624984741211e-01
5.755739286541938782e-02
9.883399009704589844e-01
4.252676852047443390e-03
2.783073484897613525e-01
1.408274054527282715e+00
1.666407042648643255e-04
9.929759800434112549e-02
1.552801299840211868e-02
3.186903893947601318e-01
2.999344170093536377e-01
3.132341206073760986e-01
3.511981666088104248e-01
9.482327103614807129e-01
1.277216374874114990e-01
1.829174607992172241e-01
7.999407127499580383e-03
3.938078284263610840e-01
8.478649705648422241e-02
1.518700569868087769e-01
4.861086010932922363e-01
1.482837051153182983e-01
4.726819694042205811e-01
7.845593243837356567e-02
5.824735388159751892e-03
4.705263078212738037e-01
2.253588736057281494e-01
9.239323437213897705e-02
5.398711562156677246e-01
1.104294657707214355e+00
1.348777557723224163e-03
1.831747740507125854e-01
2.008474839385598898e-04
1.349685043096542358e-01
4.420435726642608643e-01
1.650583557784557343e-02
1.155115246772766113e+00
4.737238883972167969e-01
9.613922983407974243e-02
3.129763603210449219e-01
6.417685747146606445e-02
3.252292051911354065e-02
1.577610895037651062e-02
6.678220629692077637e-01
8.199699968099594116e-02
1.135481595993041992e+00
5.521756410598754883e-01
5.061550531536340714e-03
5.414797663688659668e-01
2.915260791778564453e-01
1.988605223596096039e-02
2.133210934698581696e-02
2.217661216855049133e-02
5.053841043263673782e-03
2.201581373810768127e-02
1.129704178310930729e-03
3.796466886997222900e-01
2.366384744644165039e+00
2.168081998825073242e-01
1.012885011732578278e-03
2.108247019350528717e-02
8.342809230089187622e-02
2.102127969264984131e-01
4.035612219013273716e-04
4.646175205707550049e-01
2.181568384170532227e+00
1.166992858052253723e-01
6.203396320343017578e-01
4.681922793388366699e-01
3.651856910437345505e-03
3.224866390228271484e-01
2.244771420955657959e-01
3.625576943159103394e-02
1.735072731971740723e-01
8.576335757970809937e-02
1.781770229339599609e+00
2.497109398245811462e-02
2.016774145886301994e-03
1.976570039987564087e-01
6.537093967199325562e-02
8.332724682986736298e-03
2.411511689424514771e-01
1.678425550460815430e+00
5.726606845855712891e-01
1.327900290489196777e+00
4.181174635887145996e-01
2.685640156269073486e-01
2.711788285523653030e-03
1.523819863796234131e-01
2.731558866798877716e-02
1.089232638478279114e-01
6.212787628173828125e-01
3.384475111961364746e-01
8.135877847671508789e-01
1.065758988261222839e-03
3.608992695808410645e-01
4.641966819763183594e-01
2.510824918746948242e+00
4.844185337424278259e-02
1.911149322986602783e-01
2.610140666365623474e-02
2.998124249279499054e-02
2.291233837604522705e-01
3.341244906187057495e-02
9.128384292125701904e-03
5.170366764068603516e-01
1.173622682690620422e-01
5.320740342140197754e-01
1.421766728162765503e-01
6.630680989474058151e-03
1.445832401514053345e-01
5.126672983169555664e-01
1.307053565979003906e+00
2.209341049194335938e+00
9.801725745201110840e-01
2.487123727798461914e+00
2.055599451065063477e+00
1.869598636403679848e-03
2.495713233947753906e+00
1.090599536895751953e+00
1.194081187248229980e+00
7.810494303703308105e-02
6.186739075928926468e-03
2.956263720989227295e-01
7.307005673646926880e-02
3.463148117065429688e+00
2.831499790772795677e-03
5.465868711471557617e-01
1.660080999135971069e-02
4.439504817128181458e-02
6.679377704858779907e-02
2.153979301452636719e+00
7.575829979032278061e-03
1.722101867198944092e-01
4.983703494071960449e-01
6.322880089282989502e-02
9.521742910146713257e-02
1.919412612915039062e-01
4.881251137703657150e-03
2.686847746372222900e-01
1.328074093908071518e-02
1.066740274429321289e+00
2.338345348834991455e-02
2.795776128768920898e-01
1.398450016975402832e+00
1.475658267736434937e-01
2.809247374534606934e-01
1.453346908092498779e-01
1.563896536827087402e-01
2.052244544029235840e-01
4.279880523681640625e-01
2.198992483317852020e-02
4.394636023789644241e-03
1.400086213834583759e-03
5.651531815528869629e-01
1.630524873733520508e+00
1.168820355087518692e-02
4.186854138970375061e-02
1.175381302833557129e+00
1.512785553932189941e-01
9.082471579313278198e-02
1.933746784925460815e-02
7.639037072658538818e-02
8.871770501136779785e-01
2.228575050830841064e-01
7.982968352735042572e-03
1.729107797145843506e-01
5.815616250038146973e-02
8.110746741294860840e-02
5.414168834686279297e-01
9.620596170425415039e-01
1.051115617156028748e-02
9.123447537422180176e-01
5.735958218574523926e-01
5.438040825538337231e-04
9.951938688755035400e-02
7.748303323751315475e-05
9.868819266557693481e-02
1.024613618850708008e+00
9.978390932083129883e-01
3.066369295120239258e-01
2.059515379369258881e-02
5.830946564674377441e-01
4.203097894787788391e-02
2.610081732273101807e-01
1.210977315902709961e+00
6.856160610914230347e-02
6.928029656410217285e-02
2.695395983755588531e-02
4.860965013504028320e-01
1.760112680494785309e-02
3.564612269401550293e-01
8.631777018308639526e-03
1.219471916556358337e-02
5.311994999647140503e-02
5.032941699028015137e-04
6.165315508842468262e-01
1.631104469299316406e+00
4.171949923038482666e-01
4.745787591673433781e-04
3.470555245876312256e-01
9.010184556245803833e-02
1.729490235447883606e-02
1.855629920959472656e+00
3.189742863178253174e-01
5.378658175468444824e-01
4.366828128695487976e-02
4.384470880031585693e-01
1.607008129358291626e-01
1.422908306121826172e-01
1.589367911219596863e-02
2.064345479011535645e-01
7.155159115791320801e-02
3.488778695464134216e-02
3.650142848491668701e-01
3.008009791374206543e-01
1.332233786582946777e+00
6.414689123630523682e-02
1.114877779036760330e-02
1.842466592788696289e-01
8.284372091293334961e-02
6.005008220672607422e-01
2.907094061374664307e-01
4.115292131900787354e-01
1.888298802077770233e-02
1.500378549098968506e-01
7.055740803480148315e-02
2.053437680006027222e-01
6.465964913368225098e-01
2.317809611558914185e-01
2.115915119647979736e-01
2.468064129352569580e-01
1.028457805514335632e-01
5.189664363861083984e-01
2.358082495629787445e-02
2.370795980095863342e-02
4.898570477962493896e-03
4.260157346725463867e-01
1.099060058593750000e+00
1.655042753554880619e-03
1.118027210235595703e+00
1.531280040740966797e+00
8.177016861736774445e-03
1.922988891601562500e-02
1.647069901227951050e-01
1.917396485805511475e-01
2.702787518501281738e-02
5.968863368034362793e-01
8.738675117492675781e-01
2.290331572294235229e-02
7.133237123489379883e-01
2.967329025268554688e-01
2.144236326217651367e+00
6.457910537719726562e-01
9.106678515672683716e-02
6.026597693562507629e-04
5.276335030794143677e-02
3.496843855828046799e-03
2.361332178115844727e-01
3.163144364953041077e-02
8.631792664527893066e-02
7.710575126111507416e-03
1.874052286148071289e+00
3.058876376599073410e-03
1.524252258241176605e-02
1.689543277025222778e-01
2.550044283270835876e-02
1.710496664047241211e+00
1.013273868011310697e-05
6.918640807271003723e-03
2.186485767364501953e+00
2.534227371215820312e-01
1.591338962316513062e-02
9.806551970541477203e-03
1.052767038345336914e-02
9.247366786003112793e-01
4.825296625494956970e-02
7.448962330818176270e-02
1.840641908347606659e-02
5.154097452759742737e-02
9.502424509264528751e-04
1.507766246795654297e-01
1.018668293952941895e+00
1.180342864245176315e-02
5.878669619560241699e-01
1.971296407282352448e-02
6.393669843673706055e-01
7.004231214523315430e-03
1.955375820398330688e-02
1.289413720369338989e-01
1.605294412001967430e-03
1.772235512733459473e+00
1.153549998998641968e-01
6.893186271190643311e-02
1.364491879940032959e-03
3.063867799937725067e-03
2.573546171188354492e-01
8.000686764717102051e-02
1.465501338243484497e-01
1.007306575775146484e+00
4.844480752944946289e-02
2.354874163866043091e-01
9.656696915626525879e-01
1.212150305509567261e-01
3.196682082489132881e-04
7.801238894462585449e-01
5.669584497809410095e-03
9.676122665405273438e-02
2.623689360916614532e-03
1.505049914121627808e-01
8.902619592845439911e-03
7.462837733328342438e-03
9.810443589230999351e-05
4.833960265386849642e-04
8.171361684799194336e-02
5.112004280090332031e-02
1.779296621680259705e-02
1.496811509132385254e-01
8.479753732681274414e-01
3.030852377414703369e-01
7.985854148864746094e-01
1.763813942670822144e-02
2.383195906877517700e-01
6.226361393928527832e-01
2.504434064030647278e-02
4.751240089535713196e-02
7.409825921058654785e-01
3.033416287507861853e-04
4.451055824756622314e-02
1.329810619354248047e-01
2.062299427052494138e-05
1.817049980163574219e-01
1.696032881736755371e-01
2.152761936187744141e+00
5.041061714291572571e-02
8.800766430795192719e-03
7.154203951358795166e-03
3.120068907737731934e-01
1.661588437855243683e-03
3.479338437318801880e-02
1.353151202201843262e+00
5.261383950710296631e-03
4.151118993759155273e-01
9.205765277147293091e-02
2.340767718851566315e-02
2.630585338920354843e-03
5.029051564633846283e-03
2.167886123061180115e-02
9.624371528625488281e-01
2.177845453843474388e-03
8.846513181924819946e-02
1.268967799842357635e-02
1.075847744941711426e+00
9.808050394058227539e-01
1.192052245140075684e+00
3.120291948318481445e+00
1.320610791444778442e-01
8.172339200973510742e-02
4.696934774983674288e-04
8.878359794616699219e-01
6.737333536148071289e-02
1.132800010964274406e-03
3.569568991661071777e-01
2.716118469834327698e-02
1.061612725257873535e+00
2.491565704345703125e+00
3.362841010093688965e-01
5.293058604001998901e-02
2.428079582750797272e-02
9.480501413345336914e-01
1.187008991837501526e-01
1.311095952987670898e-01
4.351717978715896606e-02
9.028756618499755859e-01
4.124870300292968750e+00
3.749294206500053406e-02
7.528711110353469849e-02
1.291629821062088013e-01
1.213485002517700195e-01
1.119502335786819458e-01
2.342277765274047852e-01
5.090608727186918259e-03
1.869229972362518311e-01
7.557961344718933105e-01
1.898823684314265847e-04
2.191214084625244141e+00
2.997669158503413200e-03
2.002097368240356445e+00
5.977964401245117188e-02
7.410160452127456665e-02
2.983775734901428223e-01
5.229010246694087982e-03
3.633325174450874329e-02
2.625948516651988029e-03
3.331559896469116211e-02
2.722974680364131927e-02
7.082893252372741699e-01
5.175307989120483398e-01
1.769435405731201172e-01
5.396296977996826172e-01
9.912994503974914551e-02
6.897922605276107788e-03
3.185802698135375977e-02
1.395014882087707520e+00
4.012843221426010132e-02
4.558647051453590393e-03
2.115121856331825256e-02
9.902306646108627319e-02
1.596150547266006470e-01
2.585801482200622559e-01
1.597910523414611816e-01
3.839205950498580933e-02
4.189855098724365234e+00
2.471653968095779419e-01
3.273580372333526611e-01
1.458475828170776367e+00
5.205744504928588867e-01
4.306602478027343750e-02
1.738089881837368011e-02
1.576320081949234009e-02
1.208325862884521484e+00
9.596260637044906616e-02
7.665031403303146362e-02
1.180062741041183472e-01
8.474215269088745117e-01
3.069131374359130859e-01
5.264958366751670837e-02
3.271526470780372620e-02
4.743759706616401672e-02
1.745340079069137573e-01
8.113993331789970398e-03
1.501743332482874393e-03
2.157036773860454559e-02
1.519483029842376709e-01
1.498053432442247868e-03
2.374245077371597290e-01
1.046077489852905273e+00
5.678377151489257812e-01
4.540395140647888184e-01
7.423487305641174316e-02
1.967563867568969727e+00
1.024317461997270584e-03
4.912378489971160889e-01
5.747773051261901855e-01
3.552685678005218506e-02
7.900354266166687012e-02
3.119010245427489281e-03
7.180114388465881348e-01
3.523928346112370491e-03
8.662762120366096497e-04
2.404398173093795776e-01
7.480704225599765778e-03
3.363717317581176758e+00
8.688821792602539062e-01
8.294970989227294922e-01
2.469037324190139771e-01
1.035630702972412109e-03
4.633343592286109924e-02
7.935122847557067871e-01
4.353909566998481750e-02
4.320497810840606689e-02
1.552214473485946655e-02
4.040633514523506165e-02
1.683477610349655151e-01
1.527386996895074844e-02
2.605098187923431396e-01
1.178541332483291626e-01
1.818257093429565430e+00
1.230686426162719727e+00
3.088697493076324463e-01
1.665578365325927734e+00
1.924147367477416992e+00
6.771150231361389160e-02
1.839935034513473511e-01
2.597310781478881836e+00
1.145640835165977478e-01
8.626040071249008179e-02
4.938678070902824402e-02
3.345133503898978233e-03
2.304882556200027466e-02
3.843134045600891113e-01
3.385236561298370361e-01
5.302215577103197575e-04
9.869509935379028320e-02
1.142221465706825256e-01
3.740933956578373909e-03
1.752018742263317108e-02
2.090094804763793945e+00
1.821266889572143555e+00
2.262191921472549438e-01
8.397697806358337402e-01
8.048902153968811035e-01
5.485698929987847805e-04
1.354320406913757324e+00
6.802807003259658813e-02
1.972733996808528900e-02
4.851056262850761414e-02
6.308966875076293945e-01
2.934116497635841370e-02
3.189735114574432373e-01
5.942009738646447659e-04
1.383782476186752319e-01
4.061747193336486816e-01
8.093300275504589081e-03
1.008838772773742676e+00
6.093021482229232788e-03
4.594157338142395020e-01
2.288234084844589233e-01
5.447835847735404968e-02
1.250066518783569336e+00
1.243492960929870605e-02
3.055775463581085205e-01
3.206678593414835632e-05
1.366015076637268066e-01
5.687564015388488770e-01
1.265143752098083496e-01
1.275268942117691040e-01
1.196201562881469727e+00
7.053509471006691456e-04
9.595188498497009277e-02
7.502207756042480469e-01
4.002455472946166992e-01
4.086972713470458984e+00
2.187922149896621704e-01
9.085383415222167969e-01
1.760684400796890259e-01
7.385301589965820312e-01
1.241564303636550903e-01
1.917311106808483601e-03
1.542133927345275879e+00
1.929679632186889648e+00
1.410238146781921387e-01
4.027180373668670654e-02
1.875920295715332031e-01
3.299788758158683777e-02
3.369617164134979248e-01
1.820078343152999878e-01
1.346567124128341675e-01
6.509625315666198730e-01
3.972796201705932617e-01
2.099792957305908203e+00
7.871082425117492676e-02
2.585403854027390480e-03
7.071585394442081451e-03
3.307690918445587158e-01
7.351313829421997070e-01
6.715872883796691895e-01
3.494875729084014893e-01
1.054946551448665559e-04
9.554349631071090698e-02
1.278726011514663696e-01
5.710476264357566833e-02
4.863195493817329407e-02
8.250594139099121094e-01
4.800916463136672974e-02
4.196456819772720337e-02
6.392348557710647583e-02
3.217286616563796997e-02
4.580941200256347656e-01
3.182291686534881592e-01
4.476109743118286133e-01
1.358665704727172852e+00
7.576303090900182724e-03
6.078828573226928711e-01
4.486138932406902313e-03
4.817664157599210739e-03
8.527531623840332031e-01
8.633793890476226807e-02
1.488378271460533142e-02
1.548138380050659180e+00
2.249147593975067139e-01
5.567031726241111755e-02
9.642560482025146484e-01
2.218150906264781952e-02
1.948959543369710445e-03
3.923111855983734131e-01
4.385853186249732971e-03
1.581293702125549316e+00
1.553012616932392120e-02
2.146561164408922195e-03
1.091921091079711914e+00
4.400095436722040176e-03
2.238331176340579987e-02
1.433613419532775879e+00
6.755707263946533203e-01
1.946498232427984476e-04
6.354431807994842529e-02
3.315900266170501709e-02
1.917937695980072021e-01
8.446711301803588867e-01
5.134009942412376404e-02
1.808736324310302734e+00
6.186363101005554199e-01
4.886085987091064453e-01
2.520974874496459961e-01
1.055062174797058105e+00
9.138897061347961426e-03
5.613081157207489014e-02
4.715083912014961243e-02
2.017836272716522217e-01
2.395598441362380981e-01
2.775840759277343750e-01
4.573473930358886719e+00
8.201284408569335938e-01
2.495360374450683594e+00
8.310523629188537598e-01
1.048676490783691406e+00
9.878760902211070061e-04
1.379268243908882141e-02
2.980757877230644226e-02
1.696350425481796265e-02
4.806778952479362488e-02
5.233753472566604614e-03
2.231538534164428711e+00
4.259613156318664551e-01
2.640137099660933018e-04
1.434237509965896606e-01
1.432601362466812134e-01
7.605502605438232422e-01
9.026317857205867767e-03
1.945695839822292328e-02
1.175525411963462830e-01
3.519616603851318359e+00
2.519419193267822266e-01
1.619610935449600220e-02
1.136273622512817383e+00
4.466913174837827682e-03
1.401699241250753403e-02
5.631415639072656631e-03
3.441289186477661133e+00
3.308857381343841553e-01
1.731235533952713013e-01
8.336908370256423950e-02
3.877029180526733398e+00
5.373425781726837158e-02
1.384158968925476074e+00
7.514635920524597168e-01
1.433984871255233884e-04
1.159633159637451172e+00
1.449614614248275757e-01
1.369598388671875000e+00
3.890460729598999023e-02
8.500806093215942383e-01
3.563789427280426025e-01
1.087406501173973083e-01
1.183154582977294922e+00
1.765008457005023956e-02
3.320636749267578125e-01
7.985796779394149780e-02
7.954997569322586060e-02
5.792567506432533264e-02
1.277783606201410294e-02
6.928285956382751465e-02
1.608977317810058594e-01
1.745871067047119141e+00
8.759780526161193848e-01
6.295853853225708008e-01
1.150214206427335739e-02
6.556770801544189453e-01
1.240745112299919128e-01
1.430574774742126465e+00
3.820327222347259521e-01
2.552008256316184998e-02
2.935718297958374023e-01
1.155350208282470703e+00
9.418542683124542236e-02
3.799677267670631409e-02
8.773378282785415649e-02
1.612068712711334229e-02
1.467154979705810547e+00
7.064176797866821289e-01
3.101344627793878317e-04
3.254968822002410889e-01
1.630448251962661743e-01
1.423702202737331390e-02
1.754055963829159737e-03
2.606112360954284668e-01
9.409493952989578247e-02
1.015236694365739822e-02
2.202689275145530701e-02
2.570108175277709961e-01
5.100088119506835938e-01
1.709363162517547607e-01
4.340966045856475830e-02
1.016946792602539062e+00
5.779843032360076904e-02
9.956576861441135406e-03
1.199881434440612793e+00
3.639979287981987000e-03
7.982468605041503906e-01
3.937701135873794556e-02
2.515914142131805420e-01
1.584585057571530342e-03
7.816805243492126465e-01
3.113777041435241699e-01
2.086006402969360352e-01
5.004516839981079102e-01
2.278625220060348511e-01
6.367040332406759262e-03
8.387817442417144775e-02
4.649731144309043884e-02
1.115493178367614746e+00
5.772270262241363525e-02
3.723713103681802750e-03
1.760370284318923950e-02
1.375419646501541138e-01
4.755275696516036987e-02
7.598071824759244919e-03
3.269142210483551025e-01
9.705747663974761963e-02
1.257913947105407715e+00
1.844721555709838867e+00
6.214698310941457748e-03
6.070551276206970215e-02
1.252117305994033813e-01
9.558802843093872070e-02
1.692948639392852783e-01
3.053478002548217773e-01
4.930836614221334457e-03
2.111620269715785980e-02
1.278066158294677734e+00
2.521238029003143311e-01
2.294052857905626297e-03
6.117098405957221985e-02
1.970677614212036133e+00
2.486365474760532379e-02
4.745737835764884949e-02
3.445880254730582237e-03
1.896237581968307495e-01
2.933201938867568970e-02
1.265313029289245605e+00
2.516718804836273193e-01
7.473960053175687790e-03
7.351318490691483021e-04
9.934109449386596680e-02
1.062581613659858704e-01
1.124222874641418457e-01
8.345824480056762695e-02
4.945986866950988770e-01
1.554021686315536499e-01
3.288807719945907593e-02
4.455741867423057556e-02
4.743394907563924789e-03
1.414041221141815186e-02
2.808408260345458984e+00
2.462571021169424057e-03
4.143585637211799622e-02
3.966520354151725769e-02
9.401326179504394531e-01
6.465521454811096191e-01
1.937803477048873901e-01
3.950293175876140594e-03
2.012067317962646484e+00
3.128198683261871338e-01
1.207785606384277344e+00
4.671199321746826172e-01
5.690590292215347290e-02
6.009728908538818359e-01
5.280881002545356750e-02
1.795268058776855469e-01
1.406550705432891846e-01
3.811586648225784302e-04
1.198957920074462891e+00
3.066108524799346924e-01
2.073879241943359375e-01
6.146990060806274414e-01
7.373176813125610352e-01
5.480094254016876221e-02
1.686185359954833984e+00
4.880680888891220093e-02
2.242690883576869965e-02
3.826815262436866760e-02
1.515627801418304443e-01
1.549920797348022461e+00
8.189233392477035522e-02
1.117942929267883301e-01
7.812163829803466797e-01
6.817038357257843018e-02
1.108469069004058838e-01
7.401349139399826527e-04
5.663201808929443359e-01
3.002970814704895020e-01
1.397981286048889160e+00
6.337247043848037720e-02
2.681957744061946869e-02
1.824405789375305176e+00
2.290373563766479492e+00
1.141511440277099609e+00
7.176582217216491699e-01
2.044595628976821899e-01
9.168639779090881348e-02
2.842765152454376221e-01
2.659714547917246819e-03
4.613826051354408264e-03
1.922214478254318237e-01
8.685060739517211914e-01
7.871676981449127197e-02
1.890359759330749512e+00
1.362832635641098022e-01
1.215662002563476562e+00
2.125512361526489258e+00
4.003130830824375153e-03
4.149650931358337402e-01
1.924917101860046387e-01
4.849151968955993652e-01
4.684239029884338379e-01
7.800438404083251953e-01
3.187199532985687256e-01
1.971958398818969727e+00
1.190361261367797852e+00
5.674377679824829102e-01
2.047389507293701172e+00
1.632017940282821655e-01
1.745367288589477539e+00
4.913168027997016907e-02
5.418469011783599854e-02
3.984408378601074219e-01
5.869424343109130859e-01
4.645486548542976379e-02
3.110524117946624756e-01
5.020037293434143066e-03
1.710833162069320679e-01
1.072638705372810364e-01
3.700689598917961121e-02
8.958140970207750797e-04
6.180814504623413086e-01
8.009599894285202026e-02
5.076020490378141403e-03
3.487773537635803223e-01
3.556671738624572754e-01
2.299663610756397247e-02
1.048485003411769867e-02
1.595387458801269531e-01
7.058417797088623047e-02
1.286316197365522385e-02
4.065586030483245850e-01
8.806548118591308594e-01
1.695682480931282043e-02
6.174685806035995483e-02
2.140562236309051514e-02
1.337870657444000244e-01
1.298104907618835568e-04
6.382328271865844727e-02
8.258821368217468262e-01
8.351450413465499878e-02
1.818329244852066040e-01
3.980095386505126953e-01
1.072682589292526245e-01
8.067075908184051514e-02
1.876986399292945862e-02
5.346817150712013245e-02
5.978577733039855957e-01
7.618904113769531250e-01
2.193471431732177734e+00
1.115936040878295898e+00
1.044746279716491699e+00
1.067772507667541504e+00
6.699513643980026245e-02
9.442148357629776001e-02
1.616720110177993774e-03
2.454354166984558105e-01
7.035720944404602051e-01
4.713742062449455261e-02
1.063748635351657867e-02
3.242171183228492737e-02
2.405912615358829498e-02
1.319635629653930664e+00
7.687950879335403442e-02
1.174153566360473633e+00
1.889540791511535645e+00
1.015067219734191895e+00
1.176079660654067993e-01
1.236934661865234375e-01
7.282615639269351959e-03
8.132805824279785156e-01
4.234343394637107849e-02
3.354172706604003906e-01
7.020797580480575562e-02
1.152384728193283081e-01
1.091649532318115234e-01
3.245683619752526283e-03
2.458384074270725250e-02
1.285103987902402878e-02
9.280142188072204590e-01
2.925086580216884613e-02
4.447965696454048157e-02
6.921700388193130493e-02
7.872062921524047852e-02
3.233861923217773438e-02
1.139146685600280762e-01
2.215772308409214020e-02
2.023225426673889160e-01
5.096328258514404297e-01
1.188644324429333210e-03
7.366133332252502441e-01
3.018748283386230469e+00
1.571282148361206055e-01
4.020584747195243835e-03
5.480902791023254395e-01
1.195842772722244263e-01
3.231391683220863342e-02
7.456707358360290527e-01
2.192121982574462891e+00
2.940878570079803467e-01
1.336402416229248047e+00
1.361506462097167969e+00
1.266572177410125732e-01
1.512696444988250732e-01
6.471491605043411255e-02
2.359510511159896851e-01
1.131228208541870117e-01
1.549829840660095215e+00
4.222693387418985367e-04
3.455471992492675781e-01
3.995824232697486877e-02
2.797450579237192869e-04
8.935085535049438477e-01
5.273458957672119141e-01
1.740922927856445312e+00
1.383567094802856445e+00
1.931209683418273926e+00
1.035971194505691528e-01
3.996668457984924316e-01
4.263207374606281519e-04
1.856985967606306076e-03
3.771808370947837830e-02
3.656198829412460327e-02
1.626864522695541382e-01
3.806371008977293968e-03
6.037546992301940918e-01
6.383122503757476807e-02
1.198622941970825195e+00
3.483895445242524147e-03
5.577337741851806641e-01
3.474347176961600780e-04
2.927020005881786346e-02
3.880312666296958923e-02
5.473784403875470161e-04
2.354659438133239746e-01
4.543618559837341309e-01
6.472722887992858887e-01
3.249303251504898071e-02
2.144085884094238281e+00
4.601347148418426514e-01
1.191493496298789978e-01
7.129620015621185303e-02
1.036121416836977005e-02
9.847852587699890137e-02
8.586871623992919922e-02
8.046720027923583984e-01
2.529310807585716248e-02
5.093771219253540039e-01
3.832161799073219299e-02
2.180682122707366943e-01
2.588710933923721313e-02
9.056849479675292969e-01
2.844800613820552826e-02
1.793704926967620850e-01
6.407829932868480682e-04
4.702994972467422485e-02
1.376557111740112305e+00
5.324575677514076233e-02
1.805841028690338135e-01
2.719695866107940674e-01
9.573579430580139160e-01
8.435161709785461426e-01
2.413292229175567627e-01
2.240196429193019867e-02
3.289257735013961792e-02
2.161549171432852745e-03
1.867294073104858398e+00
2.674959413707256317e-02
2.008532047271728516e+00
7.191808521747589111e-02
3.461672961711883545e-01
1.828104406595230103e-01
1.826713606715202332e-02
1.419663667678833008e+00
1.832109503448009491e-02
1.019805297255516052e-01
4.794766660779714584e-03
2.687213182449340820e+00
1.442235231399536133e+00
5.322225093841552734e-01
1.426863577216863632e-02
1.947981715202331543e-01
9.734568595886230469e-01
1.004401922225952148e+00
1.570065617561340332e-01
1.316897273063659668e+00
4.817645549774169922e-01
8.221442997455596924e-02
4.953994601964950562e-02
6.719848606735467911e-03
5.572984740138053894e-02
6.273391246795654297e-01
7.064427435398101807e-02
5.293282680213451385e-03
1.337536573410034180e+00
1.402604393661022186e-02
1.399520158767700195e+00
2.392244205111637712e-04
1.071146726608276367e+00
5.517745763063430786e-02
5.196086168289184570e-01
4.590746015310287476e-02
3.499204218387603760e-01
6.805337499827146530e-03
2.954653799533843994e-01
2.688288092613220215e-01
1.203254424035549164e-02
2.295692205429077148e+00
1.613972544670104980e+00
2.723450399935245514e-02
2.390127629041671753e-01
1.463128924369812012e-01
7.364738583564758301e-01
2.471555173397064209e-01
6.953090894967317581e-03
1.302497744560241699e+00
1.251302242279052734e+00
5.865096449851989746e-01
9.096589684486389160e-02
1.103093102574348450e-01
9.715537726879119873e-02
6.131944060325622559e-02
1.225595455616712570e-02
3.820883631706237793e-01
8.280588313937187195e-03
6.098863482475280762e-02
2.294735424220561981e-02
3.372836112976074219e-01
2.834239244461059570e+00
5.744357705116271973e-01
2.888391539454460144e-02
1.483665823936462402e+00
4.422841966152191162e-01
2.439009666442871094e+00
2.148742675781250000e+00
6.508991122245788574e-01
8.381311781704425812e-03
5.543226376175880432e-02
7.499815821647644043e-01
5.559342503547668457e-01
1.566640496253967285e+00
6.227084398269653320e-01
1.807901635766029358e-02
6.911455094814300537e-02
5.586446076631546021e-02
2.375587522983551025e-01
1.416156766936182976e-03
7.056315895169973373e-03
5.073452484793961048e-04
8.083434700965881348e-01
1.367973566055297852e+00
2.277100831270217896e-01
9.428584598936140537e-04
2.571640312671661377e-01
2.994294837117195129e-02
8.023034036159515381e-02
1.135918855667114258e+00
3.519823849201202393e-01
1.358819566667079926e-02
4.116476327180862427e-02
1.345623936504125595e-02
1.062849611043930054e-01
1.635825276374816895e+00
5.400567054748535156e-01
4.400926176458597183e-03
1.792134493589401245e-01
2.771326340734958649e-02
6.836679577827453613e-02
7.410027086734771729e-02
8.711335808038711548e-02
2.541974544525146484e+00
5.736819282174110413e-02
1.409968882799148560e-01
5.992047372274100780e-04
2.313852906227111816e-01
4.767242353409528732e-03
1.843076199293136597e-02
6.837569922208786011e-02
1.241338346153497696e-02
1.184861183166503906e+00
6.830042600631713867e-01
1.195426061749458313e-01
1.804996490478515625e+00
2.182484604418277740e-03
1.867956370115280151e-01
6.678519397974014282e-02
2.336106598377227783e-01
1.461791753768920898e+00
1.207302063703536987e-01
7.162039726972579956e-02
1.667062789201736450e-01
1.259980320930480957e+00
1.486572742462158203e+00
3.446666300296783447e-01
6.208173632621765137e-01
2.267342656850814819e-01
2.210231781005859375e+00
1.054229773581027985e-02
1.687243208289146423e-02
2.709648339077830315e-03
8.054159581661224365e-03
1.007542386651039124e-02
9.125784970819950104e-03
1.420105900615453720e-02
2.479443550109863281e+00
6.570227146148681641e-01
8.403820991516113281e-01
4.527066349983215332e-01
7.670709397643804550e-03
5.965510755777359009e-02
1.765930652618408203e+00
1.940643340349197388e-01
5.922380089759826660e-01
2.410974726080894470e-02
2.122856616973876953e+00
1.730501651763916016e+00
1.104385219514369965e-02
8.655332773923873901e-02
6.615082621574401855e-01
4.145239945501089096e-04
3.055690526962280273e-01
7.813184708356857300e-02
1.558649420738220215e+00
1.135906670242547989e-02
1.088579773902893066e+00
8.437133580446243286e-02
2.290071547031402588e-01
3.916813433170318604e-01
6.891316920518875122e-02
1.552568050101399422e-03
1.237164288759231567e-01
7.901830226182937622e-02
1.258027672767639160e+00
1.957047358155250549e-02
8.734225411899387836e-04
4.249946679919958115e-03
2.315110154449939728e-02
3.155424296855926514e-01
2.507317252457141876e-02
1.688759922981262207e-01
2.452463144436478615e-03
2.196409225463867188e+00
5.485793203115463257e-02
2.728880345821380615e-01
9.180030226707458496e-01
9.564112424850463867e-01
5.843949317932128906e-01
9.307008385658264160e-01
4.217896144837141037e-03
2.691357769072055817e-02
2.168990820646286011e-01
6.684214458800852299e-04
1.036345260217785835e-03
3.492553710937500000e+00
1.396976560354232788e-01
1.697356224060058594e+00
4.038572683930397034e-02
8.501613736152648926e-01
1.570778549648821354e-03
1.437004059553146362e-01
7.402780652046203613e-01
4.979479908943176270e-01
1.393505651503801346e-02
1.744307875633239746e-01
1.974405348300933838e-02
3.277211427688598633e+00
2.265034057199954987e-02
3.111998438835144043e-01
3.489172160625457764e-01
1.121729850769042969e+00
1.830451306886970997e-03
3.745316743850708008e+00
7.542066276073455811e-02
1.282465294934809208e-03
4.419822096824645996e-01
6.579696387052536011e-02
8.110021054744720459e-02
2.662084102630615234e+00
8.647220134735107422e-01
1.313792318105697632e-01
2.497111082077026367e+00
1.475070510059595108e-02
7.230351865291595459e-02
2.709034681320190430e+00
1.471332311630249023e-01
1.559734046459197998e-01
1.846111655235290527e+00
3.150501754134893417e-03
4.181279838085174561e-01
1.661005973815917969e+00
4.154862090945243835e-02
5.076601728796958923e-02
5.277364328503608704e-02
4.579888191074132919e-03
1.733086824417114258e+00
9.872301481664180756e-03
1.436105668544769287e-01
3.005156992003321648e-03
1.272640973329544067e-01
6.613873243331909180e-01
2.290229946374893188e-01
1.677059531211853027e-01
8.080763816833496094e-01
2.007318496704101562e+00
1.943194717168807983e-01
3.971197605133056641e-01
2.999616600573062897e-02
6.718575954437255859e-02
1.800261735916137695e-01
7.485518455505371094e-01
4.229485392570495605e-01
1.610519409179687500e+00
1.271637916564941406e+00
9.222139120101928711e-01
3.291633427143096924e-01
2.607835531234741211e-01
1.226652488112449646e-01
1.177378416061401367e+00
9.432081878185272217e-02
1.112729072570800781e+00
7.193494588136672974e-02
2.653376460075378418e-01
1.638518571853637695e-01
3.483244657516479492e+00
2.200940065085887909e-02
5.281775593757629395e-01
2.473572641611099243e-01
2.207447588443756104e-01
6.009918288327753544e-04
1.248890766873955727e-03
4.715379476547241211e-01
6.858358979225158691e-01
1.546313285827636719e+00
8.503112941980361938e-02
1.492359675467014313e-02
4.943112730979919434e-01
2.393509894609451294e-01
1.052248954772949219e+00
7.855252027511596680e-01
9.269647598266601562e-01
1.851227581501007080e-01
9.572765827178955078e-01
1.088192701339721680e+00
2.486612558364868164e+00
2.674343585968017578e-01
1.010081768035888672e-01
1.199774026870727539e+00
2.009733915328979492e-01
4.067080020904541016e-01
2.058764994144439697e-01
1.838075369596481323e-01
5.732586979866027832e-02
1.060076206922531128e-01
4.778274893760681152e-01
3.951434850692749023e+00
3.202775716781616211e-01
5.569320544600486755e-02
7.542961835861206055e-01
2.303030341863632202e-02
7.207722067832946777e-01
2.293147563934326172e+00
1.441253423690795898e+00
1.667217165231704712e-01
1.393114089965820312e+00
2.145598977804183960e-01
3.825505971908569336e-01
1.009527921676635742e+00
1.478526711463928223e+00
5.363747477531433105e-01
2.163414610549807549e-04
5.788587033748626709e-03
4.764264822006225586e-01
3.397998586297035217e-02
2.552008256316184998e-02
4.692138638347387314e-03
2.900992870330810547e+00
5.729176998138427734e-01
3.121371939778327942e-02
3.701584041118621826e-01
3.299484550952911377e-01
1.622498989105224609e+00
4.816087603103369474e-04
1.985286176204681396e-02
1.973423548042774200e-02
1.318282037973403931e-01
4.185250960290431976e-03
3.305287063121795654e-01
1.059358939528465271e-01
1.537530031055212021e-02
2.854570448398590088e-01
1.012289547361433506e-03
1.028677225112915039e-01
3.687726333737373352e-03
1.418449878692626953e-01
2.649030983448028564e-01
4.202320799231529236e-02
6.106696128845214844e-01
2.165487557649612427e-01
6.535584107041358948e-03
1.128418371081352234e-01
3.476292360574007034e-03
4.590427130460739136e-02
1.402239352464675903e-01
9.883326888084411621e-01
1.251203775405883789e+00
6.550577878952026367e-01
3.657497465610504150e-02
8.392069488763809204e-03
1.119852531701326370e-02
2.577556297183036804e-03
2.283618211746215820e+00
3.089395351707935333e-02
1.732888072729110718e-02
1.114235877990722656e+00
1.965321153402328491e-01
3.627956211566925049e-01
7.422092556953430176e-02
1.024084329605102539e+00
6.601694226264953613e-02
3.180502355098724365e-02
2.058535575866699219e+00
3.889685571193695068e-01
5.834761857986450195e-01
2.277339458465576172e+00
3.095245361328125000e-01
4.835019707679748535e-01
1.776671856641769409e-01
3.182969570159912109e+00
7.813144922256469727e-01
2.363640815019607544e-04
2.841173708438873291e-01
1.093183159828186035e-01
1.490198522806167603e-01
1.790735423564910889e-01
2.607945799827575684e-01
7.993544638156890869e-02
1.503963768482208252e-01
8.520203083753585815e-02
1.072814315557479858e-01
4.332658350467681885e-01
8.317889273166656494e-02
1.606553912162780762e+00
1.867291778326034546e-01
9.278681278228759766e-01
1.834907531738281250e-01
1.680898666381835938e+00
3.124839663505554199e-01
4.345976412296295166e-01
2.128536701202392578e-01
5.656442642211914062e-01
5.770136117935180664e-01
2.113849371671676636e-01
1.121556013822555542e-01
2.481483668088912964e-01
3.147574141621589661e-02
1.164406314492225647e-01
2.023000419139862061e-01
4.451484885066747665e-03
1.636609667912125587e-04
2.769513428211212158e-01
2.283291369676589966e-01
1.913761496543884277e-01
9.777371585369110107e-02
9.584600338712334633e-04
1.824509352445602417e-01
5.715456791222095490e-03
1.874026283621788025e-02
7.829620242118835449e-01
1.754700660705566406e+00
1.389489412307739258e+00
2.666574418544769287e-01
5.615554451942443848e-01
1.217828989028930664e+00
6.582219153642654419e-02
8.660864830017089844e-02
2.688081562519073486e-01
6.399225592613220215e-01
2.476739883422851562e+00
2.034082561731338501e-01
3.723398596048355103e-02
2.250023484230041504e-01
1.416910648345947266e+00
2.470499277114868164e-01
1.061871767044067383e+00
6.097791790962219238e-01
1.742393826134502888e-03
2.462560660205781460e-04
2.536731660366058350e-01
6.116246059536933899e-02
9.954979177564382553e-04
1.957540273666381836e+00
1.572355270385742188e+00
5.459337234497070312e-01
1.203765859827399254e-03
8.132761716842651367e-01
1.670157187618315220e-03
2.988940477371215820e-01
2.132261991500854492e-01
4.667162895202636719e-02
1.875891685485839844e-01
1.632201224565505981e-01
8.043255805969238281e-01
8.536370843648910522e-02
5.312492325901985168e-02
1.822002814151346684e-03
3.310667276382446289e-01
1.425206474959850311e-02
4.376435279846191406e-01
1.814469322562217712e-02
2.638520672917366028e-02
4.107392206788063049e-02
1.246166944503784180e+00
3.709109425544738770e-01
4.129749140702188015e-04
5.392440557479858398e-01
3.100084960460662842e-01
7.392912358045578003e-02
8.432884933426976204e-04
1.839613541960716248e-03
8.253679871559143066e-01
3.764294385910034180e-01
1.731276750564575195e+00
6.426987051963806152e-02
4.989144504070281982e-01
7.949291029945015907e-04
1.258146286010742188e+00
4.880464076995849609e-01
1.441504806280136108e-01
1.999240666627883911e-01
2.296955287456512451e-01
3.257388770580291748e-01
2.027778476476669312e-01
2.294024825096130371e-02
8.715990185737609863e-02
1.796165555715560913e-01
1.083125546574592590e-02
5.293331146240234375e-01
1.316794872283935547e+00
8.769992738962173462e-02
9.380884170532226562e-01
1.738602817058563232e-01
5.110463872551918030e-02
1.496234297752380371e+00
4.946133494377136230e-01
2.377422153949737549e-01
1.186168342828750610e-01
5.028146505355834961e-01
8.040877431631088257e-02
1.661469344981014729e-03
3.386336937546730042e-02
1.054064650088548660e-02
3.557038307189941406e-01
3.250215649604797363e-01
7.151581048965454102e-01
1.687648057937622070e+00
2.553616166114807129e-01
1.927747964859008789e+00
4.196528345346450806e-03
3.602286815643310547e+00
6.242715120315551758e-01
3.171496391296386719e-01
3.758480072021484375e+00
5.404405593872070312e-01
8.461569547653198242e-01
1.391862332820892334e-01
2.068227529525756836e-01
5.832260847091674805e-01
1.085035443305969238e+00
2.189978258684277534e-03
2.265216588973999023e+00
5.333018675446510315e-02
6.393634527921676636e-02
1.008907437324523926e+00
1.102686375379562378e-01
5.639766454696655273e-01
5.304498076438903809e-01
1.373658422380685806e-03
1.053993869572877884e-02
2.511784732341766357e-01
6.197748184204101562e-01
8.626685291528701782e-02
1.348563134670257568e-01
1.364093273878097534e-01
1.279834657907485962e-01
9.125167876482009888e-02
5.415713787078857422e-01
3.989951685070991516e-03
2.137194096576422453e-04
4.625847637653350830e-01
7.446778416633605957e-01
6.603206275030970573e-04
9.251332879066467285e-01
7.644520401954650879e-01
2.060742229223251343e-01
3.072934970259666443e-02
2.310703741386532784e-03
2.487543271854519844e-03
3.348566591739654541e-01
5.186507478356361389e-02
7.355428487062454224e-02
4.297376051545143127e-02
2.086098343133926392e-01
1.041666325181722641e-02
2.524913311004638672e+00
4.721498966217041016e+00
4.334415793418884277e-01
2.395082414150238037e-01
2.191576719284057617e+00
2.959612846374511719e+00
4.205414950847625732e-01
4.110331833362579346e-01
3.882192075252532959e-01
1.330797672271728516e+00
1.358713768422603607e-02
1.621335186064243317e-02
6.640931963920593262e-01
2.390577793121337891e+00
5.224455595016479492e-01
6.169338822364807129e-01
7.720157038420438766e-03
1.477032184600830078e+00
1.449812669306993484e-02
3.291459977626800537e-01
1.414845138788223267e-01
2.370566844940185547e+00
4.658094942569732666e-01
2.080558091402053833e-01
8.416775614023208618e-03
1.967591196298599243e-01
6.105733513832092285e-01
9.382820129394531250e-02
1.512172669172286987e-01
1.224814355373382568e-01
6.940339808352291584e-04
3.417961997911334038e-03
1.071298003196716309e+00
6.633263826370239258e-01
3.350180089473724365e-01
1.913814693689346313e-01
1.536749899387359619e-01
8.271981477737426758e-01
7.079976797103881836e-02
1.706371456384658813e-01
3.487708047032356262e-02
3.449681913480162621e-03
3.262952268123626709e-01
2.078261226415634155e-01
2.048339694738388062e-01
3.167902529239654541e-01
2.341510951519012451e-01
2.421353906393051147e-01
3.613694906234741211e-01
3.424496157094836235e-03
3.117316216230392456e-02
1.639735817909240723e+00
7.624623179435729980e-02
1.546074271202087402e+00
1.690010428428649902e-01
2.125103473663330078e+00
1.991152763366699219e-02
9.626674652099609375e-01
8.224138617515563965e-01
9.814106859266757965e-03
2.534029632806777954e-02
6.657217144966125488e-01
1.433311998844146729e-01
2.083294689655303955e-01
8.759226799011230469e-01
4.000637680292129517e-03
1.490633964538574219e+00
6.278196815401315689e-03
9.086212143301963806e-03
3.443214669823646545e-02
2.492466121912002563e-01
3.824456930160522461e-01
4.083538353443145752e-01
3.226407766342163086e-01
7.859801650047302246e-01
1.997501123696565628e-03
2.294036559760570526e-02
4.408700019121170044e-02
1.242083671968430281e-04
8.848406076431274414e-01
3.741304576396942139e-01
1.417543739080429077e-02
2.324144989252090454e-01
5.326840095221996307e-03
2.594083547592163086e-03
2.135660171508789062e+00
1.183358766138553619e-02
4.549349099397659302e-02
2.383500337600708008e-01
1.028591170907020569e-01
2.719638347625732422e+00
5.233110277913510799e-04
1.993267796933650970e-02
1.618473231792449951e-02
5.732692480087280273e-01
2.748948931694030762e-01
3.426558896899223328e-02
6.633523385971784592e-03
7.517100870609283447e-02
1.067104101181030273e+00
3.117408603429794312e-02
7.849209308624267578e-01
9.574294686317443848e-01
2.691752277314662933e-02
4.132050573825836182e-01
9.563190490007400513e-02
4.761959239840507507e-02
7.821809649467468262e-01
8.797221817076206207e-03
3.767655696719884872e-03
9.155611395835876465e-01
1.057330518960952759e-04
7.051462307572364807e-03
5.679868906736373901e-02
5.752824619412422180e-02
2.161671817302703857e-01
4.965032637119293213e-02
5.920140072703361511e-02
1.487834006547927856e-01
1.728435792028903961e-02
6.695656478404998779e-02
1.934243679046630859e+00
3.431158304214477539e+00
1.722464114427566528e-01
2.450836598873138428e-01
4.379129037261009216e-02
5.114462226629257202e-02
4.006674587726593018e-01
4.877495765686035156e-01
5.796320438385009766e-01
8.714864403009414673e-02
2.018320839852094650e-03
2.635369300842285156e-01
3.509767353534698486e-01
2.625608146190643311e-01
1.053145378828048706e-01
2.807117402553558350e-01
9.819588065147399902e-02
1.117229685187339783e-01
3.235835209488868713e-02
1.979474127292633057e-01
1.668601483106613159e-01
2.761039137840270996e-01
7.841762900352478027e-01
9.039658904075622559e-01
3.390929196029901505e-04
3.001190125942230225e-01
3.288508951663970947e-01
9.903108701109886169e-03
7.102108746767044067e-02
7.477163076400756836e-01
4.612022638320922852e-01
8.396115154027938843e-02
5.310412496328353882e-02
9.284398555755615234e-01
9.905102849006652832e-02
2.567857503890991211e-02
1.707906089723110199e-02
2.214643001556396484e+00
2.797504186630249023e+00
4.466412961483001709e-02
8.492730855941772461e-01
2.484132908284664154e-02
2.078101485967636108e-01
4.570631426759064198e-04
3.788360655307769775e-01
1.071315035223960876e-01
4.305498208850622177e-03
3.830240806564688683e-03
1.011217827908694744e-03
4.005277752876281738e-01
7.258869707584381104e-02
1.392619729042053223e+00
2.992472648620605469e-01
2.199447341263294220e-02
5.500363707542419434e-01
1.535428338684141636e-03
1.176811695098876953e+00
4.164962172508239746e-01
2.700079083442687988e-01
1.033150672912597656e+00
2.121762558817863464e-02
1.711070165038108826e-02
1.121619939804077148e-01
1.756407022476196289e-01
3.051915168762207031e-01
1.721607446670532227e+00
7.860609292984008789e-01
1.868089884519577026e-01
1.598629401996731758e-03
1.116392835974693298e-01
6.229744292795658112e-03
1.446581333875656128e-01
2.290914021432399750e-02
8.578907847404479980e-01
4.562242701649665833e-02
2.485762834548950195e+00
2.194482982158660889e-01
4.596108570694923401e-02
5.025792634114623070e-04
2.343698889017105103e-01
1.561537861824035645e+00
1.123099088668823242e+00
2.603952307254076004e-03
3.027931213378906250e+00
2.011122256517410278e-01
1.006220653653144836e-02
8.387219309806823730e-01
6.856761872768402100e-02
4.533620774745941162e-01
4.170257747173309326e-01
2.019638940691947937e-02
5.260198377072811127e-03
2.125905640423297882e-02
1.293217837810516357e-01
2.212978303432464600e-01
6.850994541309773922e-04
3.345539271831512451e-01
1.084076240658760071e-01
3.837978243827819824e-01
7.778957486152648926e-02
2.000837326049804688e+00
4.802609235048294067e-02
8.128618448972702026e-02
1.600431054830551147e-01
1.149585723876953125e+00
2.018635123968124390e-01
3.498985767364501953e-01
1.706406623125076294e-01
1.045292496681213379e+00
9.856721758842468262e-02
3.897176742553710938e+00
3.379600346088409424e-01
6.532268133014440536e-03
1.634881019592285156e+00
1.295560896396636963e-01
8.225896358489990234e-01
1.614921987056732178e-01
1.410865485668182373e-01
1.143485754728317261e-01
8.464099168777465820e-01
5.054390802979469299e-02
4.628312960267066956e-02
6.168118491768836975e-02
5.942002311348915100e-02
7.583513110876083374e-02
1.184513326734304428e-02
4.644553363323211670e-02
5.017535686492919922e-01
1.207537651062011719e-01
7.334567606449127197e-03
2.617122232913970947e-01
3.966700732707977295e-01
1.934050768613815308e-02
4.480205010622739792e-03
2.691508643329143524e-02
3.787905275821685791e-01
9.994200617074966431e-02
2.622857224196195602e-03
1.018045425415039062e+00
1.094434410333633423e-01
2.164801061153411865e-01
3.082772195339202881e-01
1.150836706161499023e+00
1.177602559328079224e-01
3.535588085651397705e-02
1.806349039077758789e+00
1.197348907589912415e-01
4.049316979944705963e-03
1.756018996238708496e-01
8.905901312828063965e-01
2.445354461669921875e+00
1.406928539276123047e+00
4.709201753139495850e-01
1.763746738433837891e-01
8.408855646848678589e-03
7.915320806205272675e-03
8.457849919795989990e-02
5.480147600173950195e-01
3.150623664259910583e-02
2.613342702388763428e-01
2.344611734151840210e-01
1.141944974660873413e-01
5.697910115122795105e-02
5.205055233091115952e-03
3.918930888175964355e-01
2.133029460906982422e+00
1.820225119590759277e+00
1.247639894485473633e+00
8.832315914332866669e-03
4.875675309449434280e-03
6.175481528043746948e-02
8.991146087646484375e-01
7.753246277570724487e-02
1.868806779384613037e-01
1.513743866235017776e-02
6.089467089623212814e-03
7.543102256022393703e-04
1.537916213274002075e-01
8.400258421897888184e-02
3.857003152370452881e-01
9.476060420274734497e-02
2.141875743865966797e+00
3.278201620560139418e-05
5.639905333518981934e-01
7.635557651519775391e-02
9.653957933187484741e-02
9.396511912345886230e-01
1.756086945533752441e-01
1.868156433105468750e+00
1.624690630706027150e-04
2.424636157229542732e-03
4.944510012865066528e-02
3.181125968694686890e-02
1.626928925514221191e+00
5.193133950233459473e-01
1.351864784955978394e-01
2.070363998413085938e+00
2.777644395828247070e-01
1.636194996535778046e-02
1.751746654510498047e+00
1.431006431579589844e+00
1.812245463952422142e-03
1.152812361717224121e+00
1.506980624981224537e-03
4.370605200529098511e-02
1.241326406598091125e-01
4.154713451862335205e-02
1.063058137893676758e+00
6.974691152572631836e-02
1.796076633036136627e-02
1.252852566540241241e-02
9.749809503555297852e-01
1.051334857940673828e+00
3.235186636447906494e-01
3.115794658660888672e-01
1.239961246028542519e-03
1.298045665025711060e-01
1.160356044769287109e+00
2.507995069026947021e-01
9.533566981554031372e-02
2.827790193259716034e-02
1.905183196067810059e-01
5.681693181395530701e-02
9.380607604980468750e-01
3.344424962997436523e-01
3.168452739715576172e+00
1.308650430291891098e-02
8.244784176349639893e-02
5.697008371353149414e-01
1.879312247037887573e-01
3.062801361083984375e-01
4.182472527027130127e-01
2.552972733974456787e-02
4.720257967710494995e-02
2.132092475891113281e+00
3.264546021819114685e-02
2.261135578155517578e-01
1.071191877126693726e-01
1.132252290844917297e-01
6.766501348465681076e-03
8.192933201789855957e-01
2.818883955478668213e-01
3.282414376735687256e-01
4.688342101871967316e-03
3.195952475070953369e-01
2.270243130624294281e-02
1.835175454616546631e-01
4.925032854080200195e-01
1.635362207889556885e-02
3.393380641937255859e+00
1.610883884131908417e-02
6.596922874450683594e-01
4.791183471679687500e-01
3.427972495555877686e-01
1.470932066440582275e-01
2.582123577594757080e-01
1.247819900512695312e+00
6.142065525054931641e-01
1.280102133750915527e-01
1.318333297967910767e-02
3.530363738536834717e-02
2.048537507653236389e-02
7.492536213248968124e-03
3.507078886032104492e-01
3.228136897087097168e-02
7.177773863077163696e-02
1.367157138884067535e-02
1.760189652442932129e+00
4.265863299369812012e-01
3.445396125316619873e-01
2.108529061079025269e-01
8.329399824142456055e-01
5.372630357742309570e-01
2.180997096002101898e-02
3.410038053989410400e-01
7.126899361610412598e-01
2.199855446815490723e-02
5.167579511180520058e-04
3.466131910681724548e-02
1.420019626617431641e+00
9.570448845624923706e-02
4.035218060016632080e-02
1.253477185964584351e-01
6.072239279747009277e-01
6.532716751098632812e-02
1.290453195571899414e+00
3.823502920567989349e-04
4.346057027578353882e-02
1.467806100845336914e+00
1.169124841690063477e-01
1.666927635669708252e-01
4.691426642239093781e-03
2.132676094770431519e-01
3.915745913982391357e-01
1.997521333396434784e-02
3.109035789966583252e-01
8.234951645135879517e-03
3.805216848850250244e-01
3.375146538019180298e-02
5.606037005782127380e-02
3.097541928291320801e-01
2.497540414333343506e-01
4.301989451050758362e-02
4.717704653739929199e-01
8.215030282735824585e-02
2.269206009805202484e-02
2.765675485134124756e-01
2.319778919219970703e+00
5.414403975009918213e-02
1.713495887815952301e-02
9.146164059638977051e-01
2.327367514371871948e-01
4.095160961151123047e-02
5.560863763093948364e-02
8.982723578810691833e-03
1.401149332523345947e-01
2.716443315148353577e-02
6.742666363716125488e-01
1.352706109173595905e-03
1.327868103981018066e-01
7.424394786357879639e-02
1.678803265094757080e-01
3.388572484254837036e-02
1.267659306526184082e+00
8.839457035064697266e-01
2.302366308867931366e-02
9.418477118015289307e-02
2.894738316535949707e-01
9.913849644362926483e-03
7.241075858473777771e-03
6.524826884269714355e-01
7.977753281593322754e-01
1.373411118984222412e-01
1.498419605195522308e-02
6.727101281285285950e-04
8.931750804185867310e-02
2.473341114819049835e-02
2.806441672146320343e-02
3.104487061500549316e-01
5.766898393630981445e-01
1.041111573576927185e-01
9.671313762664794922e-01
7.865291088819503784e-03
2.530691325664520264e-01
1.568132638931274414e+00
2.207791805267333984e-01
3.893670439720153809e-01
4.052152931690216064e-01
9.964272975921630859e-01
2.251896858215332031e+00
2.045619636774063110e-01
1.300594657659530640e-01
4.564543440937995911e-02
1.474254369735717773e+00
1.839759230613708496e+00
5.704295635223388672e-01
9.362954646348953247e-03
1.017292857170104980e+00
2.569250762462615967e-01
1.095936670899391174e-01
4.392024595290422440e-03
4.723646491765975952e-02
1.836194470524787903e-02
8.768150210380554199e-01
2.779015779495239258e+00
6.754876375198364258e-01
5.113103389739990234e-01
6.400635093450546265e-02
1.121706366539001465e+00
7.075694203376770020e-01
2.881975769996643066e-01
1.372319012880325317e-01
1.583751873113214970e-03
1.434170305728912354e-01
4.496678411960601807e-01
7.399769499897956848e-03
4.043295979499816895e-01
2.373380120843648911e-03
1.135500520467758179e-01
2.193546481430530548e-02
1.009375452995300293e+00
1.692301511764526367e+00
1.102559268474578857e-01
1.883335858583450317e-01
1.129823154769837856e-03
1.520799845457077026e-01
3.216928103938698769e-03
1.587167233228683472e-01
1.785800576210021973e+00
2.202082797884941101e-02
2.061364948749542236e-01
2.153662145137786865e-01
2.767306519672274590e-03
1.945462077856063843e-02
7.421778980642557144e-03
2.466066181659698486e-01
8.579895496368408203e-01
1.098150014877319336e-01
8.420730829238891602e-01
6.844528019428253174e-02
2.994341310113668442e-03
4.159516468644142151e-02
3.898777365684509277e-01
2.089161239564418793e-02
6.678522098809480667e-03
2.818321809172630310e-02
1.922743394970893860e-02
2.089801728725433350e-01
3.823510929942131042e-02
3.215739736333489418e-03
3.370674327015876770e-02
7.656264933757483959e-04
2.460235655307769775e-01
4.809824004769325256e-02
9.216254353523254395e-01
1.810579746961593628e-01
1.657207608222961426e-01
2.889463305473327637e-01
1.622163772583007812e+00
1.252593565732240677e-02
8.938879966735839844e-01
1.163471221923828125e+00
3.015397489070892334e-01
6.522921919822692871e-01
1.277890086174011230e+00
8.703523129224777222e-02
5.895660519599914551e-01
3.129456043243408203e+00
4.588309526443481445e-01
1.995623350143432617e+00
3.178341686725616455e-01
2.791070938110351562e-02
1.205527596175670624e-02
1.650759391486644745e-02
1.647533923387527466e-01
4.049079492688179016e-03
1.602056384086608887e+00
2.583402022719383240e-02
1.251940250396728516e+00
1.527105178683996201e-02
3.803475946187973022e-02
1.981088668107986450e-01
3.749569877982139587e-02
3.772893548011779785e-01
9.720839262008666992e-01
2.175226658582687378e-01
2.424423000775277615e-04
2.356235265731811523e+00
3.083435297012329102e-01
1.168678980320692062e-02
1.815721951425075531e-02
2.132555842399597168e-01
3.829528111964464188e-03
4.354163073003292084e-03
8.800412528216838837e-03
6.041978597640991211e-01
1.368975192308425903e-01
2.190530002117156982e-01
1.230932772159576416e-01
4.102423191070556641e-01
8.746261149644851685e-02
2.576938271522521973e-01
1.086273670196533203e+00
2.741488814353942871e-01
3.382096067070960999e-02
7.627627253532409668e-02
1.385885179042816162e-01
9.611825346946716309e-01
3.174985647201538086e-01
2.806298434734344482e-03
6.364552769809961319e-03
2.789024412631988525e-01
1.432445645332336426e-02
9.459739923477172852e-02
2.338881045579910278e-02
4.613457322120666504e-01
1.174568235874176025e-01
1.525670528411865234e+00
1.224930360913276672e-01
1.401391267776489258e+00
2.881430648267269135e-02
5.643010511994361877e-02
8.724128007888793945e-01
7.694382802583277225e-04
5.618952959775924683e-02
1.269562989473342896e-01
3.279068171977996826e-01
1.676082611083984375e-01
7.040353864431381226e-02
7.684786804020404816e-03
1.247437018901109695e-02
2.964535057544708252e-01
1.053286064416170120e-02
2.103394418954849243e-01
2.343737147748470306e-02
8.751110434532165527e-01
4.034072905778884888e-02
8.533518314361572266e-01
6.903961896896362305e-01
1.632371731102466583e-02
1.332726240158081055e+00
8.248643279075622559e-01
1.044862985610961914e+00
7.892874628305435181e-02
5.004883408546447754e-01
1.760362996719777584e-03
4.153318330645561218e-02
2.369624853134155273e+00
1.147208735346794128e-01
1.581404507160186768e-01
9.296999126672744751e-02
2.358804270625114441e-02
2.196750640869140625e+00
6.560667753219604492e-01
1.620584540069103241e-02
6.978738307952880859e-02
7.304722815752029419e-02
5.445527844130992889e-03
6.389269232749938965e-01
3.015731573104858398e-01
5.734184291213750839e-03
8.115139007568359375e-01
1.311853408813476562e+00
8.621480315923690796e-02
1.085547953844070435e-01
5.067955236881971359e-03
6.268737316131591797e-01
1.205145493149757385e-01
2.378145903348922729e-01
1.492689967155456543e+00
1.159592196345329285e-01
5.025255959481000900e-03
8.534252047538757324e-01
5.116813182830810547e-01
8.126299977302551270e-01
7.969911694526672363e-01
1.410183310508728027e-01
1.188554644584655762e+00
5.541118383407592773e-01
2.782726883888244629e-01
8.821071982383728027e-01
5.058405399322509766e-01
6.363012827932834625e-03
5.509806275367736816e-01
1.031105406582355499e-03
6.333302855491638184e-01
4.145109057426452637e-01
2.857212066650390625e+00
3.940543532371520996e-02
1.682257771492004395e+00
6.792431697249412537e-03
3.175337798893451691e-03
2.043385982513427734e+00
1.001292541623115540e-01
2.392962932586669922e+00
2.400272190570831299e-01
9.969732910394668579e-02
1.295309513807296753e-01
3.725059628486633301e-01
3.147208690643310547e-01
6.461936980485916138e-02
5.132369995117187500e+00
2.237792015075683594e+00
5.327333509922027588e-02
6.487403512001037598e-01
1.111994504928588867e+00
1.645654290914535522e-01
3.760268390178680420e-01
1.168349105864763260e-02
7.581877708435058594e-02
2.191789150238037109e-01
7.221931219100952148e-01
2.332510985434055328e-02
1.638512611389160156e-01
4.395822528749704361e-03
1.189643025398254395e+00
3.100786209106445312e-01
6.734514236450195312e-02
1.912955284118652344e+00
1.267971277236938477e+00
2.721944451332092285e-01
1.170641183853149414e+00
8.747000247240066528e-03
3.325473964214324951e-01
2.424763701856136322e-02
4.098444804549217224e-02
8.889692276716232300e-02
7.915342450141906738e-01
3.027275502681732178e-01
4.902964457869529724e-02
8.416657336056232452e-03
1.411960832774639130e-02
2.978506982326507568e-01
1.445881128311157227e+00
2.088546156883239746e-01
9.380442649126052856e-02
4.768415167927742004e-02
3.028961829841136932e-02
2.751410007476806641e-01
1.844915300607681274e-01
3.290754556655883789e+00
4.769523739814758301e-01
2.696939371526241302e-02
9.369411418447270989e-05
2.917788326740264893e-01
2.554773569107055664e+00
9.279691614210605621e-03
3.988509178161621094e-01
5.338223185390233994e-03
6.324948072433471680e-01
5.183073282241821289e-01
1.546157803386449814e-02
5.999314785003662109e-01
4.078475534915924072e-01
1.130119431763887405e-02
7.136058062314987183e-02
1.757878959178924561e-01
4.157206416130065918e-02
1.682753324508666992e+00
5.255354046821594238e-01
9.443076848983764648e-01
1.098183169960975647e-01
2.941896319389343262e-01
9.496833384037017822e-02
2.807368291541934013e-03
1.518764533102512360e-03
2.062461078166961670e-01
7.314363121986389160e-02
2.411777712404727936e-02
4.245317075401544571e-03
1.578948460519313812e-02
2.449482679367065430e-01
1.784403866622596979e-04
6.478711962699890137e-01
2.075442671775817871e-02
3.430299162864685059e-01
3.069876730442047119e-01
4.235657677054405212e-02
2.152482986450195312e+00
6.393454968929290771e-03
8.833980560302734375e-01
4.637165665626525879e-01
1.167181253433227539e+00
5.494538545608520508e-01
3.033639490604400635e-01
1.123409748077392578e+00
5.114496126770973206e-02
2.277223318815231323e-01
3.558755517005920410e-01
1.405907422304153442e-02
1.004623889923095703e+00
6.204951554536819458e-02
6.897459179162979126e-02
9.720728732645511627e-03
9.254013895988464355e-01
9.646822698414325714e-03
4.812107235193252563e-02
3.603039309382438660e-03
1.238063573837280273e+00
2.145159617066383362e-02
1.107765883207321167e-01
1.259249052964150906e-03
1.092970445752143860e-01
3.097262699156999588e-03
2.884606122970581055e-01
4.510294273495674133e-02
2.262058435007929802e-03
4.603981971740722656e-01
1.219005659222602844e-01
2.142974585294723511e-01
6.682756543159484863e-02
4.200940728187561035e-01
1.287021517753601074e+00
5.100865960121154785e-01
5.456271767616271973e-01
4.820241406559944153e-02
3.035225905478000641e-03
6.748142838478088379e-02
9.249276518821716309e-01
5.766947939991950989e-02
6.195338442921638489e-02
3.247827887535095215e-01
1.349718272686004639e-01
2.283110748976469040e-03
2.357922315597534180e+00
1.528793424367904663e-01
2.572497427463531494e-01
5.815110802650451660e-01
5.067842602729797363e-01
1.270202454179525375e-03
8.552011102437973022e-02
9.549311548471450806e-02
7.848702669143676758e-01
5.194339156150817871e-02
4.827160239219665527e-01
3.221708175260573626e-04
1.101353645324707031e+00
4.968220591545104980e-01
1.577980220317840576e-01
1.246917843818664551e+00
5.983890965580940247e-03
2.037121057510375977e+00
1.042113825678825378e-01
1.792628645896911621e+00
6.335416436195373535e-01
4.482850804924964905e-02
5.012238025665283203e-01
1.089716926217079163e-01
7.287109494209289551e-01
1.951362013816833496e+00
4.319211875554174185e-04
7.123657464981079102e-01
1.656370311975479126e-01
8.432378992438316345e-03
1.192223548889160156e+00
3.441325947642326355e-02
5.095715075731277466e-02
1.092037916183471680e+00
8.874955773353576660e-02
5.193021893501281738e-01
7.545028328895568848e-01
1.846561729907989502e-01
1.372033953666687012e+00
1.332546770572662354e-01
1.227842941880226135e-01
7.621733006089925766e-03
3.002381324768066406e-02
1.372110797092318535e-03
2.741905301809310913e-02
5.978352427482604980e-01
9.671941995620727539e-01
1.850776560604572296e-02
1.828888893127441406e+00
5.187458172440528870e-02
4.999991506338119507e-03
1.381298005580902100e-01
2.359114140272140503e-01
1.315392088145017624e-02
1.872060820460319519e-02
4.922087192535400391e-01
6.868405938148498535e-01
4.961203783750534058e-03
2.421483099460601807e-01
9.565545478835701942e-04
9.571055322885513306e-02
9.386292845010757446e-02
6.282115727663040161e-02
9.996660519391298294e-04
4.755434989929199219e-01
3.429710268974304199e-01
1.929009318351745605e+00
7.200083881616592407e-02
2.548243105411529541e-02
1.505353093147277832e+00
1.097558531910181046e-02
1.121767401695251465e+00
1.228199481964111328e+00
5.092250704765319824e-01
1.261127710342407227e+00
8.620903827250003815e-03
1.488585919141769409e-01
2.527734963223338127e-03
3.577976254746317863e-03
5.928935408592224121e-01
1.169712399132549763e-03
1.302026510238647461e-01
2.570729494094848633e+00
1.935546398162841797e+00
1.748989105224609375e+00
1.353042572736740112e-01
4.066769964993000031e-03
1.565093249082565308e-01
2.386005967855453491e-01
3.068455159664154053e-01
2.707964777946472168e-01
1.875760257244110107e-01
2.208642244338989258e+00
1.016789674758911133e+00
1.407279819250106812e-01
5.765237845480442047e-03
2.338690757751464844e+00
3.349003568291664124e-02
2.944627217948436737e-02
1.654112897813320160e-02
1.329080015420913696e-01
1.572060398757457733e-02
2.164573036134243011e-02
3.555387854576110840e-01
1.079375483095645905e-02
1.011430740356445312e+00
8.400159329175949097e-02
1.121549606323242188e-01
6.053945422172546387e-01
1.187105011194944382e-02
1.487349510192871094e+00
2.390176057815551758e+00
3.202775493264198303e-02
2.192706800997257233e-02
9.489076212048530579e-03
1.905984282493591309e-01
4.744653105735778809e-01
3.285309672355651855e-01
3.128084912896156311e-02
3.512836620211601257e-02
1.330060243606567383e+00
2.762714922428131104e-01
1.693287014961242676e+00
1.124587208032608032e-01
4.576821327209472656e-01
1.157167196273803711e+00
1.586462497711181641e+00
1.567715853452682495e-01
1.084197089076042175e-01
1.081169830285944045e-04
4.784765839576721191e-01
3.362384438514709473e-01
1.907926082611083984e+00
5.552307963371276855e-01
2.114024758338928223e-02
1.713862717151641846e-01
2.893961668014526367e-01
2.256331592798233032e-01
8.461812511086463928e-03
2.414992600679397583e-01
4.639521241188049316e-01
1.086143627762794495e-01
9.045022726058959961e-01
7.984440326690673828e-01
4.832115173339843750e+00
3.572193980216979980e-01
2.677109241485595703e+00
1.030918303877115250e-02
1.158914804458618164e+00
2.191810160875320435e-01
4.638365209102630615e-01
1.507907658815383911e-01
2.141634225845336914e-01
1.283298712223768234e-03
1.732735708355903625e-02
1.476238369941711426e-01
8.480124473571777344e-01
6.761792302131652832e-02
2.919425070285797119e-02
7.073835283517837524e-02
1.483606845140457153e-01
1.933215111494064331e-01
8.656235933303833008e-01
4.032044112682342529e-01
2.690695822238922119e-01
3.330816924571990967e-01
2.725343406200408936e-01
1.465395927429199219e+00
8.037765026092529297e-01
6.318601608276367188e+00
2.667680382728576660e-03
3.168081166222691536e-04
5.867576971650123596e-02
9.058686904609203339e-03
2.184427380561828613e-01
2.020515128970146179e-02
1.205953806638717651e-01
4.516951143741607666e-01
1.934414803981781006e-01
8.480302989482879639e-02
2.172451615333557129e-01
1.075158044695854187e-01
9.770830720663070679e-02
1.023349046707153320e+00
4.226872920989990234e+00
1.167345762252807617e+00
1.353708267211914062e+00
8.109238743782043457e-01
1.969455361366271973e+00
8.854007124900817871e-01
5.663022994995117188e-01
1.590183734893798828e+00
1.382818073034286499e-01
1.349789738655090332e+00
8.137146383523941040e-02
5.406222343444824219e-01
1.266730725765228271e-01
9.197208285331726074e-02
6.850673258304595947e-02
2.589477598667144775e-02
5.266171693801879883e-01
7.916413247585296631e-02
1.008531808853149414e+00
5.111497044563293457e-01
2.027349472045898438e+00
1.324756026268005371e+00
2.573580443859100342e-01
1.446040999144315720e-02
6.928074359893798828e-02
2.852395474910736084e-01
1.124239936470985413e-01
3.519638255238533020e-02
2.250465564429759979e-02
2.161045670509338379e-01
2.732312865555286407e-02
1.274369424208998680e-03
4.649412631988525391e-02
2.665546350181102753e-02
5.963051319122314453e-01
4.380099102854728699e-02
5.100869387388229370e-02
1.487666726112365723e+00
1.443298459053039551e+00
3.916808404028415680e-03
6.220099329948425293e-01
1.248755585402250290e-02
6.020829677581787109e-01
1.589257955551147461e+00
2.785373628139495850e-01
1.595177804119884968e-03
1.201750159263610840e+00
1.064615920186042786e-01
2.461447268724441528e-01
1.267331652343273163e-02
3.892227709293365479e-01
1.725882291793823242e-01
1.283856481313705444e-02
7.503476738929748535e-02
6.123116239905357361e-03
7.175570130348205566e-01
2.012549489736557007e-01
1.412205994129180908e-01
4.555317759513854980e-02
6.130663752555847168e-01
6.436332594603300095e-03
3.612304106354713440e-03
2.413022890686988831e-02
5.639743059873580933e-02
3.094423003494739532e-02
1.238233923912048340e+00
4.841316044330596924e-01
2.469584532082080841e-02
1.958596752956509590e-03
3.787725931033492088e-03
3.607433661818504333e-02
1.482169926166534424e-01
3.114196956157684326e-01
6.241827737540006638e-03
4.417423624545335770e-03
2.663898766040802002e-01
1.709253899753093719e-02
7.540719816461205482e-04
1.404473036527633667e-01
4.957575201988220215e-01
1.030386567115783691e+00
1.276440024375915527e+00
2.058095693588256836e+00
7.873749136924743652e-01
2.908395230770111084e-01
9.639248251914978027e-01
5.996878743171691895e-01
1.923148781061172485e-01
4.022519662976264954e-02
6.799075752496719360e-02
1.103507354855537415e-01
6.180715188384056091e-02
2.865021117031574249e-03
1.353415489196777344e+00
3.309489460662007332e-03
1.343683246523141861e-02
1.319394707679748535e-01
1.128292456269264221e-02
1.007883343845605850e-03
1.533404923975467682e-03
8.624449372291564941e-03
8.520410954952239990e-02
8.189431391656398773e-03
5.865760613232851028e-04
2.647138237953186035e-01
3.704365491867065430e-01
2.352563478052616119e-02
1.080928966403007507e-01
6.894134450703859329e-03
1.277562528848648071e-01
4.629607778042554855e-03
9.605531692504882812e-01
6.289072036743164062e-01
2.861542999744415283e-01
8.246893063187599182e-03
8.518754839897155762e-01
1.211961284279823303e-01
1.002454087138175964e-01
3.315436542034149170e-01
1.613517880439758301e+00
4.353125691413879395e-01
4.108260273933410645e-01
1.301709413528442383e-01
4.546168744564056396e-01
1.287621855735778809e+00
1.696810573339462280e-01
3.916814327239990234e-01
3.245437145233154297e-02
9.165432453155517578e-01
7.866054177284240723e-01
4.768583178520202637e-01
8.468387275934219360e-02
1.684480905532836914e-01
6.665159761905670166e-02
4.657024890184402466e-02
1.396888345479965210e-01
1.654488005442544818e-04
9.844774007797241211e-02
8.096104115247726440e-02
3.039024114608764648e+00
5.035204887390136719e-01
3.393838554620742798e-02
3.002615869045257568e-01
1.003596116788685322e-03
3.263388061895966530e-03
4.948060512542724609e-01
1.604937366209924221e-03
1.178010273724794388e-02
5.944512486457824707e-01
1.548211276531219482e-01
4.821578972041606903e-03
1.856866991147398949e-03
1.499899290502071381e-02
7.522380352020263672e-01
7.552362680435180664e-01
1.780006736516952515e-01
1.006075763143599033e-04
1.017834022641181946e-01
1.812827438116073608e-01
2.940621674060821533e-01
1.134467078372836113e-03
1.184934824705123901e-01
9.571174383163452148e-01
1.496082637459039688e-02
2.496925741434097290e-01
1.463697433471679688e+00
3.942974805831909180e+00
2.727737724781036377e-01
4.197400808334350586e-01
2.239176332950592041e-01
4.627220332622528076e-02
1.364734411239624023e+00
2.092801779508590698e-01
1.073029562830924988e-01
1.466505050659179688e+00
1.629178225994110107e-01
3.174162283539772034e-02
3.495259955525398254e-02
1.230059504508972168e+00
1.741313487291336060e-01
1.980868540704250336e-02
1.950431168079376221e-01
9.277172386646270752e-02
4.983045160770416260e-01
4.291198030114173889e-02
3.186647295951843262e-01
2.938376367092132568e-02
2.815783023834228516e-01
3.967119157314300537e-01
2.009873976930975914e-03
1.935190320014953613e+00
7.020830363035202026e-02
1.742822863161563873e-02
2.030732154846191406e+00
1.794706657528877258e-02
8.311296701431274414e-01
7.998277246952056885e-02
5.494177341461181641e-02
1.541138589382171631e-01
5.507236719131469727e-01
3.160594940185546875e+00
2.382428884506225586e+00
5.600804686546325684e-01
2.189790606498718262e-01
9.742573499679565430e-01
3.299758732318878174e-01
7.754558324813842773e-02
1.391839534044265747e-01
3.544874906539916992e+00
1.357595771551132202e-01
1.868301272392272949e+00
9.995986819267272949e-01
1.123336479067802429e-01
1.236596554517745972e-01
2.130083553493022919e-02
4.821578972041606903e-03
1.003651261329650879e+00
1.132919103838503361e-03
6.234547495841979980e-02
7.108086347579956055e-01
1.019434886984527111e-03
1.255536638200283051e-02
1.053109914064407349e-01
1.069703102111816406e-01
1.261884689331054688e+00
2.716819941997528076e-01
2.837970387190580368e-04
2.054061651229858398e+00
3.307561874389648438e-01
4.452345967292785645e-01
1.456110000610351562e+00
5.132952928543090820e-01
9.263747371733188629e-03
3.967943191528320312e-01
1.323745101690292358e-01
2.059614956378936768e-01
1.621140718460083008e+00
6.193388253450393677e-04
2.331086635589599609e+00
1.401988565921783447e-01
2.543606236577033997e-02
4.267981946468353271e-01
8.102117478847503662e-02
1.996828675270080566e+00
6.190676987171173096e-02
1.767621957696974277e-03
8.424291759729385376e-02
9.182555675506591797e-01
2.334851264953613281e+00
1.962880417704582214e-02
1.650165170431137085e-01
5.457848682999610901e-02
1.708275973796844482e-01
1.223383188247680664e+00
1.901610195636749268e-02
1.112792789936065674e-01
3.624756634235382080e-01
1.283108830451965332e+00
3.458917140960693359e+00
3.988071680068969727e-01
3.579284548759460449e-01
5.211224555969238281e-01
1.336418867111206055e+00
9.218355268239974976e-02
1.379833966493606567e-01
2.350748062133789062e+00
8.118572831153869629e-02
8.924502730369567871e-01
4.659298062324523926e-01
4.882081411778926849e-03
3.950054943561553955e-02
1.536581218242645264e-01
2.567480802536010742e+00
7.069606781005859375e-01
4.034015908837318420e-02
2.672792645171284676e-03
3.993589580059051514e-01
2.833995968103408813e-03
1.193105056881904602e-01
2.237995564937591553e-01
5.010872706770896912e-02
5.060113072395324707e-01
3.997565209865570068e-01
1.816297471523284912e-01
1.444814920425415039e+00
3.639371693134307861e-02
1.037701442837715149e-01
1.023260690271854401e-02
2.338524162769317627e-01
2.748285653069615364e-03
2.373476922512054443e-01
4.639423847198486328e+00
2.779837846755981445e+00
4.639819264411926270e-02
6.425174069590866566e-05
4.349404573440551758e-01
1.054347679018974304e-02
4.494382381439208984e+00
6.486764550209045410e-02
7.220454812049865723e-01
2.358038444072008133e-03
1.174895524978637695e+00
8.027326464653015137e-01
8.785877376794815063e-03
6.399474143981933594e-01
1.447772264480590820e+00
2.903388440608978271e-02
6.799788773059844971e-02
1.559890434145927429e-02
1.958987861871719360e-02
1.852508448064327240e-02
2.928705811500549316e-01
1.200451143085956573e-02
1.005429960787296295e-02
1.453367233276367188e+00
3.703079000115394592e-02
7.500059902667999268e-02
1.706067919731140137e-01
4.155468940734863281e-01
2.744677290320396423e-02
1.149652361869812012e+00
4.481516480445861816e-01
1.215292513370513916e-01
9.886886477470397949e-01
5.980542898178100586e-01
5.873309373855590820e-01
6.118780374526977539e-02
2.769217491149902344e+00
1.823424547910690308e-01
5.000900626182556152e-01
4.510525763034820557e-01
3.038215339183807373e-01
1.884719170629978180e-02
5.358213675208389759e-04
2.112985961139202118e-02
7.808872498571872711e-03
1.738876402378082275e-01
1.636755615472793579e-01
2.969938516616821289e-02
1.012121234089136124e-02
5.679541267454624176e-03
4.027646064758300781e+00
1.687183082103729248e-01
2.962752059102058411e-02
1.643830835819244385e-01
5.325298756361007690e-03
1.885668992996215820e+00
4.851340129971504211e-02
5.413365364074707031e-01
4.991653561592102051e-01
2.134799659252166748e-01
6.149584650993347168e-01
7.669465541839599609e-01
4.239144269376993179e-03
6.428082706406712532e-04
1.339468061923980713e-01
4.723731875419616699e-01
5.309635400772094727e-01
2.051512710750102997e-03
9.563702158629894257e-03
2.013898372650146484e+00
1.787979417713358998e-04
3.501349315047264099e-02
7.115765661001205444e-02
4.717020392417907715e-01
1.302365511655807495e-01
1.563518191687762737e-03
1.086955424398183823e-03
2.676786482334136963e-01
7.412230223417282104e-02
4.539208412170410156e-01
7.121704220771789551e-01
7.018263638019561768e-02
3.844850778579711914e+00
5.167348384857177734e-01
3.453066647052764893e-01
5.696249604225158691e-01
1.392824575304985046e-03
8.501007556915283203e-01
1.921679265797138214e-02
2.662644535303115845e-02
8.464214205741882324e-02
1.893336057662963867e+00
4.029113948345184326e-01
6.410429626703262329e-02
1.207844972610473633e+00
4.536373615264892578e-01
1.460095643997192383e-01
2.579461336135864258e-01
1.536713093519210815e-01
1.826463937759399414e+00
1.219759136438369751e-01
7.209246605634689331e-02
2.083950757980346680e+00
3.080697953701019287e-01
1.768738180398941040e-01
1.034294441342353821e-01
8.647234439849853516e-01
2.724917650222778320e+00
2.834221534430980682e-02
4.189783632755279541e-01
7.702565193176269531e-01
5.661405622959136963e-03
1.141594886779785156e+00
2.853582985699176788e-02
2.055626548826694489e-02
1.386010795831680298e-01
1.030441999435424805e+00
2.643373794853687286e-02
2.698575519025325775e-02
2.995185554027557373e-02
6.806263923645019531e-01
1.121708378195762634e-01
3.064114041626453400e-02
1.906066387891769409e-02
5.278167128562927246e-02
1.520567417144775391e+00
6.498528271913528442e-02
1.456802785396575928e-01
2.045445377007126808e-03
1.959446966648101807e-01
6.115586757659912109e-01
3.222566843032836914e-01
1.378597378730773926e+00
1.964588612318038940e-01
1.206028042361140251e-03
2.442711964249610901e-03
3.291425704956054688e-01
3.805036470293998718e-02
4.486543685197830200e-02
3.926031887531280518e-01
2.261210441589355469e+00
6.858208775520324707e-02
3.639889359474182129e-01
1.159734249114990234e+00
2.120939195156097412e-01
1.200839877128601074e-02
5.266926065087318420e-02
9.183219671249389648e-01
4.867322568316012621e-04
2.777866423130035400e-01
2.231266722083091736e-02
5.259959399700164795e-02
2.250586003065109253e-01
1.854006052017211914e-01
7.128801345825195312e-01
1.110771088860929012e-03
6.420305967330932617e-01
6.766501348465681076e-03
6.311263144016265869e-02
9.821068495512008667e-02
3.634354174137115479e-01
4.641117528080940247e-03
1.379026174545288086e+00
1.760232448577880859e-01
2.565301209688186646e-02
5.841448158025741577e-02
3.150692954659461975e-02
2.641136050224304199e-01
4.575185179710388184e-01
1.162223052233457565e-04
5.031726956367492676e-01
1.085356473922729492e+00
8.855535387992858887e-01
1.496029901318252087e-03
5.681437905877828598e-03
2.244711369276046753e-01
2.137946844100952148e+00
4.469148814678192139e-02
5.207189824432134628e-03
3.550860583782196045e-01
5.785704776644706726e-02
5.478999391198158264e-02
1.013270840048789978e-01
5.683176517486572266e-01
1.603806495666503906e+00
1.540498882532119751e-01
1.915629804134368896e-01
1.518898457288742065e-02
1.187385842204093933e-01
1.467687934637069702e-01
7.175142168998718262e-01
2.687400579452514648e-02
5.006951093673706055e-01
1.166658639907836914e+00
8.147245645523071289e-02
2.092663384974002838e-02
1.953447818756103516e+00
2.597457543015480042e-02
4.311898946762084961e-01
1.060409694910049438e-01
4.314875230193138123e-03
6.496550887823104858e-02
3.191901206970214844e+00
4.267875105142593384e-02
4.880084395408630371e-01
6.199035644531250000e-01
3.845148161053657532e-02
4.605555534362792969e-01
2.393215149641036987e-02
3.243392705917358398e-01
7.830311059951782227e-01
7.915943861007690430e-01
2.209315448999404907e-01
1.632106006145477295e-01
1.333393901586532593e-01
2.418253421783447266e-01
9.932921826839447021e-02
7.100113034248352051e-01
1.365369744598865509e-02
5.244070664048194885e-03
8.170570433139801025e-02
9.777533123269677162e-04
3.733522593975067139e-01
1.013035774230957031e+00
1.318106502294540405e-01
9.931161766871809959e-04
1.920030266046524048e-02
4.791940003633499146e-02
2.297976613044738770e-01
4.945301413536071777e-01
1.003589555621147156e-01
1.483353972434997559e-01
9.928239583969116211e-01
1.335633277893066406e+00
1.078374385833740234e+00
8.827589452266693115e-03
2.364873886108398438e-01
1.112750098109245300e-01
6.907675862312316895e-01
1.064361911267042160e-02
3.627820909023284912e-01
4.699760079383850098e-01
4.680291190743446350e-02
6.698209792375564575e-02
1.443714555352926254e-02
3.290065005421638489e-02
1.081179827451705933e-02
9.927244186401367188e-01
2.626545131206512451e-01
1.244842773303389549e-03
2.730950355529785156e+00
4.382612109184265137e-01
2.799284458160400391e-01
3.689864184707403183e-03
6.226426921784877777e-03
2.738153696060180664e+00
1.577723026275634766e+00
2.630228642374277115e-03
1.537779271602630615e-01
4.992874339222908020e-03
8.164132386445999146e-02
2.960889935493469238e-01
1.827995181083679199e-01
8.023778796195983887e-01
1.890113711357116699e+00
1.909096091985702515e-01
6.581214815378189087e-02
6.247205734252929688e-01
1.296754367649555206e-02
4.225761815905570984e-02
2.068635262548923492e-02
1.144277691841125488e+00
1.969885826110839844e+00
5.917174275964498520e-03
1.562974750995635986e-01
1.064053252339363098e-01
1.937564909458160400e-01
9.731762111186981201e-02
1.833585798740386963e-01
1.893276697956025600e-03
4.242977142333984375e+00
8.051320910453796387e-03
6.766641736030578613e-01
1.078500645235180855e-03
4.968738555908203125e-01
7.730056047439575195e-01
2.377849340438842773e+00
6.368592381477355957e-01
8.716467022895812988e-01
2.793853171169757843e-02
7.411742955446243286e-02
1.309178173542022705e-01
3.053523413836956024e-02
4.658791542053222656e+00
6.556489552167477086e-06
2.757348537445068359e+00
3.207637310028076172e+00
6.281548412516713142e-04
1.147200345993041992e+00
3.875042796134948730e-01
6.843849271535873413e-02
3.930442333221435547e-01
2.548369811847805977e-04
3.131928741931915283e-01
3.832021960988640785e-03
3.497269153594970703e-01
2.367501333355903625e-02
8.933168649673461914e-02
3.190312385559082031e-01
1.317753344774246216e-01
1.220357775688171387e+00
1.274639219045639038e-01
2.676877677440643311e-01
3.776744380593299866e-02
6.141090393066406250e-01
6.561520509421825409e-03
1.864097565412521362e-01
3.851124271750450134e-02
2.381960749626159668e-01
1.240902673453092575e-02
4.268345423042774200e-03
5.534900426864624023e-01
3.062437176704406738e-01
8.230336755514144897e-02
6.355366706848144531e-01
2.040924737229943275e-03
4.647489264607429504e-02
1.101433153962716460e-04
3.088916242122650146e-01
1.123028546571731567e-01
3.180927336215972900e-01
4.926427006721496582e-01
8.888061046600341797e-01
5.679427146911621094e+00
1.668276078999042511e-02
4.209548950195312500e+00
1.262952566146850586e+00
2.017208933830261230e-02
2.501050755381584167e-02
1.458789587020874023e+00
8.446235656738281250e-01
2.959197461605072021e-01
1.152653619647026062e-02
2.951415181159973145e-01
3.041620254516601562e+00
2.336447127163410187e-02
1.292487680912017822e-01
2.822976708412170410e-01
4.455126076936721802e-02
5.646819472312927246e-01
4.824925959110260010e-01
8.910499745979905128e-04
5.636069923639297485e-02
6.945758312940597534e-02
1.553027778863906860e-01
1.967626251280307770e-02
8.451537489891052246e-01
3.858676850795745850e-01
6.027596443891525269e-02
7.184777259826660156e-01
1.294717788696289062e-01
8.694767020642757416e-03
3.402204066514968872e-02
8.164719678461551666e-03
9.669497609138488770e-01
5.037559196352958679e-02
4.274636507034301758e-03
1.221325993537902832e-01
1.986493766307830811e-01
3.742525100708007812e+00
7.956382036209106445e-01
7.581988722085952759e-02
9.708927571773529053e-02
6.231054067611694336e-01
1.448166668415069580e-01
5.522061586380004883e-01
2.145522981882095337e-01
2.413924336433410645e-01
1.899880647659301758e+00
1.312348060309886932e-03
2.958875596523284912e-01
4.448514580726623535e-01
2.453089505434036255e-01
1.962229728698730469e+00
1.565940380096435547e-01
5.841084566782228649e-05
5.962560884654521942e-03
1.795552134513854980e+00
2.931291796267032623e-02
9.181324839591979980e-01
2.220428548753261566e-03
4.659482836723327637e-02
2.940205484628677368e-02
4.964441061019897461e-01
1.888096885522827506e-04
4.705701768398284912e-01
6.536527276039123535e-01
1.352319866418838501e-01
1.056589535437524319e-03
7.852114439010620117e-01
1.575745344161987305e-01
1.649082638323307037e-02
4.568283557891845703e-01
2.444088086485862732e-02
1.212100381962954998e-03
2.070915222167968750e+00
3.433746844530105591e-02
7.122431397438049316e-01
2.671932876110076904e-01
7.979933023452758789e-01
4.250470399856567383e-01
4.053924605250358582e-02
5.064397118985652924e-03
8.155357209034264088e-04
5.369244217872619629e-01
8.689439296722412109e-01
6.998075637966394424e-03
4.631674289703369141e-01
1.113968044519424438e-01
2.656919658184051514e-01
4.611144249793142080e-04
1.336743235588073730e+00
2.672079252079129219e-03
3.015022575855255127e-01
2.241443656384944916e-02
5.331707745790481567e-02
2.308443887159228325e-03
4.308217465877532959e-01
1.641003042459487915e-02
1.512126624584197998e-01
5.242888927459716797e-01
2.031390927731990814e-02
2.682767212390899658e-01
1.358301378786563873e-03
1.037794709205627441e+00
5.779853463172912598e-01
3.770546317100524902e-01
5.671546459197998047e-01
2.062855102121829987e-02
9.166170656681060791e-02
1.512436121702194214e-01
6.344470977783203125e-01
1.004474759101867676e-01
4.424440383911132812e+00
4.693474993109703064e-02
4.204127788543701172e-01
4.895847290754318237e-02
2.558308839797973633e-01
1.232330966740846634e-02
3.955643177032470703e-01
1.192294359207153320e+00
5.102377533912658691e-01
1.744059845805168152e-03
3.002647399902343750e+00
1.255081966519355774e-03
7.496322505176067352e-03
9.101214818656444550e-03
3.121978282928466797e+00
2.190512716770172119e-01
5.595164299011230469e-01
5.593837704509496689e-03
5.063627287745475769e-02
3.072218000888824463e-01
1.099286451935768127e-01
1.821050886064767838e-03
1.968003362417221069e-01
3.132781982421875000e-01
1.056094393134117126e-01
7.912276387214660645e-01
4.399803280830383301e-01
2.798440754413604736e-01
8.988677710294723511e-02
4.726193845272064209e-02
9.363442659378051758e-01
4.934036433696746826e-01
3.600619137287139893e-01
3.820602297782897949e-01
5.004908517003059387e-02
3.909515589475631714e-02
5.553590506315231323e-02
1.900320500135421753e-01
8.439661905867978930e-05
9.584330916404724121e-01
8.822861909866333008e-01
8.669908274896442890e-04
1.861378364264965057e-02
1.236680150032043457e+00
7.625617384910583496e-01
5.526649355888366699e-01
2.227481126785278320e+00
8.807244896888732910e-02
4.367900192737579346e-01
3.339479267597198486e-01
2.290952444076538086e+00
1.688603661023080349e-03
5.931700468063354492e-01
5.037117283791303635e-03
2.296055108308792114e-01
1.667120307683944702e-01
8.623196929693222046e-02
2.167137563228607178e-01
8.588898777961730957e-01
3.309178352355957031e-01
2.960860729217529297e-01
6.739535331726074219e-01
4.345965683460235596e-01
4.167602062225341797e-01
1.200933694839477539e+00
4.835803434252738953e-02
1.350092172622680664e+00
4.767574071884155273e-01
8.554516732692718506e-02
1.360553026199340820e+00
5.668717995285987854e-02
4.418246820569038391e-02
7.867101812735199928e-04
4.662475548684597015e-03
1.906705349683761597e-01
8.673304319381713867e-02
5.266140699386596680e-01
7.167987525463104248e-02
1.405800227075815201e-03
1.063724979758262634e-02
5.123965740203857422e-01
6.307603418827056885e-02
4.655329287052154541e-01
1.989978671073913574e+00
3.574816584587097168e-01
6.306103616952896118e-02
2.033224888145923615e-02
6.038626432418823242e-01
2.333182143047451973e-03
6.105580832809209824e-03
3.215352296829223633e-01
1.727297604084014893e-01
5.713876336812973022e-02
6.694631576538085938e-01
1.993393301963806152e-01
2.285944670438766479e-01
5.656317472457885742e-01
5.412577390670776367e-01
3.426690697669982910e-01
6.328172981739044189e-02
2.745013043750077486e-04
5.600975751876831055e-01
3.459009885787963867e+00
1.508480757474899292e-01
3.591725602746009827e-02
3.872655630111694336e-01
1.447465270757675171e-01
1.668854653835296631e-01
2.099335426464676857e-03
1.741482764482498169e-01
1.725354231894016266e-02
3.256302475929260254e-01
8.074066638946533203e-01
3.214660882949829102e-01
2.370434999465942383e-02
2.831009864807128906e+00
6.136025786399841309e-01
8.460543155670166016e-01
4.906726181507110596e-01
1.725518330931663513e-02
9.786614179611206055e-01
1.616363064385950565e-03
1.684312894940376282e-02
8.912132978439331055e-01
4.634710028767585754e-03
2.116317987442016602e+00
2.065683656837791204e-04
3.367702960968017578e-01
1.422385871410369873e-02
7.688281685113906860e-02
3.007344156503677368e-02
5.801044702529907227e-01
1.300499439239501953e-01
1.743815243244171143e-01
1.707184612751007080e-01
7.909350395202636719e-01
4.907834227196872234e-04
1.695012470008805394e-04
6.571685075759887695e-01
5.713261198252439499e-04
1.126734614372253418e-01
1.269553422927856445e+00
1.873804070055484772e-02
1.172333598136901855e+00
9.694117307662963867e-02
2.280180454254150391e+00
2.973491139709949493e-02
1.013990998268127441e+00
5.646153911948204041e-02
3.671406805515289307e-01
2.458920329809188843e-01
2.258772373199462891e+00
2.622811317443847656e+00
2.119031734764575958e-02
4.249827936291694641e-03
6.648937463760375977e-01
2.510232443455606699e-04
4.147856030613183975e-03
1.357690542936325073e-01
7.401190996170043945e-01
1.611766099929809570e+00
1.190415211021900177e-02
5.203892588615417480e-01
5.571419000625610352e-01
1.150943040847778320e-01
4.255457594990730286e-02
4.696766380220651627e-03
9.707340598106384277e-01
4.155799746513366699e-02
5.261628627777099609e-01
2.291881106793880463e-02
5.097023844718933105e-01
1.855609565973281860e-02
2.209788560867309570e-01
1.136949807405471802e-01
2.608487606048583984e-01
4.267395939677953720e-03
3.359966352581977844e-02
6.091125775128602982e-03
5.112230777740478516e-02
2.645674347877502441e-01
1.113848611712455750e-01
3.460660874843597412e-01
1.717658306006342173e-04
1.879337802529335022e-02
5.910656414926052094e-03
1.545162796974182129e-01
3.687607590109109879e-03
5.408293008804321289e-01
7.216377854347229004e-01
1.471628807485103607e-02
3.176276683807373047e-01
6.556233167648315430e-01
6.036386489868164062e-01
2.572442531585693359e+00
2.022826075553894043e-01
1.987543404102325439e-01
1.605915874242782593e-01
2.160420417785644531e-01
3.315311390906572342e-03
1.267734766006469727e-01
7.190894801169633865e-03
3.934996575117111206e-02
2.066289633512496948e-01
4.193393141031265259e-02
6.055999547243118286e-02
7.882158160209655762e-01
6.622536182403564453e-01
8.820867538452148438e-02
2.279413864016532898e-02
1.614531874656677246e-02
2.840873897075653076e-01
3.624210655689239502e-01
7.145314216613769531e-01
1.233461052179336548e-01
3.947183191776275635e-01
3.904976248741149902e-01
6.122761219739913940e-02
3.852377533912658691e-01
9.808497270569205284e-04
5.421134084463119507e-02
2.937774546444416046e-02
1.136134145781397820e-03
3.351691663265228271e-01
1.240867376327514648e-02
1.122186519205570221e-02
3.017636248841881752e-03
6.353570818901062012e-01
2.829864434897899628e-02
3.740352392196655273e-01
9.682036042213439941e-01
4.938943088054656982e-01
5.008989572525024414e-01
5.931161716580390930e-02
1.191703677177429199e+00
2.131617665290832520e-01
1.263409256935119629e-01
6.684986501932144165e-02
2.631699442863464355e-01
8.052784800529479980e-01
1.138022661209106445e+00
7.091426849365234375e-02
1.055005431175231934e+00
1.841013431549072266e+00
6.639450043439865112e-02
5.244070664048194885e-03
1.538844779133796692e-02
1.009658455848693848e+00
7.245498895645141602e-02
6.103854253888130188e-02
1.695432215929031372e-01
6.742217540740966797e-01
1.517639607191085815e-01
3.620541095733642578e-02
1.068569719791412354e-01
4.500811696052551270e-01
1.054252862930297852e+00
2.044368237257003784e-01
2.088154405355453491e-01
4.482232332229614258e-01
5.448904037475585938e-01
8.039969019591808319e-03
2.712359465658664703e-02
1.455109417438507080e-01
2.972773648798465729e-02
1.994288759306073189e-03
2.943719029426574707e-01
4.928576946258544922e-01
2.737553119659423828e-01
9.082754701375961304e-02
1.476970553398132324e+00
4.194410517811775208e-02
2.176830023527145386e-01
2.048897743225097656e+00
2.753278706222772598e-03
8.516853302717208862e-02
8.930102586746215820e-01
4.363646805286407471e-01
1.873571127653121948e-01
2.396392971277236938e-01
1.187101364135742188e+00
3.724949061870574951e-02
1.171802356839179993e-01
4.482430517673492432e-01
2.533176243305206299e-01
1.019157171249389648e+00
8.476941585540771484e-01
2.785051465034484863e-01
7.512295618653297424e-03
6.050142273306846619e-02
2.310241200029850006e-02
2.034134119749069214e-01
1.003269255161285400e-01
2.789549231529235840e-01
4.270582273602485657e-02
2.610560059547424316e-01
1.798266172409057617e-01
5.518708229064941406e-01
2.618647098541259766e+00
2.760980427265167236e-01
4.045147895812988281e-01
1.130195483565330505e-01
1.199508830904960632e-02
1.784479379653930664e+00
4.755632281303405762e-01
1.808265894651412964e-01
1.454512309283018112e-02
6.453124880790710449e-01
1.013522744178771973e+00
6.294985413551330566e-01
5.678945407271385193e-02
6.768699735403060913e-02
7.362850308418273926e-01
2.846073210239410400e-01
3.560196161270141602e-01
1.551431268453598022e-01
4.325377643108367920e-01
3.220238924026489258e+00
1.342621326446533203e+00
2.610687732696533203e+00
8.132286667823791504e-01
8.293829858303070068e-03
4.296112656593322754e-01
2.920409291982650757e-02
2.715492546558380127e-01
6.566189974546432495e-02
4.232266843318939209e-01
1.097196247428655624e-03
5.848801881074905396e-02
1.978786587715148926e-01
6.745449900627136230e-01
2.676070332527160645e-01
1.289969086647033691e+00
2.385801225900650024e-01
1.154315844178199768e-01
7.067703008651733398e-01
4.149423241615295410e-01
1.012251060456037521e-02
3.276039361953735352e-01
1.093720316886901855e+00
5.395778417587280273e-01
2.123620033264160156e+00
8.490909934043884277e-01
3.984034657478332520e-01
9.635436534881591797e-02
5.639348030090332031e-01
2.180040627717971802e-02
5.988193675875663757e-02
1.451668981462717056e-02
4.529850411927327514e-05
2.501740694046020508e+00
6.644024252891540527e-01
2.720345258712768555e-01
1.443832088261842728e-02
1.453797817230224609e+00
4.439983889460563660e-02
5.484415218234062195e-03
5.556928366422653198e-02
8.529146760702133179e-02
1.402754664421081543e+00
8.626576513051986694e-03
1.085752248764038086e-01
5.579564571380615234e-01
2.686240151524543762e-02
9.600082994438707829e-04
2.828240096569061279e-01
3.318078517913818359e-01
9.334492497146129608e-03
1.108711838722229004e+00
1.617218181490898132e-02
5.564333405345678329e-04
1.167624235153198242e+00
1.511323153972625732e-01
6.069698557257652283e-02
1.909437417984008789e+00
9.320320561528205872e-03
2.414753437042236328e+00
2.529592812061309814e-01
8.408214896917343140e-02
1.720784604549407959e-02
1.454923488199710846e-02
3.232853114604949951e-01
8.593782782554626465e-01
2.908679544925689697e-01
6.490384787321090698e-02
1.613405905663967133e-02
2.662191689014434814e-01
1.666485071182250977e+00
1.548412442207336426e-01
2.872176170349121094e-01
1.889035850763320923e-02
2.896758494898676872e-03
9.155184775590896606e-02
4.687173664569854736e-02
9.619174152612686157e-02
1.934273242950439453e-01
6.242701038718223572e-02
1.248256489634513855e-01
5.078612565994262695e-01
1.375270038843154907e-01
3.582687675952911377e-01
1.310024235863238573e-04
2.204937934875488281e-01
2.227944321930408478e-02
7.792744636535644531e-01
2.697252668440341949e-02
8.964716792106628418e-01
1.685963571071624756e-01
3.332777181640267372e-03
8.239066600799560547e-01
2.976997196674346924e-02
1.863051891326904297e+00
1.456485509872436523e+00
9.306052923202514648e-01
4.863702952861785889e-01
2.573884427547454834e-01
9.897639751434326172e-01
1.516734838485717773e+00
1.483190506696701050e-01
1.334740668535232544e-01
1.360943794250488281e+00
6.442373152822256088e-03
1.151451561599969864e-02
6.056527607142925262e-03
2.464920841157436371e-02
2.180729955434799194e-01
9.952597320079803467e-04
1.433258771896362305e+00
3.940806090831756592e-01
3.408074676990509033e-01
6.851607561111450195e-02
2.481295354664325714e-02
1.945916265249252319e-01
1.938853621482849121e+00
2.137400023639202118e-02
9.792025685310363770e-01
2.428603321313858032e-01
5.189631134271621704e-02
2.453890163451433182e-03
2.298334613442420959e-03
6.640934199094772339e-02
9.313115850090980530e-03
1.733144044876098633e+00
2.936989367008209229e-01
8.792586741037666798e-04
1.305155158042907715e-01
8.229941129684448242e-02
8.917272090911865234e-02
6.456177234649658203e-01
7.178936004638671875e-01
6.669843196868896484e-02
2.426660247147083282e-02
2.161420136690139771e-01
5.246939659118652344e-01
1.719601079821586609e-02
5.208085775375366211e-01
6.705165654420852661e-02
1.994202658534049988e-02
1.740725517272949219e+00
5.504275485873222351e-02
2.781430780887603760e-01
4.450462758541107178e-02
9.064017981290817261e-02
1.643712520599365234e-01
9.409366175532341003e-03
1.459987461566925049e-01
4.709371328353881836e-01
2.169751405715942383e+00
4.913700222969055176e-01
1.972678601741790771e-01
8.658700436353683472e-02
1.212284987559542060e-04
2.424952983856201172e+00
2.243436872959136963e-02
2.411358803510665894e-02
5.856527686119079590e-01
4.513090252876281738e-01
1.122139915823936462e-01
9.942177683115005493e-03
5.609722342342138290e-03
2.431516498327255249e-01
4.711785912513732910e-02
9.592199325561523438e-02
8.645248413085937500e-01
8.042570203542709351e-03
6.679467111825942993e-02
1.614684425294399261e-02
6.790655665099620819e-03
5.311761498451232910e-01
4.445089399814605713e-01
1.317254185676574707e+00
1.429307926446199417e-02
4.755852278321981430e-03
6.401070356369018555e-01
7.282227743417024612e-04
4.163830280303955078e-01
3.021498851012438536e-04
1.228869054466485977e-02
1.071816235780715942e-01
9.797288179397583008e-01
1.361778825521469116e-01
5.976933836936950684e-01
8.724839240312576294e-02
2.149423658847808838e-01
9.330539703369140625e-01
8.308635950088500977e-01
1.712166219949722290e-01
9.939376264810562134e-02
3.989650309085845947e-02
4.642592668533325195e-01
1.269004344940185547e-01
2.383131999522447586e-03
4.157527089118957520e-01
1.570065617561340332e-01
4.229617416858673096e-01
7.319182623177766800e-05
1.496111601591110229e-01
1.766517609357833862e-01
1.549745559692382812e+00
1.111117098480463028e-02
4.917195066809654236e-03
9.976523928344249725e-03
7.429153472185134888e-02
2.321435660123825073e-01
2.414804548025131226e-01
7.590855006128549576e-03
5.074917674064636230e-01
1.443414211273193359e+00
1.192400380969047546e-01
7.526687532663345337e-02
4.441990517079830170e-03
5.917342379689216614e-02
2.014307260513305664e+00
2.095396816730499268e-01
3.768426179885864258e-01
2.292875528335571289e+00
1.487250812351703644e-02
3.102536429651081562e-04
2.902638912200927734e-01
1.829458624124526978e-01
3.751389086246490479e-01
3.166228160262107849e-02
3.531468659639358521e-02
3.096587955951690674e-01
1.153470039367675781e+00
1.763262152671813965e-01
3.239103853702545166e-01
3.142539877444505692e-03
2.502759918570518494e-02
7.964776013977825642e-04
2.692390605807304382e-02
1.243390962481498718e-01
1.841460168361663818e-01
8.139120340347290039e-01
1.158029079437255859e+00
2.801939249038696289e-01
1.070756196975708008e+00
1.042671278119087219e-01
3.192014619708061218e-02
5.063096284866333008e-01
1.997559189796447754e+00
3.108950257301330566e-01
1.671101152896881104e-01
1.293596029281616211e-01
3.187872767448425293e-01
8.504647612571716309e-01
1.435203128494322300e-03
2.786814272403717041e-01
1.322467462159693241e-03
4.329578578472137451e-01
1.809955090284347534e-01
2.265162467956542969e-01
1.951200067996978760e-01
8.001445978879928589e-02
2.125742286443710327e-02
1.951240301132202148e-01
4.763961136341094971e-01
3.469171747565269470e-02
3.233284503221511841e-02
1.588734425604343414e-02
1.712439358234405518e-01
2.865851297974586487e-02
3.674909174442291260e-01
5.584587925113737583e-04
3.422792255878448486e-02
3.620159387588500977e+00
2.314509591087698936e-03
3.757960796356201172e-01
3.863360285758972168e-01
8.901503682136535645e-02
3.201757073402404785e-01
2.056712657213211060e-02
2.830364704132080078e-01
1.425371039658784866e-02
1.331318378448486328e+00
4.547553956508636475e-01
3.864991292357444763e-02
2.648181980475783348e-03
1.215456053614616394e-02
2.782990410923957825e-02
5.068595409393310547e-01
1.906838454306125641e-02
2.346621127799153328e-03
2.711953639984130859e+00
3.098318576812744141e-01
1.777949929237365723e-02
4.466655850410461426e-01
4.718508124351501465e-01
1.344621628522872925e-01
2.799904160201549530e-02
8.786762356758117676e-01
1.107824563980102539e+00
5.018479228019714355e-01
1.267292648553848267e-01
1.077562272548675537e-01
2.169256210327148438e+00
1.609162986278533936e-01
4.932847023010253906e-01
1.446887012571096420e-02
3.686538664624094963e-03
8.063640561886131763e-04
2.028120122849941254e-02
7.812225818634033203e-02
1.456631434848532081e-04
2.026776969432830811e-01
3.368095397949218750e+00
2.025729566812515259e-01
4.929027855396270752e-01
5.340642929077148438e-01
2.384910136461257935e-01
2.264071255922317505e-01
9.808133542537689209e-02
3.820509314537048340e-01
3.245445899665355682e-03
2.680081427097320557e-01
4.276466667652130127e-01
5.280666053295135498e-02
5.404680268839001656e-04
2.238865852355957031e+00
1.954895019531250000e+00
2.251423120498657227e+00
3.785089403390884399e-02
8.606365323066711426e-02
1.264192819595336914e+00
2.118864536285400391e+00
2.622169554233551025e-01
1.286350846290588379e+00
3.615896403789520264e-02
6.406461596488952637e-01
2.660346031188964844e-02
1.762433052062988281e+00
1.756424427032470703e+00
5.220456793904304504e-02
1.329395174980163574e-01
3.397274613380432129e-01
3.160938620567321777e-02
2.318453043699264526e-02
3.863672912120819092e-01
9.678366780281066895e-01
9.166356176137924194e-02
1.755981892347335815e-01
2.239665985107421875e+00
1.314039975404739380e-01
3.940539956092834473e-01
1.273657321929931641e+00
7.301143556833267212e-02
5.156471729278564453e-01
6.268844008445739746e-01
4.703002870082855225e-01
2.006166577339172363e-01
7.327494095079600811e-04
1.649501174688339233e-01
3.388736164197325706e-03
8.805668950080871582e-01
1.369836032390594482e-01
8.325631730258464813e-03
3.742547631263732910e-01
2.390594482421875000e+00
8.189749717712402344e-02
2.064649015665054321e-01
1.430626064538955688e-01
1.624639481306076050e-01
2.721148133277893066e-01
1.141952425241470337e-01
3.241280019283294678e-01
1.248625814914703369e-01
1.711726561188697815e-02
1.303748935461044312e-01
5.075835506431758404e-04
1.591317413840442896e-04
4.619582742452621460e-02
6.109994649887084961e-01
9.250991046428680420e-03
5.248591303825378418e-01
3.269262790679931641e+00
1.301216334104537964e-01
3.550106525421142578e+00
1.955239176750183105e-01
5.164388567209243774e-02
6.513708829879760742e-02
3.235581517219543457e-02
8.472340703010559082e-01
3.863715827465057373e-01
6.665129661560058594e-01
5.115674436092376709e-02
4.496163129806518555e-02
4.911399483680725098e-01
5.835229530930519104e-02
7.231375575065612793e-01
1.003429964184761047e-01
1.039381384849548340e+00
3.481519408524036407e-03
9.543189406394958496e-02
5.996692925691604614e-02
5.011829733848571777e-01
1.323333196341991425e-02
2.268873304128646851e-01
1.639537140727043152e-02
4.872512221336364746e-01
2.642382144927978516e+00
8.905455470085144043e-03
1.895299315452575684e+00
2.669463632628321648e-03
2.432213783264160156e+00
2.382646501064300537e-02
1.975889444351196289e+00
1.880323737859725952e-01
2.999904155731201172e-01
2.136373996734619141e+00
3.335703909397125244e-01
3.753335773944854736e-02
1.834365725517272949e-01
1.094587240368127823e-02
2.773131709545850754e-03
2.942666411399841309e-01
5.156044661998748779e-02
6.913713216781616211e-01
5.179794970899820328e-03
7.463954389095306396e-02
4.980139136314392090e-01
7.958471179008483887e-01
9.315242059528827667e-03
4.179013967514038086e-01
4.166708886623382568e-02
4.582832455635070801e-01
3.741468429565429688e+00
6.930307149887084961e-01
1.178894191980361938e-01
1.969787180423736572e-01
3.315981104969978333e-02
1.065056920051574707e+00
8.197338879108428955e-02
1.392351835966110229e-01
4.219556227326393127e-02
2.702230811119079590e-01
9.821490198373794556e-02
2.746637351810932159e-02
7.567548193037509918e-03
3.262608051300048828e-01
8.898215293884277344e-01
3.934218883514404297e-01
1.289345622062683105e+00
9.334937334060668945e-01
6.969365477561950684e-02
3.921761214733123779e-01
2.845396101474761963e-01
2.018030136823654175e-01
1.308979541063308716e-01
4.148733019828796387e-01
2.692588567733764648e-01
4.788849130272865295e-02
9.830804169178009033e-02
4.359992593526840210e-02
2.464339733123779297e-01
2.380277728661894798e-03
1.381852477788925171e-01
2.839447557926177979e-02
1.484903573989868164e+00
1.156464293599128723e-01
2.676597097888588905e-03
4.658489823341369629e-01
5.827233940362930298e-02
8.653769642114639282e-02
2.008294500410556793e-02
1.074257213622331619e-02
2.980079036206007004e-03
7.927657663822174072e-02
2.447989225387573242e+00
2.159500122070312500e-01
3.276304900646209717e-01
4.646751284599304199e-01
7.768489718437194824e-01
6.750333905220031738e-01
1.088927313685417175e-02
1.202532768249511719e+00
1.600275635719299316e-01
2.638741396367549896e-02
5.642017722129821777e-01
5.381146445870399475e-03
2.100307643413543701e-01
2.710718195885419846e-03
1.309625625610351562e+00
1.166546344757080078e-02
8.690139651298522949e-01
2.690290100872516632e-02
1.426989445462822914e-03
1.535230517387390137e+00
6.104714870452880859e-01
9.070145897567272186e-03
1.696445345878601074e-01
1.680923342704772949e+00
2.752243757247924805e+00
8.948478698730468750e-01
3.518327176570892334e-01
1.823861837387084961e+00
3.518221378326416016e-01
1.448135018348693848e+00
7.995468378067016602e-01
4.531213641166687012e-02
4.165046513080596924e-01
4.081922471523284912e-01
7.264981977641582489e-03
4.573455750942230225e-01
2.990473210811614990e-01
1.316991052590310574e-03
1.607235707342624664e-02
1.586141884326934814e-01
4.821428060531616211e-01
9.343946725130081177e-02
1.232215389609336853e-01
1.018482143990695477e-03
2.346948087215423584e-01
4.038661122322082520e-01
3.327984213829040527e-01
6.118068695068359375e-01
1.663158088922500610e-01
2.401536703109741211e-02
9.182137846946716309e-01
2.374212490394711494e-03
4.121563732624053955e-01
3.737025558948516846e-01
6.978049278259277344e-01
8.890604376792907715e-01
2.531183417886495590e-03
1.536677002906799316e+00
1.676216721534729004e-01
6.178208626806735992e-03
2.468433231115341187e-02
7.800406217575073242e-02
3.188849687576293945e+00
9.326443076133728027e-02
3.879343271255493164e-01
6.702457666397094727e-01
1.943610906600952148e-01
1.739798903465270996e+00
7.135203480720520020e-02
6.159844808280467987e-03
5.069895982742309570e-01
2.592062344774603844e-03
2.889231920242309570e+00
7.616216689348220825e-02
3.864766597747802734e+00
4.971472024917602539e-01
1.154828583821654320e-03
1.168949995189905167e-02
3.667886555194854736e-02
6.867851130664348602e-03
1.750194579362869263e-01
4.131573438644409180e-01
1.112932488322257996e-01
3.309845328330993652e-01
2.464820384979248047e+00
3.273233771324157715e-02
2.653586864471435547e-01
1.896476298570632935e-01
3.676315844058990479e-01
2.266271561384201050e-01
2.219736576080322266e-02
5.019155740737915039e-01
2.486806213855743408e-01
1.019520401954650879e+00
1.019944995641708374e-02
7.730093784630298615e-03
3.475565433502197266e+00
2.012943178415298462e-01
4.284154772758483887e-01
8.080410771071910858e-03
1.072201251983642578e+00
4.994010925292968750e-02
1.951073668897151947e-02
3.568008914589881897e-02
1.063714623451232910e-01
1.328896265476942062e-03
1.576128154993057251e-01
4.660284519195556641e-01
1.999139666557312012e+00
3.228308677673339844e+00
6.713335867971181870e-03
2.864660620689392090e-01
1.652756482362747192e-01
2.215462207794189453e+00
8.302289247512817383e-02
7.041620016098022461e-01
2.825207948684692383e+00
1.660729527473449707e+00
2.709493935108184814e-01
1.623532176017761230e+00
5.888281762599945068e-02
2.169729769229888916e-01
1.546369120478630066e-02
5.797269940376281738e-02
2.988209202885627747e-02
6.026721000671386719e-02
3.440565615892410278e-02
3.565491139888763428e-01
1.918445378541946411e-01
1.326861828565597534e-01
7.974453270435333252e-03
2.666234016418457031e+00
1.569945481605827808e-03
1.998462826013565063e-01
1.192485019564628601e-01
6.176501512527465820e-02
1.589046120643615723e+00
1.700159534811973572e-02
1.173321157693862915e-02
1.950577139854431152e+00
6.181474891491234303e-04
9.149764776229858398e-01
2.094289958477020264e-01
5.929380189627408981e-03
6.886650323867797852e-01
3.135856091976165771e-01
1.334574818611145020e-01
2.254803895950317383e+00
4.940924793481826782e-02
7.591633200645446777e-01
3.877117335796356201e-01
3.583099693059921265e-02
2.512103021144866943e-01
1.336218118667602539e+00
2.335260063409805298e-01
1.096277356147766113e+00
1.591955721378326416e-01
1.172084435820579529e-01
1.479839440435171127e-02
1.489485651254653931e-01
1.241962332278490067e-02
4.250385239720344543e-02
3.935150206089019775e-01
1.119667053222656250e+00
3.057688008993864059e-03
1.380205852910876274e-03
1.486271321773529053e-01
1.837781667709350586e-01
1.234151601791381836e+00
1.301896721124649048e-01
1.155924871563911438e-01
1.268351316452026367e+00
7.576113343238830566e-01
5.800397321581840515e-02
1.902949333190917969e+00
9.501120075583457947e-03
3.453420400619506836e-01
2.510322332382202148e-01
7.799862623214721680e-01
4.832022786140441895e-01
3.684301376342773438e-01
2.719912119209766388e-02
2.682228684425354004e-01
5.327039584517478943e-02
4.925015941262245178e-02
9.453177452087402344e-03
6.231109052896499634e-02
3.640616178512573242e+00
1.348955035209655762e+00
1.339068710803985596e-01
1.082602977752685547e+00
3.031347393989562988e-01
1.285679754801094532e-03
2.869164198637008667e-02
1.019042253494262695e+00
6.902984976768493652e-01
1.783090829849243164e-02
4.776836931705474854e-02
1.228271484375000000e+00
7.082691192626953125e-01
1.484757900238037109e+00
1.252467751502990723e+00
3.351773619651794434e-01
7.737127691507339478e-02
7.452895045280456543e-01
5.124676823616027832e-01
1.330022335052490234e+00
4.160511121153831482e-02
4.792235419154167175e-02
1.039799451828002930e+00
2.163115978240966797e+00
2.156115137040615082e-02
2.663100659847259521e-01
7.142852991819381714e-04
1.555900671519339085e-03
1.662798285484313965e+00
1.250514745712280273e+00
1.012275457382202148e+00
1.310568209737539291e-02
1.032698154449462891e+00
2.059814929962158203e+00
1.011207774281501770e-01
1.739812083542346954e-02
4.559597373008728027e-01
1.545242313295602798e-02
2.273727394640445709e-02
6.179986055940389633e-03
6.410239636898040771e-02
1.437598764896392822e-01
9.142247438430786133e-01
3.215281367301940918e-01
2.321385592222213745e-01
3.695471584796905518e-01
1.536129415035247803e-01
8.018040060997009277e-01
1.089513534680008888e-04
3.127980977296829224e-02
9.375623613595962524e-02
3.051292896270751953e-01
9.299692511558532715e-02
1.309921126812696457e-02
3.845974057912826538e-02
1.002733469009399414e+00
4.239375703036785126e-04
8.492141216993331909e-02
3.897027075290679932e-01
7.539507932960987091e-03
1.802451014518737793e-01
9.929640509653836489e-05
2.301985740661621094e+00
1.668874919414520264e-01
7.607879638671875000e-01
3.163315057754516602e+00
1.280290447175502777e-02
3.884293437004089355e-01
2.965255677700042725e-01
5.947012081742286682e-02
1.168822526931762695e+00
2.271930454298853874e-03
8.521858602762222290e-03
4.082678817212581635e-03
1.290835160762071609e-02
3.552437527105212212e-03
2.002818107604980469e+00
3.251509368419647217e-01
2.448895713314414024e-03
1.514807194471359253e-01
5.662916973233222961e-02
2.934471368789672852e-01
8.540536165237426758e-01
1.231246232986450195e+00
3.621641695499420166e-01
3.742732107639312744e-01
7.246973365545272827e-02
2.654377460479736328e+00
8.427546173334121704e-02
9.774206206202507019e-03
2.551498413085937500e-01
4.923644363880157471e-01
8.400725200772285461e-04
5.717141553759574890e-02
3.933379948139190674e-01
3.541729450225830078e-01
5.961972475051879883e-01
9.250368475914001465e-01
1.289490312337875366e-01
7.070247828960418701e-02
4.103336483240127563e-03
1.505676936358213425e-02
5.875872820615768433e-02
2.437953203916549683e-01
2.701290696859359741e-02
3.009476363658905029e-01
4.135830402374267578e-01
5.853191614151000977e-01
2.716408483684062958e-02
4.390162229537963867e-02
1.400967836380004883e+00
4.507479316089302301e-04
3.956345841288566589e-02
1.220698118209838867e+00
1.513646333478391171e-03
1.938044548034667969e+00
1.600270569324493408e-01
1.390837039798498154e-02
1.170670241117477417e-02
7.421826571226119995e-02
7.904143631458282471e-02
1.402816474437713623e-01
1.627915054559707642e-01
5.735659971833229065e-02
1.909868121147155762e-01
3.513672563713043928e-04
2.113253576681017876e-03
1.274250331334769726e-03
2.001010179519653320e-01
7.358884066343307495e-02
9.172881841659545898e-01
1.007250621914863586e-01
1.916349053382873535e+00
2.509061060845851898e-02
4.481984302401542664e-02
3.972401022911071777e-01
1.012940168380737305e+00
4.366735517978668213e-01
2.751733176410198212e-03
6.740721315145492554e-02
1.458013337105512619e-02
1.256415486335754395e+00
5.948416143655776978e-02
2.706253230571746826e-01
1.667888164520263672e-01
5.334905907511711121e-02
1.864176690578460693e-01
6.334808468818664551e-02
1.507520489394664764e-02
2.824150323867797852e+00
1.584566086530685425e-01
1.503749847412109375e+00
1.570692211389541626e-01
9.526271373033523560e-03
7.333352416753768921e-02
8.346724510192871094e-01
7.157175540924072266e-01
1.304537951946258545e-01
2.160078525543212891e+00
7.384741678833961487e-03
1.037773609161376953e+00
8.331128954887390137e-02
1.018034100532531738e+00
2.409974634647369385e-01
1.288934707641601562e+00
6.149477884173393250e-02
6.921111047267913818e-02
9.252725839614868164e-01
1.237629540264606476e-02
9.618824720382690430e-01
2.435281500220298767e-02
3.222335278987884521e-01
3.401779532432556152e-01
1.595656722784042358e-01
3.215647488832473755e-02
7.663476467132568359e-01
2.424286156892776489e-01
3.626877963542938232e-01
6.337071303278207779e-03
4.067265689373016357e-01
9.887560606002807617e-01
5.845903158187866211e-01
6.630001217126846313e-02
8.585493266582489014e-02
1.563180685043334961e-01
1.231691241264343262e+00
1.897204071283340454e-01
1.140129491686820984e-01
2.031858079135417938e-02
7.541992701590061188e-03
1.178893819451332092e-02
1.713466882705688477e+00
9.623901569284498692e-04
3.721583783626556396e-01
1.137564778327941895e+00
4.378493428230285645e-01
2.950974464416503906e+00
5.786199867725372314e-02
1.507753878831863403e-01
6.953444099053740501e-04
4.749864712357521057e-02
1.324157834053039551e+00
4.383556661196053028e-04
9.148927927017211914e-01
2.563437819480895996e-01
1.123416423797607422e-01
1.058785244822502136e-01
4.072587471455335617e-03
9.520432949066162109e-01
2.209881246089935303e-01
2.524998411536216736e-02
9.023386985063552856e-02
2.300737380981445312e+00
5.106216296553611755e-02
7.735686302185058594e-01
7.950705289840698242e-01
1.353482484817504883e+00
1.550182104110717773e+00
1.777815520763397217e-01
2.651273040100932121e-03
2.515704870223999023e+00
1.972719182958826423e-04
2.083534002304077148e-02
3.481862545013427734e-01
1.126982793211936951e-01
9.576335549354553223e-03
5.355687439441680908e-02
9.014027118682861328e-01
1.793512329459190369e-02
4.261409491300582886e-02
3.020365834236145020e-01
5.257916450500488281e-01
5.981087684631347656e-01
1.780982464551925659e-01
1.335619926452636719e+00
5.274488329887390137e-01
6.324726343154907227e-02
3.488617762923240662e-02
3.358629345893859863e-02
1.316752983257174492e-03
5.884404107928276062e-02
3.140199184417724609e-01
1.485674059949815273e-03
1.257961541414260864e-01
1.099297285079956055e+00
5.150994658470153809e-01
2.132587432861328125e+00
1.229563821107149124e-02
1.278894186019897461e+00
6.310524791479110718e-02
2.915567159652709961e-01
1.182819843292236328e+00
1.957257837057113647e-02
6.519125699996948242e-01
5.527244135737419128e-02
7.941773533821105957e-01
3.763564825057983398e-01
1.361795425415039062e+00
3.759282231330871582e-01
1.433831095695495605e+00
4.264365434646606445e-01
1.647399365901947021e-01
8.981734514236450195e-01
2.180492281913757324e-01
7.329098880290985107e-02
7.511859387159347534e-02
4.444759190082550049e-01
5.487395450472831726e-02
3.047457337379455566e-01
4.349983111023902893e-02
3.611829131841659546e-03
2.684290520846843719e-02
1.586870253086090088e-01
9.879317134618759155e-02
1.144142866134643555e+00
2.128777652978897095e-01
3.720544576644897461e-01
5.197109654545783997e-03
6.917762756347656250e-02
9.093916742131114006e-04
1.097217500209808350e-01
1.156860496848821640e-02
1.882444143295288086e+00
2.132592350244522095e-02
2.069160901010036469e-02
9.563212096691131592e-02
3.101680986583232880e-02
5.119547713547945023e-03
7.565304040908813477e-01
1.097910688258707523e-03
1.992791593074798584e-01
2.164301633834838867e+00
2.404361724853515625e+00
2.591080591082572937e-02
1.974334418773651123e-01
5.586164593696594238e-01
3.523205814417451620e-04
3.978759646415710449e-01
1.023861840367317200e-01
4.464418068528175354e-02
5.463401973247528076e-02
1.329695940017700195e+00
1.492759026587009430e-02
1.695694215595722198e-02
8.940297266235575080e-05
1.139771044254302979e-01
9.562545418739318848e-01
1.379610737785696983e-03
1.128732487559318542e-01
1.006837487220764160e+00
1.688995838165283203e+00
6.179123744368553162e-02
2.088351249694824219e+00
5.854232236742973328e-02
3.388683497905731201e-01
5.810794234275817871e-01
1.462912280112504959e-02
1.242527663707733154e-01
2.018856257200241089e-02
3.067238330841064453e-01
8.716866374015808105e-03
2.880799293518066406e+00
2.846571803092956543e-01
1.940066814422607422e+00
5.007582716643810272e-03
2.604771852493286133e-01
4.444805085659027100e-01
4.021312633994966745e-04
1.047862887382507324e+00
1.748906672000885010e-01
4.507253170013427734e-01
3.709409713745117188e+00
2.262971401214599609e-01
7.348242402076721191e-01
1.125743016600608826e-01
5.212790966033935547e-01
2.644139826297760010e-01
4.643768072128295898e-02
1.859142631292343140e-01
4.671881198883056641e-01
1.977328211069107056e-01
1.302823773585259914e-03
6.790510565042495728e-02
6.810190081596374512e-01
1.021186411380767822e-01
6.108934432268142700e-02
2.195703983306884766e-02
1.190262101590633392e-02
1.628020405769348145e-01
2.630585338920354843e-03
2.147593647241592407e-01
1.307711720466613770e+00
2.286731265485286713e-02
7.065785583108663559e-03
2.803707420825958252e-01
7.962982170283794403e-03
1.810301654040813446e-02
1.326766908168792725e-01
6.168018579483032227e-01
7.076778262853622437e-02
1.172885205596685410e-02
5.479571223258972168e-01
1.113568097352981567e-01
3.940645158290863037e-01
3.063209587708115578e-04
4.161994755268096924e-01
1.631778925657272339e-01
1.068624615669250488e+00
8.062200620770454407e-03
5.859233736991882324e-01
1.370202656835317612e-02
4.683647304773330688e-02
3.553231358528137207e-01
1.532927155494689941e+00
7.745556533336639404e-02
1.720523089170455933e-01
6.055481433868408203e-01
1.038111567497253418e+00
5.025894567370414734e-02
2.994078636169433594e+00
7.895687595009803772e-03
1.484040737152099609e+00
4.573255404829978943e-02
7.082142680883407593e-02
5.729414224624633789e-01
4.500721767544746399e-02
9.293012320995330811e-02
4.897485971450805664e-01
6.568913906812667847e-02
1.716009676456451416e-01
1.713739037513732910e-01
5.186436232179403305e-03
1.703165769577026367e-01
4.913882911205291748e-02
6.698510260321199894e-04
1.784885376691818237e-01
3.665381297469139099e-02
6.507901125587522984e-04
7.232462763786315918e-01
1.026512503623962402e+00
1.281759142875671387e-01
1.097527027130126953e+00
1.823483034968376160e-02
4.809349179267883301e-01
1.479325890541076660e+00
7.698982488363981247e-03
8.303126692771911621e-01
1.483292281627655029e-01
1.681044578552246094e+00
1.733196258544921875e+00
1.078012883663177490e-01
4.764369130134582520e-02
2.377502441406250000e+00
7.033613920211791992e-01
9.961062110960483551e-03
6.634675711393356323e-02
5.328373610973358154e-02
1.092596530914306641e+00
9.889046847820281982e-02
2.335325479507446289e+00
5.075760483741760254e-01
3.075752174481749535e-03
1.184148155152797699e-02
5.155523866415023804e-02
2.064385265111923218e-01
4.887151718139648438e-02
2.389928549528121948e-01
1.220670700073242188e+00
9.018651247024536133e-01
1.307157427072525024e-01
3.369028866291046143e-01
1.225396408699452877e-04
9.207170456647872925e-03
1.376657932996749878e-02
1.371891975402832031e+00
1.579212099313735962e-01
1.010971784591674805e+00
3.079672157764434814e-01
1.941879391670227051e-01
6.817769724875688553e-03
4.089083075523376465e-01
1.704888939857482910e-01
7.702686637639999390e-02
1.268297433853149414e-03
3.482788801193237305e+00
2.119859695434570312e+00
1.878843009471893311e-01
2.600504318252205849e-03
2.961270697414875031e-02
6.121415644884109497e-02
2.026886679232120514e-03
2.461094222962856293e-02
7.791786789894104004e-01
3.986829817295074463e-01
6.762092560529708862e-02
1.359968096949160099e-03
1.442677080631256104e-01
8.062864094972610474e-02
4.641965925693511963e-01
5.075901746749877930e-03
4.842664003372192383e-01
1.263579845428466797e+00
2.635224461555480957e-01
1.297950297594070435e-01
1.012064695358276367e+00
8.549787402153015137e-01
1.670514233410358429e-03
3.321635723114013672e-01
1.642203330993652344e-01
3.013359308242797852e-01
3.553698211908340454e-02
6.869004666805267334e-02
1.678770929574966431e-01
2.128344923257827759e-01
3.093798831105232239e-02
3.506774008274078369e-01
1.746843099594116211e+00
4.443263411521911621e-01
7.976180315017700195e-01
3.808864858001470566e-03
4.344992935657501221e-01
2.020807191729545593e-02
4.190813601016998291e-01
1.399240344762802124e-01
1.627854257822036743e-01
5.123704299330711365e-02
1.766027510166168213e-02
1.340352296829223633e-01
1.366927027702331543e+00
8.813291788101196289e-03
2.508408725261688232e-01
2.054883986711502075e-01
3.655742108821868896e-01
2.116291373968124390e-01
6.009753346443176270e-01
6.411324441432952881e-02
1.548640197142958641e-03
2.301730215549468994e-01
2.732300460338592529e-01
1.722436994314193726e-01
2.804378420114517212e-02
7.636496424674987793e-02
5.116389989852905273e-01
3.260317146778106689e-01
8.532263636589050293e-01
1.829499378800392151e-03
1.878407299518585205e-01
6.563945859670639038e-02
2.283087015151977539e+00
4.129275083541870117e-01
1.815305352210998535e-01
8.325313925743103027e-01
6.633593887090682983e-02
1.104090455919504166e-02
3.039316534996032715e-01
3.633525371551513672e-01
1.599743366241455078e-01
5.045605897903442383e-01
3.702895343303680420e-02
1.661006659269332886e-01
9.513039886951446533e-02
5.226875655353069305e-03
6.470099091529846191e-01
1.849118322134017944e-01
2.104336768388748169e-02
8.919448256492614746e-01
1.418318986892700195e+00
5.979616641998291016e-01
4.153435584157705307e-03
1.689271070063114166e-02
1.002205491065979004e+00
5.223791599273681641e-01
9.835963845252990723e-01
1.722026616334915161e-02
2.557904226705431938e-04
3.785479962825775146e-01
3.435643017292022705e-01
4.081646353006362915e-02
4.823479056358337402e-02
1.452495455741882324e-01
7.552885413169860840e-01
1.007502317428588867e+00
2.999689579010009766e-01
8.771173954010009766e-01
7.097756862640380859e-01
2.308726869523525238e-02
6.369477510452270508e-02
7.781571149826049805e-02
1.921664953231811523e+00
1.364473998546600342e-01
6.796057522296905518e-02
1.016319751739501953e+00
1.206251144409179688e+00
1.011226415634155273e+00
4.484013468027114868e-02
4.871404729783535004e-03
1.015028567053377628e-03
1.251010656356811523e+00
2.501099137589335442e-03
1.898630987852811813e-03
2.912804950028657913e-03
8.703401088714599609e-01
6.776885986328125000e-01
9.078433504328131676e-04
3.501755709294229746e-04
3.731746401172131300e-04
4.749268293380737305e-01
3.429081663489341736e-02
1.207528591156005859e+00
1.079438403248786926e-01
9.971903562545776367e-01
1.623833365738391876e-02
1.421433966606855392e-02
2.474337667226791382e-01
4.156357944011688232e-01
3.929558151867240667e-04
4.134279787540435791e-01
2.437241608276963234e-03
1.444262117147445679e-01
5.745453834533691406e-01
2.587727904319763184e-01
4.164224863052368164e-01
1.498277038335800171e-01
1.358398199081420898e-01
6.795322149991989136e-02
2.554611302912235260e-02
6.841198205947875977e-01
9.067901410162448883e-03
6.951252371072769165e-02
3.515850519761443138e-03
3.702677041292190552e-02
1.325398087501525879e-01
5.348975583910942078e-02
1.924458742141723633e-01
3.612768650054931641e-01
2.672201991081237793e-01
6.336961984634399414e-01
2.468375116586685181e-02
1.309888124465942383e+00
8.380538821220397949e-01
6.427735835313796997e-02
7.716570049524307251e-02
6.057615280151367188e-01
2.870137244462966919e-02
1.544708013534545898e+00
3.144303262233734131e-01
1.310487508773803711e+00
5.751382112503051758e-01
2.339253574609756470e-01
2.703300714492797852e-01
3.455184996128082275e-01
2.191024780273437500e+00
6.480653584003448486e-02
8.577616512775421143e-02
4.674226343631744385e-01
7.034744024276733398e-01
7.775695919990539551e-01
2.610697746276855469e-01
9.918610453605651855e-01
3.736853301525115967e-01
2.626489996910095215e-01
1.607167571783065796e-01
3.277870714664459229e-01
2.540089786052703857e-01
8.030284196138381958e-02
3.725788265001028776e-04
3.961494266986846924e-01
6.541402935981750488e-01
2.294868826866149902e-01
1.297111660242080688e-01
1.922320604324340820e+00
9.002830982208251953e-01
4.246147815138101578e-03
1.201285600662231445e+00
4.882923364639282227e-01
5.272569507360458374e-02
4.066594119649380445e-04
6.162716075778007507e-02
5.738946795463562012e-02
2.581306993961334229e-01
1.504351496696472168e-01
8.006691932678222656e-01
1.706415653228759766e+00
8.276624977588653564e-02
6.086050271987915039e-01
7.776343077421188354e-02
1.068801134824752808e-01
6.141418814659118652e-01
1.062442287802696228e-01
1.431377172470092773e+00
1.968531161546707153e-01
2.226972281932830811e-01
1.625759154558181763e-01
3.344025611877441406e-01
1.585437953472137451e-01
9.193705394864082336e-03
4.121887311339378357e-02
1.281978338956832886e-01
3.590448945760726929e-02
9.851590543985366821e-02
7.888828404247760773e-03
1.016015466302633286e-02
1.516183614730834961e+00
1.306278705596923828e-01
5.021289587020874023e-01
1.379684925079345703e+00
7.129142433404922485e-02
2.852777484804391861e-03
6.777165830135345459e-02
9.694733470678329468e-02
7.294106483459472656e-02
3.751843422651290894e-02
9.722049534320831299e-02
9.303077124059200287e-03
4.364924430847167969e-01
1.266972273588180542e-01
7.267893105745315552e-02
8.307375907897949219e-01
6.658267378807067871e-01
1.513843453722074628e-04
6.318072337307967246e-06
1.199173566419631243e-04
4.196799919009208679e-02
1.487995505332946777e+00
7.635663747787475586e-01
8.295078277587890625e-01
4.085977077484130859e-01
2.058017969131469727e+00
3.025469183921813965e-02
4.870811477303504944e-03
1.414405554533004761e-02
9.406314790248870850e-02
2.622705101966857910e-01
7.069292664527893066e-02
1.122592687606811523e+00
2.477236837148666382e-02
9.701721370220184326e-03
2.277945727109909058e-02
2.445447025820612907e-03
2.994931936264038086e-01
1.802841424942016602e+00
2.274095714092254639e-01
1.328930705785751343e-01
3.683395683765411377e-01
1.807817220687866211e-01
1.221813410520553589e-01
5.462758615612983704e-02
2.340290136635303497e-02
6.607103943824768066e-01
2.185450077056884766e+00
1.348063233308494091e-03
1.155900186859071255e-03
4.274873994290828705e-03
3.018876537680625916e-02
3.578821197152137756e-02
8.626081943511962891e-01
6.524580121040344238e-01
1.953879371285438538e-02
1.644305139780044556e-01
5.365906953811645508e-01
2.375931501388549805e+00
7.570119202136993408e-02
1.391995102167129517e-01
3.240371122956275940e-02
1.872041940689086914e+00
2.129265069961547852e-01
8.843895979225635529e-03
2.815273776650428772e-02
8.371735364198684692e-02
1.309315115213394165e-01
1.669131964445114136e-02
2.090852260589599609e+00
3.532718867063522339e-03
2.124911407008767128e-03
4.325643777847290039e-01
3.806781172752380371e-01
1.687861076788976789e-04
5.941230803728103638e-03
3.045333724003285170e-04
4.323164522647857666e-01
5.943089723587036133e-01
7.369726151227951050e-02
3.202877938747406006e-01
5.774757266044616699e-02
9.328792095184326172e-01
8.045408874750137329e-03
2.445134371519088745e-01
1.338680148124694824e+00
1.189142931252717972e-02
3.626755774021148682e-01
1.980965971946716309e+00
1.091927364468574524e-01
1.951307430863380432e-02
7.566926069557666779e-04
9.537351727485656738e-01
4.273093305528163910e-03
3.114396333694458008e-01
3.192199394106864929e-02
2.073680758476257324e-01
4.514365792274475098e-01
3.039878979325294495e-02
8.795906901359558105e-01
1.591608859598636627e-02
3.140160739421844482e-01
5.213407427072525024e-02
4.454214572906494141e-01
3.908529505133628845e-02
6.454159319400787354e-02
7.968903779983520508e-01
5.666690692305564880e-02
5.932478234171867371e-04
2.872801303863525391e+00
2.938333272933959961e+00
3.312103450298309326e-03
5.539313424378633499e-04
2.186793833971023560e-02
3.364689052104949951e-01
1.389014814049005508e-02
1.952171907760202885e-03
1.205411314964294434e+00
2.476039156317710876e-02
2.676779031753540039e-01
1.641377166379243135e-04
8.441045284271240234e-01
5.920904129743576050e-02
2.031169366091489792e-03
8.273584842681884766e-01
1.803218759596347809e-02
3.566483557224273682e-01
9.920223616063594818e-03
5.427472591400146484e-01
3.808372020721435547e-01
3.835829496383666992e+00
5.829161405563354492e-01
5.660116672515869141e-01
6.798207014799118042e-02
1.909815357066690922e-03
1.401967853307723999e-01
8.266001194715499878e-02
1.393656611442565918e+00
2.901750616729259491e-03
8.489944972097873688e-03
2.608769536018371582e-01
1.621380925178527832e+00
1.688997507095336914e+00
1.108264084905385971e-02
1.887433230876922607e-02
3.846143954433500767e-04
1.914336578920483589e-03
3.673728704452514648e-01
9.089981317520141602e-01
2.401944063603878021e-02
1.866999864578247070e-01
2.155492901802062988e-01
8.318776488304138184e-01
2.559360265731811523e-01
9.766814764589071274e-04
5.427861586213111877e-03
9.533213376998901367e-01
2.807724988088011742e-03
9.779518470168113708e-03
4.922571778297424316e-01
1.057504788041114807e-01
1.207360178232192993e-01
3.653097373899072409e-04
7.578838267363607883e-04
8.052437752485275269e-02
2.874704599380493164e-01
8.581095188856124878e-02
2.921826243400573730e-01
6.358156446367502213e-03
5.437320470809936523e-01
9.949953109025955200e-02
2.139198333024978638e-01
7.111338376998901367e-01
9.696272611618041992e-01
9.409786760807037354e-02
7.757338881492614746e-02
2.081911079585552216e-02
5.759228020906448364e-02
1.679928787052631378e-02
1.238423109054565430e+00
4.491434395313262939e-01
2.858123779296875000e-01
3.463075160980224609e-01
5.175052583217620850e-02
1.430289298295974731e-01
2.287291765213012695e+00
1.262744784355163574e+00
7.090616226196289062e-02
1.355808675289154053e-01
1.210724949836730957e+00
6.894949674606323242e-01
2.051776498556137085e-01
2.176576294004917145e-02
1.381348967552185059e-01
2.197115216404199600e-03
7.825851440429687500e-02
1.854872331023216248e-02
4.304293096065521240e-01
1.271611154079437256e-01
3.187696216627955437e-03
3.157542228698730469e+00
1.511265756562352180e-03
1.390446424484252930e-01
4.585440084338188171e-02
4.586339741945266724e-02
1.738573312759399414e+00
2.379704862833023071e-01
3.685502111911773682e-01
1.922327041625976562e+00
2.227505594491958618e-01
5.980727076530456543e-02
1.354210138320922852e+00
1.062651723623275757e-02
1.219271682202816010e-02
4.966752529144287109e-01
3.047765232622623444e-02
8.662252873182296753e-02
1.501169651746749878e-01
1.575297236442565918e+00
3.043867051601409912e-01
2.993808872997760773e-02
1.427032053470611572e-01
9.076051646843552589e-04
1.120571605861186981e-02
5.268860235810279846e-02
1.285574771463871002e-02
5.843645334243774414e-01
1.709079891443252563e-01
1.037316203117370605e+00
2.879009954631328583e-02
3.388969600200653076e-01
3.318627774715423584e-01
4.538117442280054092e-03
6.646926403045654297e-01
1.248373150825500488e+00
1.655320636928081512e-02
4.664068222045898438e-01
5.262114405632019043e-01
2.024970203638076782e-01
1.036081910133361816e-01
1.041149199008941650e-01
2.497122914064675570e-04
9.752233326435089111e-02
3.202472925186157227e-01
2.310264706611633301e-01
3.374027490615844727e+00
7.864784002304077148e-01
3.590931594371795654e-01
1.197097226977348328e-01
1.145158186554908752e-01
2.001190371811389923e-02
7.355240732431411743e-02
1.447384119033813477e+00
1.166397809982299805e+00
1.351575087755918503e-02
1.135918498039245605e-02
4.804010987281799316e-01
1.643310189247131348e+00
5.439683794975280762e-01
6.934978067874908447e-03
5.478323698043823242e-01
2.506104409694671631e-01
2.356492448598146439e-03
5.902577191591262817e-02
6.169198751449584961e-01
7.402878403663635254e-01
1.142324566841125488e+00
3.063345551490783691e-01
1.463000178337097168e-01
4.027626514434814453e-01
9.166464954614639282e-02
8.592145144939422607e-02
2.044510096311569214e-01
1.387473046779632568e-01
6.603613495826721191e-02
3.675515949726104736e-01
6.971822679042816162e-02
2.546322822570800781e+00
9.516716236248612404e-04
4.022050276398658752e-02
1.170784002169966698e-03
8.330667763948440552e-02
1.172199249267578125e+00
5.651786923408508301e-02
1.627638816833496094e+00
1.200934033840894699e-02
4.321967661380767822e-01
3.356505334377288818e-01
8.672431111335754395e-03
4.174209386110305786e-02
5.952044203877449036e-02
2.139278687536716461e-02
8.119045197963714600e-02
2.002323791384696960e-02
1.056853756308555603e-01
9.874349087476730347e-02
9.035230278968811035e-01
9.399608522653579712e-02
4.884891510009765625e+00
7.096205838024616241e-03
2.029311895370483398e+00
6.280828714370727539e-01
8.928970992565155029e-02
6.441999226808547974e-02
2.792601101100444794e-02
1.424942016601562500e+00
6.204128265380859375e-01
5.018585216021165252e-05
7.413261337205767632e-04
4.791648983955383301e-01
9.072614908218383789e-01
3.702837601304054260e-02
9.756026789546012878e-03
6.299130618572235107e-02
6.795004592277109623e-04
5.559673309326171875e-01
1.679517881711944938e-04
1.752596050500869751e-01
7.940189838409423828e-01
1.491456747055053711e+00
8.430895209312438965e-01
1.700075030326843262e+00
2.142421305179595947e-01
6.762827932834625244e-02
2.649846486747264862e-03
5.002992749214172363e-01
2.548711597919464111e-01
7.280266880989074707e-01
8.671795129776000977e-01
1.813530683517456055e+00
1.725234240293502808e-01
1.872086048126220703e+00
4.297294914722442627e-01
5.227153305895626545e-04
5.044400691986083984e-01
3.999212756752967834e-03
1.218537092208862305e-01
5.262979120016098022e-02
6.324114203453063965e-01
1.296307146549224854e-02
2.078202217817306519e-01
2.307996451854705811e-01
4.828130602836608887e-01
1.851713895797729492e+00
7.820317894220352173e-02
3.296778351068496704e-02
3.405963070690631866e-03
2.473236471414566040e-01
4.450373947620391846e-01
3.225515782833099365e-01
2.549020946025848389e-01
1.776189776137471199e-03
2.668634057044982910e-01
2.155453562736511230e-01
6.171390414237976074e-01
1.152488589286804199e-02
9.773158431053161621e-01
8.083012886345386505e-03
6.414648294448852539e-01
2.241838490590453148e-03
4.951585531234741211e-01
6.365218162536621094e-01
1.629282534122467041e-01
4.525064025074243546e-03
3.942858427762985229e-02
9.127039462327957153e-02
1.055582761764526367e+00
1.976033002138137817e-01
7.891485691070556641e-01
4.844971299171447754e-01
1.054925750941038132e-02
8.993273377418518066e-01
3.810727298259735107e-01
8.127709850668907166e-03
2.645327746868133545e-01
9.233191609382629395e-01
3.732322156429290771e-02
8.897454142570495605e-01
4.641216397285461426e-01
4.729015231132507324e-01
1.244485494680702686e-03
4.966768249869346619e-02
7.606777548789978027e-01
1.229281164705753326e-02
8.667872101068496704e-02
4.246601164340972900e-01
2.203775048255920410e-01
5.977762490510940552e-02
2.439593523740768433e-01
4.127325534820556641e+00
1.094949468970298767e-01
7.445589900016784668e-01
1.284096390008926392e-01
2.579592704772949219e+00
2.499027736485004425e-02
1.612853050231933594e+00
6.964131593704223633e-01
3.527087569236755371e-01
1.628137752413749695e-02
1.384731084108352661e-01
4.121246561408042908e-02
1.488760560750961304e-01
9.156283736228942871e-02
1.948602613992989063e-03
5.432755947113037109e-01
1.948337852954864502e-01
3.142409920692443848e-01
2.440928248688578606e-03
7.209290564060211182e-02
1.281161420047283173e-02
3.535227477550506592e-01
4.012946411967277527e-02
9.019585698843002319e-02
5.862169712781906128e-02
2.405481971800327301e-02
9.490118026733398438e-01
1.135036230087280273e+00
3.128870129585266113e-01
8.596837520599365234e-02
1.041430421173572540e-02
1.325052738189697266e+00
1.888355910778045654e-01
1.295511573553085327e-01
6.311236023902893066e-01
1.004957873374223709e-02
1.665403880178928375e-02
2.862032055854797363e-01
1.384015311487019062e-03
3.964698687195777893e-02
1.391930729150772095e-01
9.109356254339218140e-02
2.184065133333206177e-01
1.714738085865974426e-02
1.875731647014617920e-01
2.715584821999073029e-02
3.663735091686248779e-01
1.354125852230936289e-04
6.276674270629882812e-01
3.424837291240692139e-01
7.326960563659667969e-02
3.336460329592227936e-03
8.263800293207168579e-03
3.825774192810058594e-01
7.557583012385293841e-05
4.142076149582862854e-02
7.062616944313049316e-02
9.084485471248626709e-02
1.240349374711513519e-02
2.125722765922546387e-01
8.710540533065795898e-01
2.348403632640838623e-01
8.333734273910522461e-01
1.494250539690256119e-02
3.506758213043212891e-01
1.658276319503784180e+00
2.726211212575435638e-02
2.290008068084716797e-01
3.155567497014999390e-02
3.119846619665622711e-02
2.865086495876312256e-01
4.674489423632621765e-02
6.125405430793762207e-01
1.419361084699630737e-01
5.729758739471435547e-01
9.543539285659790039e-01
1.933574676513671875e-01
1.345821142196655273e+00
9.488561749458312988e-02
1.303885459899902344e+00
4.257856681942939758e-02
5.483208298683166504e-01
1.200462877750396729e-02
2.528034746646881104e-01
1.060058951377868652e+00
5.209281225688755512e-04
1.151732429862022400e-01
4.476079717278480530e-02
6.506923120468854904e-03
3.905433714389801025e-01
1.953952759504318237e-01
4.520640522241592407e-02
1.129743099212646484e+00
3.635231256484985352e-01
2.651047706604003906e-02
2.017195701599121094e+00
1.362526714801788330e-01
3.053234517574310303e-02
3.378375172615051270e-01
1.193764270283281803e-03
1.694288730621337891e+00
1.327472478151321411e-01
4.966217675246298313e-04
2.856289148330688477e-01
1.665959596633911133e+00
8.857342004776000977e-01
1.397902220487594604e-01
7.752344608306884766e-01
1.357431769371032715e+00
3.554796278476715088e-01
2.255861833691596985e-02
2.443936839699745178e-02
5.467895269393920898e-01
3.228929359465837479e-03
1.309146881103515625e+00
1.759644865989685059e+00
9.047412872314453125e-02
4.968600696884095669e-04
2.123840618878602982e-03
3.218371793627738953e-02
4.408611953258514404e-01
5.710874199867248535e-01
4.537194594740867615e-02
5.182048305869102478e-03
2.041505277156829834e-01
2.593989670276641846e-01
5.886173844337463379e-01
3.286327421665191650e-02
8.584440946578979492e-01
2.262343019247055054e-01
8.323747515678405762e-01
1.240569353103637695e+00
8.321477174758911133e-01
4.023471474647521973e-01
4.605282098054885864e-03
7.205138206481933594e-01
3.594231009483337402e-01
3.953390696551650763e-04
1.645326137542724609e+00
3.036152124404907227e-01
5.602024495601654053e-02
4.604966193437576294e-02
1.562035560607910156e+00
1.459559440612792969e+00
5.638346076011657715e-01
7.313487678766250610e-02
5.298262927681207657e-03
6.394725642167031765e-04
5.975569486618041992e-01
6.012211553752422333e-03
1.274496465921401978e-01
6.398186087608337402e-01
2.721774624660611153e-03
7.871946096420288086e-01
4.028718173503875732e-01
1.655872315168380737e-01
7.665484398603439331e-02
2.856965921819210052e-02
1.510878838598728180e-02
1.064417660236358643e-01
1.429306566715240479e-01
7.841338217258453369e-02
4.044125229120254517e-02
3.049985170364379883e+00
4.749973416328430176e-01
1.204648762941360474e-01
4.616357088088989258e-01
1.419710755348205566e+00
3.492909669876098633e-01
1.313538523390889168e-03
3.025839291512966156e-02
5.075289011001586914e-01
1.185573544353246689e-02
1.811097748577594757e-02
1.975372200831770897e-03
8.455757796764373779e-02
1.010406255722045898e+00
7.825076580047607422e-03
1.813368871808052063e-02
1.127528101205825806e-01
8.156197071075439453e-01
5.079978331923484802e-02
1.066319227218627930e+00
2.011472545564174652e-02
9.488627910614013672e-01
3.694202005863189697e-01
7.115264534950256348e-01
2.580493688583374023e-01
7.129702568054199219e-01
1.638589620590209961e+00
2.623524963855743408e-01
1.128363013267517090e+00
4.916220903396606445e-02
5.943245254456996918e-03
8.519376628100872040e-03
2.508005201816558838e-01
3.101160228252410889e-01
6.415427923202514648e-01
5.265069603919982910e-01
3.501394093036651611e-01
2.707092761993408203e-01
9.193287491798400879e-01
1.208574026823043823e-01
7.328435778617858887e-01
3.954567946493625641e-03
1.617553178220987320e-03
3.862897399812936783e-03
4.235136508941650391e-01
6.198330223560333252e-02
2.039378043264150620e-03
3.982352558523416519e-03
7.698149979114532471e-02
2.380330711603164673e-01
7.169472053647041321e-03
9.277487546205520630e-02
1.716176420450210571e-01
3.157995045185089111e-01
2.226708456873893738e-02
3.055961728096008301e-01
2.752901017665863037e-01
1.356515684165060520e-03
2.775271423161029816e-03
1.766743898391723633e+00
8.079666644334793091e-02
1.299625542014837265e-02
2.966212294995784760e-02
1.812139712274074554e-02
3.422561660408973694e-02
1.175653636455535889e-01
6.809065490961074829e-02
2.020211331546306610e-02
2.361617386341094971e-01
5.835769325494766235e-02
3.210162520408630371e-01
3.082416653633117676e-01
4.291985929012298584e-02
1.639693379402160645e-01
1.384606026113033295e-02
5.097028017044067383e-01
1.049912348389625549e-02
1.477067451924085617e-02
1.238750457763671875e+00
6.893843412399291992e-02
9.409019351005554199e-01
3.453268855810165405e-02
3.430659696459770203e-02
4.513985633850097656e+00
8.866140991449356079e-02
6.827757358551025391e-01
3.007139861583709717e-01
5.073236823081970215e-01
2.702236175537109375e-01
3.696353137493133545e-01
4.818299040198326111e-02
5.661261081695556641e-02
1.857579708099365234e+00
7.164840698242187500e-01
2.118253409862518311e-01
1.261755824089050293e+00
3.150176405906677246e-01
2.584164738655090332e-01
4.347656667232513428e-01
4.469642881304025650e-03
9.303255379199981689e-02
6.253787875175476074e-02
1.214500665664672852e-01
6.577374786138534546e-02
2.414888585917651653e-04
4.137023091316223145e-01
1.911092162132263184e+00
5.885414313524961472e-03
1.072983622550964355e+00
1.104811549186706543e+00
4.998093470931053162e-03
1.242907717823982239e-01
1.818176209926605225e-01
2.285846276208758354e-03
1.031124711036682129e+00
4.017275273799896240e-01
6.352835297584533691e-01
2.424364686012268066e-01
8.392388373613357544e-02
7.392481565475463867e-01
2.764841020107269287e-01
6.320261210203170776e-02
1.441631116904318333e-03
5.846669673919677734e-01
1.117816045880317688e-01
2.018872737884521484e+00
3.815547749400138855e-02
5.998691320419311523e-01
2.429511863738298416e-03
5.548664331436157227e-01
1.496187448501586914e-01
9.692257642745971680e-01
4.213029053062200546e-03
2.397137507796287537e-02
1.588607907295227051e+00
1.778277754783630371e-02
1.284163236618041992e+00
4.647880792617797852e-03
2.701324224472045898e+00
2.143210917711257935e-02
8.513138890266418457e-01
1.531724184751510620e-01
3.293954133987426758e-01
1.680146604776382446e-01
1.631716033443808556e-03
3.227666602469980717e-04
5.222387262620031834e-04
1.285673230886459351e-01
8.988939225673675537e-02
2.149114944040775299e-02
1.689731955528259277e+00
2.704896330833435059e-01
2.316168993711471558e-01
4.193707704544067383e-01
7.561457753181457520e-01
8.618460560683161020e-05
5.252846051007509232e-03
1.160665988922119141e+00
1.075486421585083008e+00
8.833723515272140503e-02
2.855669260025024414e+00
4.226001724600791931e-02
3.103353500366210938e+00
4.430512785911560059e-01
5.107332020998001099e-03
5.076929330825805664e-01
1.050070896744728088e-01
1.942620985209941864e-02
1.550984382629394531e+00
3.506206721067428589e-02
1.663598231971263885e-02
8.788555115461349487e-02
1.476508565247058868e-03
1.018839422613382339e-03
1.654300466179847717e-02
1.746643900871276855e+00
5.278385942801833153e-04
4.337781667709350586e-02
8.598728179931640625e-01
8.850506693124771118e-02
9.345564246177673340e-02
7.776213884353637695e-01
4.850762896239757538e-03
1.734388828277587891e+00
3.230549395084381104e-02
1.877397894859313965e+00
1.704550581052899361e-03
9.005052968859672546e-03
8.101911544799804688e-01
2.729363739490509033e-01
3.207778325304389000e-03
2.024132907390594482e-01
3.790793418884277344e-01
6.301575899124145508e-01
1.364029105752706528e-02
2.016885280609130859e-01
3.110159933567047119e-01
4.815694093704223633e-01
3.899163007736206055e-02
4.751001298427581787e-02
1.653679087758064270e-02
2.031075581908226013e-02
2.667401552200317383e+00
1.896066032350063324e-02
1.124438881874084473e+00
5.019713640213012695e-01
1.388556323945522308e-02
8.326116204261779785e-02
2.711431588977575302e-03
9.611929655075073242e-01
4.829578846693038940e-02
6.608560085296630859e-01
5.783840417861938477e-01
1.849220134317874908e-02
2.561898827552795410e-01
6.370949093252420425e-03
3.258253633975982666e-01
8.146918416023254395e-01
1.435307413339614868e-01
1.564283847808837891e+00
1.102977842092514038e-01
3.603016436100006104e-01
4.315705969929695129e-03
7.741706073284149170e-02
9.155849111266434193e-04
4.315656125545501709e-01
1.035035960376262665e-02
1.818507164716720581e-01
1.715896964073181152e+00
2.171078771352767944e-01
2.252128362655639648e+00
1.337586939334869385e-01
6.705090403556823730e-01
1.326638925820589066e-02
1.355579644441604614e-01
3.417101129889488220e-02
1.189626678824424744e-01
2.848859131336212158e-01
2.121505886316299438e-02
1.080525107681751251e-03
1.040783971548080444e-01
1.869291365146636963e-01
2.976254224777221680e-01
2.280611693859100342e-01
2.896366349887102842e-04
1.779001235961914062e+00
2.727154195308685303e-01
1.961822211742401123e-01
1.370037999004125595e-02
6.886320654302835464e-03
1.259725191630423069e-03
3.898176923394203186e-02
2.328238010406494141e+00
6.172117590904235840e-01
1.116201952099800110e-01
1.430953621864318848e+00
3.787532329559326172e+00
4.920893311500549316e-01
1.679162979125976562e-01
9.566557407379150391e-01
3.783589005470275879e-01
3.508374094963073730e-01
1.029138326644897461e+00
1.555316746234893799e-01
4.935581702739000320e-03
1.318943262100219727e+00
2.210710793733596802e-01
9.816443920135498047e-01
1.190192298963665962e-03
6.063729897141456604e-02
5.670204758644104004e-02
9.812831878662109375e-01
5.050280690193176270e-01
1.333371996879577637e-01
9.779050350189208984e-01
1.758805811405181885e-01
5.974457263946533203e-01
4.507467448711395264e-01
7.025512456893920898e-01
2.133584395051002502e-02
1.283715009689331055e+00
2.413486003875732422e+00
1.083978451788425446e-03
1.054473593831062317e-01
7.577012758702039719e-03
6.921689957380294800e-02
2.422168850898742676e-02
1.631890796124935150e-02
1.835468783974647522e-02
2.155158519744873047e-01
8.345776796340942383e-01
3.016378171741962433e-02
2.488481253385543823e-01
1.236522756516933441e-02
7.045353204011917114e-02
2.609587609767913818e-01
5.963589549064636230e-01
4.322986677289009094e-02
1.084156483411788940e-01
4.670484662055969238e-01
6.239453330636024475e-02
5.814311280846595764e-02
1.155693922191858292e-02
3.288301229476928711e-01
1.072263479232788086e+00
1.731207594275474548e-03
1.538692116737365723e-01
1.707811653614044189e-01
1.977531611919403076e-01
1.304324626922607422e+00
2.025935612618923187e-02
3.809105157852172852e-01
4.058793187141418457e-01
9.603095054626464844e-01
4.985789209604263306e-02
2.577093988656997681e-02
3.992045521736145020e-01
1.171501278877258301e-01
8.302783221006393433e-02
4.184758663177490234e-01
1.028023287653923035e-01
8.311209082603454590e-01
3.274560719728469849e-02
2.805259451270103455e-02
7.363380491733551025e-02
2.098052024841308594e+00
9.773055315017700195e-01
1.008241176605224609e-01
1.902091801166534424e-01
6.193908452987670898e-01
2.710599219426512718e-03
4.833486303687095642e-02
9.973469972610473633e-01
4.782983064651489258e-01
2.900938093662261963e-01
1.837517768144607544e-01
1.325569152832031250e+00
2.405984848737716675e-01
1.676685512065887451e-01
1.326847791671752930e+00
5.836558341979980469e-01
1.136796548962593079e-01
5.673259031027555466e-03
2.969749271869659424e-01
9.935425966978073120e-02
4.206207022070884705e-02
2.919865213334560394e-02
5.426241755485534668e-01
3.527191281318664551e-01
5.120185613632202148e-01
1.609965682029724121e+00
9.884458966553211212e-03
3.397126197814941406e-01
1.590505987405776978e-02
2.580853700637817383e-01
5.952504649758338928e-02
6.697206199169158936e-02
9.099679067730903625e-03
3.521550595760345459e-01
2.004971653223037720e-01
2.917723171412944794e-02
7.592010498046875000e-02
4.395348019897937775e-03
6.729483720846474171e-04
1.178820610046386719e+00
3.654963672161102295e-01
4.773404821753501892e-02
4.806766510009765625e-01
4.192781448364257812e+00
1.941218040883541107e-02
1.287881378084421158e-02
7.601621095091104507e-03
4.716172516345977783e-01
3.002207912504673004e-02
1.880846917629241943e-02
3.423249959945678711e+00
8.275771141052246094e-01
2.952730953693389893e-01
1.828165948390960693e-01
1.687314957380294800e-01
1.605770550668239594e-03
1.055359721183776855e+00
9.031286835670471191e-01
2.938842177391052246e-01
8.076610416173934937e-02
9.520374536514282227e-01
4.066149890422821045e-02
1.102064371109008789e+00
5.590763688087463379e-02
1.348723620176315308e-01
4.255937337875366211e-01
1.760944277048110962e-01
7.596441358327865601e-02
1.300678253173828125e+00
1.453837603330612183e-01
4.344102740287780762e-01
3.503962233662605286e-02
3.382439492270350456e-03
1.907902769744396210e-02
9.528820216655731201e-02
1.317290544509887695e+00
6.018847227096557617e-03
2.950959140434861183e-03
1.327976733446121216e-01
4.441943601705133915e-04
2.173325279727578163e-03
9.233075380325317383e-01
2.311892956495285034e-01
4.782746732234954834e-02
2.274908065795898438e+00
8.814837336540222168e-01
5.456198006868362427e-03
3.234826326370239258e-01
4.992430913262069225e-04
9.782332926988601685e-02
1.435101404786109924e-02
2.382704615592956543e-02
4.470236133784055710e-03
4.606469068676233292e-03
2.361014038324356079e-01
4.226390272378921509e-02
7.420643568038940430e-01
3.160509765148162842e-01
8.526881039142608643e-02
1.078573614358901978e-02
6.713966131210327148e-01
1.249382138252258301e+00
8.923704922199249268e-02
3.026265767402946949e-04
7.582767605781555176e-01
1.307967957109212875e-02
8.077907562255859375e-02
1.812306344509124756e-01
1.112756013870239258e+00
6.155552864074707031e-01
4.055110514163970947e-01
7.142723072320222855e-03
2.855846832972019911e-04
5.374386161565780640e-02
6.392973661422729492e-01
2.709853462874889374e-02
1.042775809764862061e-03
1.135538816452026367e-01
5.826273560523986816e-01
1.409609569236636162e-03
3.219993412494659424e-01
1.668896794319152832e+00
1.650469452142715454e-01
1.437971472740173340e+00
3.763920976780354977e-04
6.189108360558748245e-03
6.008952483534812927e-02
7.931342720985412598e-01
6.343278288841247559e-02
2.327878475189208984e-01
3.719377517700195312e-01
4.129039943218231201e-01
6.924378871917724609e-01
3.672587633132934570e+00
5.799261108040809631e-02
2.550992369651794434e-01
1.623188257217407227e+00
1.706075906753540039e+00
3.307237923145294189e-01
1.081907898187637329e-01
1.408246517181396484e+00
5.388306379318237305e-01
1.188931316137313843e-01
1.245720267295837402e+00
2.440966367721557617e+00
9.523292630910873413e-02
1.363719940185546875e+00
1.699409447610378265e-02
3.523746877908706665e-02
1.809211969375610352e-01
8.316572755575180054e-02
7.038854062557220459e-02
3.405377566814422607e-01
2.184136390686035156e+00
1.608597785234451294e-01
7.357012480497360229e-02
4.459657073020935059e-01
5.542868375778198242e-01
1.151498779654502869e-02
2.407163828611373901e-01
2.760722637176513672e-01
2.659714547917246819e-03
9.252362251281738281e-01
9.151007235050201416e-02
1.207801774144172668e-01
1.200957179069519043e+00
1.016319990158081055e-01
9.613034874200820923e-02
4.910140335559844971e-01
1.804748782888054848e-03
2.488369792699813843e-01
1.346905902028083801e-02
5.544535517692565918e-01
5.446225404739379883e-01
1.453761309385299683e-01
1.158367753028869629e+00
2.057603448629379272e-01
2.002515539061278105e-04
1.160594299435615540e-01
2.130583971738815308e-01
1.568786241114139557e-02
6.074947118759155273e-01
1.006468534469604492e+00
1.557770013809204102e+00
9.727457538247108459e-03
1.452106400392949581e-03
1.712335832417011261e-02
1.019985079765319824e-01
1.190311275422573090e-03
9.700525999069213867e-01
1.412550449371337891e+00
5.638267099857330322e-02
3.075436592102050781e+00
6.266860961914062500e-01
9.632537141442298889e-03
5.883372426033020020e-01
1.132293790578842163e-01
1.051046475768089294e-01
3.862306402879767120e-05
9.504781104624271393e-03
3.004382736980915070e-02
3.604599237442016602e-01
1.792709350585937500e+00
2.327254116535186768e-01
4.391551911830902100e-01
8.378001861274242401e-03
6.472959518432617188e-01
4.630213603377342224e-02
1.292237997055053711e+00
9.056548774242401123e-02
1.946397311985492706e-02
3.504733368754386902e-02
4.880601167678833008e-02
7.256785035133361816e-02
6.820137612521648407e-03
3.855391219258308411e-02
4.350200295448303223e-02
5.154004096984863281e-01
4.404252171516418457e-01
9.202095270156860352e-01
4.053124189376831055e-01
2.282976627349853516e+00
7.031004428863525391e-01
2.050675302743911743e-01
1.835605025291442871e+00
2.206036122515797615e-03
1.350333839654922485e-01
1.281738094985485077e-02
1.103761419653892517e-01
2.343165129423141479e-01
1.617210149765014648e+00
3.677754402160644531e-01
7.199953198432922363e-01
8.788498044013977051e-01
4.369600713253021240e-01
4.852240085601806641e-01
1.839187145233154297e-01
1.601804047822952271e-02
1.515716500580310822e-02
1.383832454681396484e+00
5.735783651471138000e-02
3.537820279598236084e-02
1.896013272926211357e-03
8.336890339851379395e-01
1.764258928596973419e-02
4.457433824427425861e-04
3.908300995826721191e-01
7.018274813890457153e-02
6.896538138389587402e-01
3.552497029304504395e-01
1.699314336292445660e-03
1.006214767694473267e-01
7.620529504492878914e-04
1.460785884410142899e-02
1.625217050313949585e-01
2.035793364048004150e-01
3.811147511005401611e-01
3.451217412948608398e-01
6.727083921432495117e-01
1.684441804885864258e+00
2.534483000636100769e-02
1.200178265571594238e+00
2.069951966404914856e-03
4.825611710548400879e-01
1.097815871238708496e+00
4.711202979087829590e-01
1.030788570642471313e-02
4.729106149170547724e-04
2.676189690828323364e-02
7.466061115264892578e-01
1.970537006855010986e-01
5.467461422085762024e-03
4.614538550376892090e-01
5.311087369918823242e-01
4.497428238391876221e-02
7.694382802583277225e-04
1.330843925476074219e+00
7.264279723167419434e-01
5.557229518890380859e-01
9.188899993896484375e-01
4.058125987648963928e-02
2.235035002231597900e-01
2.643153257668018341e-02
1.075977206230163574e+00
2.170090749859809875e-02
2.437496334314346313e-01
1.069740206003189087e-02
5.382768064737319946e-02
9.087547659873962402e-01
1.037763729691505432e-01
3.936707798857241869e-04
5.532648563385009766e-01
6.596641540527343750e-01
7.575356401503086090e-03
1.776808261871337891e+00
5.787628516554832458e-02
1.664222925901412964e-01
1.638112813234329224e-01
6.975408792495727539e-01
1.250675171613693237e-01
2.292632162570953369e-01
1.053604576736688614e-02
1.111789122223854065e-01
1.629882097244262695e+00
3.416052833199501038e-02
8.688420057296752930e-02
1.900697827339172363e+00
2.327392995357513428e-01
1.716651320457458496e-01
8.561619371175765991e-02
2.976386070251464844e+00
2.141536921262741089e-01
1.372646450996398926e+00
2.319699339568614960e-02
2.673589996993541718e-02
4.269702732563018799e-02
1.018853634595870972e-01
8.752150535583496094e-01
1.920999493449926376e-03
2.691208720207214355e-01
1.780016660690307617e+00
8.557329326868057251e-02
7.353374958038330078e-01
4.957364127039909363e-02
4.946541041135787964e-02
1.908877342939376831e-01
9.778456762433052063e-03
2.065612822771072388e-01
3.465426266193389893e-01
1.818672120571136475e-01
4.740836024284362793e-01
2.945170104503631592e-01
4.025178253650665283e-01
1.606966555118560791e-01
2.389515638351440430e+00
2.918249368667602539e-01
1.498938202857971191e+00
2.883434481918811798e-02
8.620069175958633423e-02
2.019593000411987305e+00
7.685588300228118896e-02
3.903541862964630127e-01
4.016794264316558838e-02
1.148765757679939270e-01
6.442847196012735367e-03
1.714658498764038086e+00
1.006639838218688965e+00
6.489441394805908203e-01
5.077836662530899048e-02
4.015123005956411362e-03
7.285717129707336426e-02
8.992351889610290527e-01
7.241288423538208008e-01
1.239889979362487793e+00
9.658982977271080017e-03
1.396986603736877441e+00
3.412472307682037354e-01
3.372816136106848717e-03
6.733165681362152100e-02
7.279571294784545898e-01
1.196725964546203613e-01
7.743979245424270630e-02
4.537107348442077637e-01
3.923900127410888672e-01
1.623976826667785645e-01
9.242132306098937988e-03
9.882333688437938690e-04
3.333727596327662468e-03
3.991405665874481201e-01
6.851975619792938232e-02
6.711887568235397339e-02
3.008917346596717834e-02
5.124947428703308105e-01
5.947274155914783478e-03
8.658700436353683472e-02
3.161211907863616943e-01
5.085077285766601562e-01
1.143169999122619629e-01
1.144675537943840027e-01
9.141948223114013672e-01
5.014197826385498047e-01
3.272322565317153931e-02
4.564940035343170166e-01
6.708601117134094238e-01
1.957446634769439697e-01
2.480423264205455780e-02
9.621691703796386719e-01
3.718207031488418579e-02
6.564649194478988647e-02
8.143446175381541252e-04
8.477270603179931641e-01
5.300160031765699387e-03
3.005746304988861084e-01
2.872210741043090820e-02
1.502354443073272705e-01
6.737077236175537109e-02
2.065356820821762085e-01
3.023248538374900818e-02
5.803884863853454590e-01
1.289831399917602539e+00
4.502921178936958313e-02
2.016414515674114227e-02
1.093292161822319031e-01
1.114819664508104324e-03
3.310663104057312012e-01
1.664682640694081783e-03
8.605591137893497944e-04
6.189549565315246582e-01
6.003047525882720947e-02
9.996218234300613403e-02
4.821844100952148438e-01
4.932141397148370743e-03
1.331018060445785522e-01
1.531208753585815430e+00
6.249700784683227539e-01
3.530759513378143311e-01
4.750645756721496582e-01
2.548302412033081055e-01
2.477673348039388657e-03
5.592127516865730286e-02
3.404497206211090088e-01
6.627816765103489161e-05
3.192257136106491089e-02
2.844453044235706329e-02
2.569352043792605400e-03
1.053612446412444115e-03
5.547193884849548340e-01
5.826550722122192383e-01
2.690744876861572266e+00
1.165582984685897827e-01
1.561571359634399414e+00
3.293167799711227417e-02
1.437361121177673340e+00
1.081156171858310699e-02
5.421189069747924805e-01
1.996163576841354370e-01
3.680032119154930115e-02
4.760005045682191849e-03
7.591038197278976440e-02
1.578304022550582886e-01
7.689518481492996216e-02
1.445483714342117310e-01
5.852343514561653137e-02
8.130761981010437012e-01
6.860786676406860352e-01
1.943619012832641602e+00
2.560061030089855194e-02
1.802242994308471680e+00
6.798830628395080566e-02
1.322000026702880859e+00
1.672428548336029053e-01
2.884823152271565050e-05
1.334656596183776855e+00
1.374373435974121094e-01
1.449420750141143799e-01
2.220775127410888672e+00
1.399856805801391602e+00
5.705803260207176208e-02
7.523005455732345581e-02
4.599319398403167725e-02
3.101193428039550781e+00
5.374442413449287415e-02
1.257083654403686523e+00
6.784282741136848927e-04
2.012372482568025589e-03
3.668817132711410522e-02
5.774168968200683594e-01
6.205153465270996094e-01
6.263899803161621094e-02
9.737911820411682129e-01
1.374938637018203735e-01
2.425345405936241150e-02
3.680058121681213379e-01
3.832496935501694679e-03
4.007013340014964342e-04
1.041107326745986938e-01
4.628420807421207428e-03
6.628223657608032227e-01
3.299991190433502197e-01
1.060233730822801590e-02
9.996705688536167145e-03
7.134282588958740234e-02
2.798791415989398956e-02
3.597539961338043213e-01
2.808557124808430672e-03
4.371134638786315918e-01
1.178594350814819336e+00
7.900277525186538696e-02
2.610344171524047852e+00
1.779025942087173462e-01
2.016511112451553345e-01
2.912608861923217773e+00
3.147054612636566162e-01
5.483468770980834961e-01
5.502210929989814758e-02
2.974543869495391846e-01
2.091904543340206146e-02
1.161985278129577637e+00
1.293775625526905060e-03
1.551173090934753418e+00
1.627524048089981079e-01
6.274086236953735352e-01
7.291757501661777496e-04
3.692212104797363281e-01
1.181860327720642090e+00
1.710500917397439480e-03
1.407621651887893677e-01
1.777493208646774292e-02
3.423070535063743591e-03
2.172088027000427246e-01
1.450804114341735840e+00
7.851423323154449463e-02
2.068576961755752563e-02
1.243801489472389221e-01
6.238568574190139771e-02
1.726309657096862793e-01
1.570604920387268066e+00
9.927852153778076172e-01
1.885824054479598999e-01
7.786191999912261963e-02
2.200642347335815430e+00
5.063160061836242676e-01
8.458030410110950470e-03
9.863783121109008789e-01
4.340977594256401062e-02
2.219974517822265625e+00
3.299262046813964844e+00
9.902814030647277832e-02
2.189801186323165894e-01
3.284428417682647705e-01
1.553044072352349758e-03
6.129522249102592468e-02
2.552693895995616913e-02
4.206847190856933594e+00
2.219281718134880066e-02
7.926012873649597168e-01
3.245348930358886719e-01
1.788895368576049805e+00
3.804971575736999512e-01
1.725059747695922852e+00
2.567218430340290070e-02
1.511175632476806641e-01
3.131250664591789246e-02
1.256272047758102417e-01
1.392027854919433594e+00
1.734353154897689819e-01
2.195622213184833527e-02
1.865408420562744141e-01
2.037175148725509644e-01
3.573553264141082764e-01
1.085896790027618408e-02
1.123301744461059570e+00
2.344958782196044922e-01
5.125790238380432129e-01
1.182357408106327057e-02
2.102247439324855804e-02
1.498226165771484375e+00
3.696724474430084229e-01
8.973824977874755859e-02
7.330516725778579712e-02
3.708631038665771484e+00
1.405096426606178284e-02
9.729339182376861572e-02
5.572330951690673828e-02
2.090493291616439819e-01
2.908664282585959882e-05
2.268155962228775024e-01
1.662581712007522583e-01
3.098820924758911133e+00
8.723516464233398438e-01
2.130695730447769165e-01
1.514766335487365723e+00
5.243359133601188660e-03
1.241807341575622559e+00
5.250605568289756775e-02
5.294547080993652344e-01
1.390404939651489258e+00
1.622050106525421143e-01
1.125877201557159424e-01
1.155900433659553528e-01
1.518138647079467773e+00
1.073143035173416138e-01
3.463678658008575439e-01
5.191736295819282532e-02
6.553474068641662598e-02
2.105514287948608398e+00
7.317658066749572754e-01
1.100461184978485107e-01
3.365389704704284668e-01
2.803357839584350586e-01
9.392988681793212891e-01
3.387252092361450195e-01
7.001437246799468994e-02
3.895484805107116699e-01
9.581413120031356812e-03
1.157356277108192444e-01
1.933230906724929810e-01
4.836121201515197754e-02
9.180907905101776123e-02
5.161619186401367188e-01
7.898434996604919434e-01
1.065489053726196289e+00
1.274082303047180176e+00
3.606817126274108887e-01
1.317470073699951172e-01
9.674818515777587891e-01
3.504911065101623535e-01
3.276348859071731567e-02
1.946565866470336914e+00
1.886277049779891968e-01
3.278879225254058838e-01
1.800315529108047485e-01
2.501507699489593506e-01
6.563652306795120239e-03
6.845974922180175781e-02
2.393565654754638672e+00
4.187413752079010010e-01
5.283151986077427864e-04
7.710464596748352051e-01
1.860326379537582397e-01
1.077493801712989807e-01
2.722143173217773438e+00
2.771129846572875977e+00
4.019428789615631104e-01
4.605757072567939758e-03
3.831278532743453979e-02
8.829079270362854004e-01
1.354293972253799438e-01
3.434552997350692749e-02
9.224562346935272217e-02
4.448102414608001709e-02
8.291658014059066772e-02
3.354566395282745361e-01
1.011520251631736755e-01
8.895254135131835938e-02
1.559308171272277832e+00
2.536365762352943420e-02
1.435888856649398804e-01
8.111392147839069366e-03
5.224907398223876953e-01
4.259362697601318359e+00
6.349895596504211426e-01
2.137298136949539185e-01
3.137359619140625000e-01
4.840092062950134277e-01
1.999858617782592773e-01
3.191342353820800781e-01
2.464850991964340210e-02
3.665627241134643555e-01
9.462310373783111572e-02
8.839555382728576660e-01
1.704811453819274902e-01
3.390449285507202148e-01
3.152588615193963051e-04
1.134531497955322266e+00
6.887000054121017456e-02
1.918668746948242188e-01
2.360234409570693970e-01
7.517682909965515137e-01
8.119979500770568848e-02
5.312222242355346680e-01
5.666795768775045872e-04
1.491268631070852280e-03
6.325225811451673508e-03
5.788810253143310547e-01
1.451760232448577881e-01
8.926840499043464661e-03
1.124100923538208008e+00
3.978762030601501465e-01
3.328024642542004585e-03
6.128526926040649414e-01
1.085389137268066406e+00
9.228540956974029541e-02
6.067103822715580463e-04
4.890739172697067261e-02
5.060567334294319153e-02
4.560146331787109375e-01
4.410032331943511963e-01
1.915419250726699829e-01
2.099742293357849121e-01
1.403409004211425781e+00
5.411229133605957031e-01
2.752192258834838867e+00
3.807642161846160889e-01
6.011109799146652222e-04
1.320699572563171387e+00
1.578115299344062805e-02
4.583778679370880127e-01
3.111674308776855469e+00
8.308389037847518921e-02
1.508012533187866211e+00
1.093808263540267944e-01
5.418278574943542480e-01
6.154398992657661438e-02
2.169991731643676758e-01
8.179501295089721680e-01
6.621308922767639160e-01
2.281436324119567871e-01
6.518764495849609375e-01
7.321885824203491211e-01
1.658217608928680420e-01
1.613530218601226807e-01
7.035464793443679810e-02
1.961809117347002029e-03
1.849740266799926758e+00
3.296894952654838562e-03
2.408974915742874146e-01
6.354026794433593750e-01
1.423114538192749023e-02
1.681168377399444580e-01
4.038558483123779297e+00
5.724866390228271484e-01
1.881730556488037109e+00
6.520923972129821777e-01
1.255802035331726074e+00
3.420895576477050781e+00
2.703109681606292725e-01
5.803276970982551575e-02
1.841244816780090332e+00
1.755989529192447662e-02
2.507735788822174072e-02
1.609426975250244141e+00
1.849796026945114136e-01
9.781105909496545792e-04
6.698511838912963867e-01
3.787848949432373047e-01
7.210554927587509155e-02
2.527236640453338623e-01
2.374486252665519714e-02
3.435753881931304932e-01
1.053287982940673828e+00
1.669724285602569580e-01
2.168698161840438843e-01
1.778093748725950718e-03
3.154665708541870117e+00
2.084584720432758331e-02
2.955240942537784576e-02
9.391158223152160645e-01
3.213093578815460205e-01
2.020503394305706024e-02
1.870218839030712843e-04
1.491219401359558105e-01
1.064609643071889877e-02
3.631071187555789948e-03
4.340484440326690674e-01
7.066348940134048462e-02
4.553262591361999512e-01
4.619263857603073120e-02
8.019247055053710938e-01
3.402872383594512939e-02
1.952382922172546387e-01
5.980573128908872604e-03
6.255882233381271362e-02
2.705827355384826660e-02
9.877516031265258789e-01
1.803327053785324097e-01
1.516092196106910706e-02
8.085978031158447266e-02
8.894419670104980469e-01
1.266139507293701172e+00
1.333786100149154663e-01
7.164391875267028809e-02
4.146547988057136536e-02
1.831717938184738159e-01
1.524642854928970337e-01
1.654189586639404297e+00
3.468911349773406982e-01
1.111519262194633484e-01
1.068702340126037598e-02
4.506864026188850403e-02
1.358669161796569824e+00
1.920938372611999512e+00
7.949145510792732239e-03
4.450661838054656982e-01
2.792638838291168213e-01
8.303988575935363770e-01
4.044148325920104980e-02
4.353670179843902588e-01
4.155572503805160522e-03
1.007606312632560730e-01
6.976358592510223389e-02
8.951669335365295410e-01
1.081636175513267517e-01
1.052118778228759766e+00
4.427155479788780212e-03
1.539118122309446335e-03
4.114907383918762207e-01
3.683973476290702820e-02
2.050855904817581177e-01
2.007436275482177734e+00
2.826608419418334961e-01
8.314583301544189453e-01
2.854278124868869781e-02
1.098053809255361557e-02
3.810579329729080200e-02
2.919363379478454590e-01
8.290286362171173096e-02
1.616333872079849243e-01
8.503474295139312744e-02
4.702105652540922165e-03
2.750137567520141602e+00
4.572128131985664368e-02
1.321385800838470459e-01
1.289615273475646973e+00
6.784852594137191772e-02
1.483293483033776283e-03
1.355885714292526245e-01
6.338012814521789551e-01
2.132744155824184418e-02
1.045895069837570190e-01
9.852389991283416748e-02
7.785321027040481567e-02
9.307947754859924316e-02
5.462719127535820007e-03
2.733844220638275146e-01
3.184016048908233643e-01
1.522628784179687500e+00
1.467470359057188034e-02
2.885570228099822998e-01
1.329226978123188019e-02
9.041629731655120850e-02
1.035035960376262665e-02
1.339495182037353516e-01
1.688741326332092285e+00
3.815364092588424683e-02
3.036342859268188477e-01
1.096891164779663086e+00
5.694531649351119995e-02
1.088122874498367310e-01
1.223416905850172043e-02
3.243934810161590576e-01
2.331835404038429260e-02
4.395399987697601318e-01
1.531334519386291504e-01
2.671092152595520020e-01
6.460248259827494621e-04
4.893694818019866943e-01
9.443677663803100586e-01
6.653654854744672775e-03
1.453689858317375183e-02
9.029862284660339355e-01
8.931511640548706055e-01
9.873445630073547363e-01
3.194712996482849121e-01
3.658405318856239319e-02
1.334665566682815552e-01
5.138856917619705200e-02
8.104888722300529480e-03
7.948397397994995117e-01
2.211411483585834503e-02
6.793819665908813477e-01
6.089632585644721985e-02
9.914438724517822266e-01
2.664826624095439911e-02
4.955696314573287964e-02
1.534152925014495850e-01
5.901408568024635315e-02
1.502241969108581543e+00
2.861573826521635056e-03
6.808889564126729965e-03
6.581762572750449181e-04
6.536127328872680664e-01
4.960710555315017700e-02
2.473464608192443848e-01
8.207783102989196777e-02
2.444969266653060913e-01
5.080635473132133484e-02
3.211105167865753174e-01
6.665153778158128262e-04
1.359536964446306229e-02
6.055011972784996033e-02
3.238984942436218262e-01
8.947733044624328613e-02
2.765979170799255371e-01
7.815841585397720337e-02
2.672731280326843262e-01
6.089071035385131836e-01
5.881863832473754883e-02
4.620687365531921387e-01
3.215719759464263916e-01
9.331658482551574707e-01
1.206323385238647461e+00
1.197574427351355553e-03
4.447331186383962631e-03
1.384947061538696289e+00
6.173262745141983032e-02
4.210161790251731873e-02
1.949538946151733398e+00
3.197856992483139038e-02
5.175888538360595703e-01
2.340324223041534424e-01
1.406871597282588482e-03
6.677536368370056152e-01
6.433928757905960083e-02
4.238173067569732666e-01
2.718208124861121178e-03
6.008583307266235352e-01
2.650701105594635010e-01
7.439463138580322266e-01
5.800233921036124229e-04
3.768511116504669189e-01
4.028897732496261597e-02
6.830083206295967102e-03
9.771652519702911377e-02
6.824966520071029663e-02
2.021516263484954834e-01
2.975492924451828003e-02
2.909671545028686523e+00
7.151452451944351196e-02
1.017774701118469238e+00
2.219431102275848389e-01
2.432992309331893921e-01
1.578807830810546875e-01
5.534248799085617065e-02
1.013383921235799789e-02
2.313217222690582275e-01
8.537297248840332031e-01
3.355470020323991776e-03
1.905242085456848145e+00
2.035235017538070679e-01
1.685285754501819611e-02
4.016866683959960938e-01
2.224644832313060760e-02
1.689994335174560547e-01
1.490427553653717041e-01
8.488644845783710480e-03
1.518971025943756104e-01
2.952555753290653229e-02
1.925257593393325806e-02
7.853937335312366486e-03
1.826876640319824219e+00
4.291689023375511169e-02
5.928735062479972839e-02
5.001652054488658905e-03
4.328797757625579834e-02
9.027026593685150146e-03
1.168808788061141968e-01
6.608540415763854980e-01
7.504231929779052734e-01
9.124547243118286133e-02
2.853632450103759766e+00
5.807338953018188477e-01
5.066236853599548340e-01
4.864487051963806152e-01
7.009298205375671387e-01
3.691890835762023926e-01
2.392377145588397980e-02
1.301512569189071655e-01
3.391512632369995117e-01
2.815231800079345703e+00
3.390280762687325478e-03
1.036013141274452209e-01
5.451477169990539551e-01
4.971594512462615967e-01
1.752135753631591797e-01
1.034260019659996033e-01
4.556515216827392578e-01
2.371490001678466797e-01
8.939012140035629272e-02
7.321387529373168945e-02
3.626021742820739746e-01
3.726150393486022949e-01
2.786166965961456299e-02
4.786374568939208984e-01
7.668269276618957520e-01
6.195865198969841003e-02
2.254673093557357788e-02
1.281186103820800781e+00
2.697744369506835938e-01
7.523613423109054565e-02
7.764042820781469345e-03
7.691980153322219849e-02
7.542778849601745605e-01
8.415948599576950073e-03
5.051058903336524963e-02
4.754116013646125793e-02
5.301080942153930664e-01
9.761457331478595734e-03
2.062107808887958527e-02
1.907392263412475586e+00
9.689471125602722168e-01
7.089784741401672363e-01
9.560326337814331055e-01
2.186543643474578857e-01
4.721957084257155657e-04
7.249494194984436035e-01
6.635376214981079102e-01
9.860528707504272461e-01
2.018675088882446289e+00
2.780752815306186676e-02
1.608618974685668945e+00
5.390686541795730591e-02
5.709766969084739685e-02
1.398113667964935303e-01
1.684557297267019749e-03
6.418921053409576416e-03
2.594704389572143555e+00
8.157534599304199219e-01
9.147058427333831787e-02
6.307730078697204590e-01
8.577724695205688477e-01
3.191617783159017563e-03
1.048566102981567383e-01
1.198283862322568893e-02
8.611449040472507477e-03
1.031423568725585938e+00
6.905618123710155487e-03
4.429566860198974609e-01
7.978238165378570557e-03
2.566593289375305176e-01
7.895110547542572021e-02
3.249245509505271912e-02
5.299586653709411621e-01
2.602863609790802002e-01
8.249546289443969727e-01
8.671041578054428101e-02
6.561090350151062012e-01
2.255844622850418091e-01
7.977119684219360352e-01
1.407278776168823242e-01
8.375550061464309692e-02
7.999756336212158203e-01
2.103624865412712097e-02
4.931715488433837891e+00
6.785682868212461472e-03
3.828570619225502014e-02
7.272194325923919678e-02
1.440518051385879517e-01
4.294188693165779114e-04
4.307755827903747559e-02
2.436341019347310066e-04
1.706745624542236328e+00
6.272073090076446533e-02
7.590601444244384766e-01
2.045089721679687500e+00
2.437382936477661133e+00
7.549058645963668823e-04
1.218053628690540791e-03
3.927890211343765259e-02
1.404197216033935547e+00
2.763639986515045166e-01
2.304713726043701172e-01
1.348187960684299469e-02
3.997480380348861217e-04
2.610574960708618164e-01
7.004993557929992676e-01
1.641009330749511719e+00
7.626258730888366699e-01
5.522574186325073242e-01
2.126850932836532593e-02
8.085732348263263702e-03
5.894884467124938965e-01
1.420360207557678223e-01
1.625505328178405762e+00
1.597486883401870728e-01
5.484178196638822556e-03
1.889507055282592773e+00
1.760547459125518799e-01
3.813044726848602295e-01
5.602148547768592834e-02
1.262401103973388672e+00
3.433327674865722656e+00
1.396148085594177246e+00
1.190580148249864578e-02
1.375717297196388245e-02
1.562550663948059082e-01
4.093104004859924316e-01
2.096866071224212646e-02
1.224204461323097348e-04
2.699216365814208984e+00
5.207340717315673828e-01
2.984599210321903229e-02
3.586143851280212402e-01
8.850103020668029785e-01
1.217664331197738647e-01
1.939579010009765625e+00
1.081012010574340820e+00
2.893490493297576904e-01
4.044377058744430542e-02
1.241754651069641113e+00
1.671646833419799805e-01
1.673121303319931030e-01
5.084204487502574921e-03
1.286478400230407715e+00
2.119603566825389862e-02
5.446334555745124817e-02
1.006326556205749512e+00
1.684263348579406738e-01
9.406066536903381348e-01
5.702181253582239151e-03
9.987617842853069305e-03
1.180718541145324707e-01
1.244950965046882629e-01
1.071618199348449707e+00
2.316165924072265625e+00
1.496982062235474586e-03
4.682134091854095459e-02
3.762086927890777588e-01
5.468063428997993469e-02
2.325571537017822266e+00
4.377188626676797867e-03
3.565541207790374756e-01
5.437939893454313278e-03
2.138065174221992493e-02
1.708905458450317383e+00
3.204627633094787598e-01
4.927846789360046387e-01
6.788243651390075684e-01
4.119980037212371826e-01
2.673524022102355957e-01
1.093528270721435547e-01
1.389013290405273438e+00
7.782529573887586594e-04
1.662475615739822388e-01
3.817177610471844673e-03
3.617083728313446045e-01
2.025078237056732178e-01
4.045517742633819580e-01
1.737574301660060883e-02
5.209243297576904297e-02
1.271380763500928879e-02
8.953259140253067017e-02
1.273487601429224014e-02
8.404809236526489258e-01
5.675690248608589172e-02
6.018156930804252625e-02
2.102539390325546265e-01
3.424577787518501282e-02
7.440131902694702148e-02
1.191198348999023438e+00
3.584682047367095947e-01
2.948543727397918701e-01
9.038568139076232910e-01
6.546031236648559570e-01
2.014032006263732910e-01
1.281469345092773438e+00
6.795376539230346680e-01
1.028004009276628494e-02
1.596794649958610535e-02
1.056988000869750977e+00
2.058047950267791748e-01
1.984073668718338013e-01
1.706921681761741638e-02
8.784578181803226471e-03
9.899412840604782104e-02
1.044204807840287685e-03
1.728188246488571167e-01
3.638733029365539551e-01
8.519841730594635010e-02
1.378412961959838867e+00
3.333826661109924316e-01
2.801662310957908630e-03
1.643289811909198761e-02
2.833549492061138153e-02
1.274964655749499798e-03
3.989157825708389282e-02
1.638791680335998535e+00
5.372614860534667969e-01
6.861599683761596680e-01
5.798408985137939453e-01
6.399490521289408207e-04
7.292556576430797577e-03
1.420312672853469849e-01
1.314296722412109375e+00
6.187640503048896790e-02
2.344715446233749390e-01
7.160353660583496094e-01
1.327991764992475510e-02
1.099040806293487549e-01
1.739957332611083984e-01
6.942732930183410645e-01
1.136618018150329590e+00
2.174021862447261810e-02
1.365427672863006592e-01
1.437111854553222656e+00
1.053918361663818359e+00
7.014174945652484894e-03
1.473955959081649780e-01
2.706181406974792480e-01
1.399807184934616089e-01
2.085495367646217346e-02
4.267920926213264465e-02
8.622442185878753662e-02
2.115139365196228027e-01
5.167196318507194519e-02
2.012050390476360917e-04
8.610309362411499023e-01
3.418674925342202187e-03
9.444436430931091309e-02
3.241124749183654785e-01
7.879279553890228271e-02
1.153845310211181641e+00
1.175209507346153259e-01
5.383812189102172852e-01
1.022261604666709900e-01
1.141777396202087402e+00
9.375124573707580566e-01
1.213335096836090088e-01
6.148423999547958374e-02
2.280579134821891785e-02
4.857245460152626038e-02
1.267160326242446899e-01
1.438429832458496094e+00
2.860266249626874924e-03
1.970793865621089935e-02
4.290912300348281860e-02
3.435446023941040039e-01
2.238377928733825684e-02
1.631754636764526367e-01
1.695587188005447388e-01
2.154954820871353149e-01
2.135754749178886414e-02
2.367463260889053345e-01
2.384273260831832886e-01
1.144355058670043945e+00
2.502562999725341797e-01
1.044901832938194275e-01
2.011246979236602783e-01
7.213849574327468872e-02
3.945505619049072266e-01
2.697845399379730225e-01
1.500310283154249191e-02
1.259091775864362717e-02
1.441271603107452393e-01
1.087545529007911682e-01
3.335914134979248047e+00
2.631234824657440186e-01
3.076102398335933685e-02
1.742076724767684937e-01
1.452992439270019531e+00
3.605430829338729382e-04
2.256165266036987305e+00
6.804600358009338379e-01
2.112535715103149414e+00
3.432777523994445801e-01
7.205988513305783272e-04
1.528219431638717651e-01
1.465830802917480469e-01
2.691383415367454290e-04
1.864186488091945648e-02
5.808215215802192688e-02
1.049394756555557251e-01
1.140076294541358948e-01
1.526977401226758957e-03
3.242972195148468018e-01
1.475934982299804688e-01
1.735889464616775513e-01
1.482072323560714722e-01
1.011826246976852417e-01
2.559054374694824219e+00
1.097171604633331299e-01
6.581835746765136719e-01
1.447012782096862793e+00
3.323849737644195557e-01
2.225033342838287354e-01
7.975649088621139526e-02
2.524208091199398041e-02
1.548587623983621597e-02
4.772106651216745377e-03
7.495564222335815430e-01
1.624555438756942749e-01
4.698672890663146973e-02
1.174935232847929001e-02
4.623839631676673889e-02
1.217815559357404709e-03
4.488492757081985474e-02
7.655325531959533691e-02
1.523285657167434692e-01
5.170207470655441284e-02
2.358108043670654297e+00
3.949860110878944397e-02
2.957162074744701385e-02
1.789582222700119019e-01
1.950631290674209595e-01
1.017719879746437073e-01
4.893770068883895874e-02
2.520723640918731689e-01
1.266789197921752930e+00
1.084051653742790222e-01
1.527474522590637207e-01
2.090340293943881989e-02
6.330365687608718872e-02
1.188259478658437729e-02
9.550119638442993164e-01
3.488976359367370605e-01
5.749660730361938477e-01
3.703166265040636063e-03
4.083843529224395752e-02
1.637191697955131531e-02
1.144463941454887390e-01
8.946076035499572754e-02
4.415082335472106934e-01
1.223054365254938602e-03
1.227646842598915100e-01
1.520166993141174316e-01
1.089537292718887329e-01
1.520981192588806152e+00
6.672127638012170792e-03
1.239613071084022522e-01
2.709734201431274414e+00
2.227244712412357330e-02
2.872652113437652588e-01
3.755666688084602356e-02
1.734931468963623047e-01
9.191271662712097168e-02
2.331397961825132370e-03
1.374323517084121704e-01
1.191981792449951172e+00
1.128777191042900085e-01
6.541387643665075302e-03
3.303735554218292236e-01
3.128629922866821289e+00
2.415457069873809814e-01
1.493043184280395508e+00
8.299112915992736816e-01
2.052140533924102783e-01
3.654859662055969238e-01
2.943844199180603027e-01
2.423163890838623047e+00
4.595907870680093765e-03
2.274488806724548340e-01
5.354397296905517578e-01
3.481166362762451172e-01
1.042091250419616699e-01
2.532420158386230469e-01
8.543725125491619110e-03
2.790131373330950737e-03
2.125923395156860352e+00
7.970007061958312988e-01
6.965521257370710373e-03
1.668729004450142384e-03
1.344209074974060059e+00
1.976918894797563553e-03
4.058595001697540283e-02
3.455302417278289795e-01
2.245347648859024048e-01
8.772943019866943359e-01
1.048987507820129395e+00
2.512258104979991913e-02
3.964898176491260529e-03
2.998620038852095604e-03
3.279583454132080078e-01
1.661172270774841309e+00
2.416944317519664764e-02
1.521477103233337402e+00
3.454167023301124573e-02
6.572162359952926636e-02
5.281310528516769409e-02
1.153064593672752380e-01
1.171895582228899002e-02
4.687630105763673782e-03
2.663088738918304443e-01
1.016990914940834045e-01
4.960803389549255371e-01
1.408546268939971924e-01
6.320999562740325928e-02
9.566107988357543945e-01
2.472724467515945435e-01
7.543426007032394409e-02
7.349172830581665039e-01
3.555457890033721924e-01
5.311686992645263672e-01
4.901315271854400635e-01
1.248766779899597168e-01
1.012227013707160950e-01
3.303935518488287926e-04
2.142394147813320160e-02
1.862495690584182739e-01
7.892969250679016113e-01
2.126290798187255859e+00
3.737963140010833740e-01
5.327236140146851540e-04
3.108449578285217285e-01
7.211198657751083374e-02
9.221182018518447876e-02
7.665934562683105469e-01
1.407905369997024536e-01
4.013014957308769226e-02
3.848176449537277222e-02
5.647733341902494431e-04
3.494468051940202713e-03
3.412983119487762451e-01
9.840548038482666016e-03
1.614179015159606934e+00
1.171758631244301796e-04
6.213583350181579590e-01
4.479849245399236679e-03
2.062219427898526192e-03
3.460946679115295410e-01
5.906625390052795410e-01
4.697012528777122498e-02
1.204659342765808105e-01
3.262864649295806885e-01
1.390216350555419922e+00
1.451368689537048340e+00
1.120251566171646118e-01
1.772980690002441406e+00
8.745288848876953125e-02
1.980623230338096619e-02
4.347943067550659180e-01
5.622750520706176758e-01
1.395257234573364258e+00
1.817747205495834351e-02
7.036094069480895996e-01
3.079025447368621826e-01
7.273801416158676147e-02
1.594501137733459473e-01
1.312543004751205444e-01
2.438519299030303955e-01
2.338535487651824951e-01
1.897720694541931152e-01
5.310762673616409302e-02
1.105105042457580566e+00
5.399119853973388672e-01
1.582383871078491211e+00
9.072478278540074825e-04
2.692263014614582062e-02
5.672592669725418091e-02
4.528089761734008789e-01
9.734724760055541992e-01
1.194585207849740982e-02
1.724250018596649170e-01
2.053904771804809570e+00
2.171968854963779449e-02
2.786436378955841064e-01
5.763105154037475586e-01
3.742254972457885742e-01
2.007280290126800537e-01
7.642346620559692383e-01
2.683179378509521484e-01
1.006551086902618408e-02
3.874693810939788818e-02
2.404448688030242920e-01
2.114667594432830811e-01
9.010659456253051758e-01
7.928448729217052460e-03
1.717074960470199585e-01
1.622719131410121918e-02
5.015010759234428406e-02
1.791350245475769043e-01
1.126489136368036270e-03
1.309003401547670364e-02
4.524161049630492926e-04
5.699745565652847290e-02
2.298498526215553284e-02
3.753642439842224121e-01
5.795867443084716797e-01
7.284668087959289551e-01
2.933843526989221573e-03
5.926398038864135742e-01
4.465234279632568359e+00
7.408082485198974609e-01
1.688652187585830688e-01
2.211848795413970947e-01
2.332468517124652863e-03
1.162120103836059570e+00
1.475243091583251953e+00
5.461699366569519043e-01
1.455712318420410156e+00
9.796559810638427734e-01
1.279937382787466049e-02
1.137914180755615234e+00
3.729855120182037354e-01
3.911885023117065430e+00
4.808380827307701111e-02
5.329697728157043457e-01
3.945010602474212646e-01
1.056543812155723572e-01
2.967450581490993500e-02
1.060298159718513489e-01
1.858660221099853516e+00
8.315326571464538574e-01
1.063443422317504883e-01
3.283536434173583984e-01
6.151334643363952637e-01
2.974712252616882324e-01
3.802689490839838982e-03
2.441283017396926880e-01
1.345351040363311768e-01
1.478096693754196167e-01
7.134911138564348221e-03
7.304745726287364960e-03
1.043481349945068359e+00
2.822598256170749664e-02
6.747434139251708984e-01
4.055927991867065430e-01
1.534062027931213379e-01
2.429266460239887238e-02
9.035541862249374390e-02
4.503584001213312149e-03
1.739470511674880981e-01
2.589833736419677734e+00
6.414960622787475586e-01
7.367677241563796997e-02
1.054377034306526184e-01
1.067711599171161652e-02
7.224743720144033432e-03
6.247875094413757324e-02
3.884153440594673157e-03
2.295599086210131645e-03
1.766823977231979370e-02
4.511774778366088867e-01
8.259439468383789062e-01
1.359865188598632812e+00
3.094029128551483154e-01
8.431788533926010132e-03
1.817005220800638199e-03
9.632762521505355835e-02
7.534764008596539497e-04
4.715946316719055176e-01
1.599660754436627030e-04
8.645392060279846191e-01
1.233895197510719299e-01
9.037480503320693970e-02
1.193277630954980850e-02
1.010631322860717773e-01
2.417933464050292969e+00
6.898727267980575562e-02
2.698626756668090820e+00
2.384799905121326447e-02
1.119674965739250183e-01
2.118119299411773682e-01
1.451704278588294983e-02
2.067082673311233521e-01
1.125964522361755371e-01
2.610016148537397385e-03
4.022612869739532471e-01
6.987121105194091797e-01
5.444200709462165833e-02
2.074193395674228668e-02
4.890148062258958817e-03
2.140900678932666779e-02
9.483808279037475586e-01
3.867216408252716064e-02
2.727175712585449219e+00
1.027933228760957718e-02
7.279976606369018555e-01
1.122773885726928711e-01
4.353624209761619568e-02
1.278856098651885986e-01
8.618630766868591309e-01
1.483593434095382690e-01
5.070968866348266602e-01
3.175265789031982422e-01
9.382157772779464722e-02
1.189693570137023926e+00
9.868613630533218384e-02
1.919178485870361328e+00
1.660486757755279541e-01
1.483505725860595703e+00
5.161732673645019531e+00
8.478479459881782532e-03
1.316869020462036133e+00
1.220534667372703552e-01
5.384021997451782227e-02
2.065420627593994141e+00
1.708701103925704956e-01
1.319109499454498291e-01
3.802869021892547607e-01
1.282844413071870804e-02
1.181500265374779701e-03
2.713183313608169556e-02
1.718593179248273373e-03
3.406685888767242432e-01
3.281211014837026596e-03
1.160590171813964844e+00
1.917732954025268555e-01
5.283764377236366272e-02
3.582582771778106689e-01
1.465379353612661362e-02
1.704236984252929688e+00
1.378639221191406250e+00
9.255288541316986084e-02
4.751782417297363281e-01
1.392859127372503281e-02
2.185360491275787354e-01
2.625285863876342773e+00
1.073401123285293579e-01
9.074340462684631348e-01
5.819296347908675671e-04
7.697956170886754990e-04
8.620288223028182983e-02
1.086170375347137451e-01
4.792394116520881653e-03
7.973295450210571289e-01
1.062900992110371590e-03
1.360560022294521332e-02
1.444627344608306885e-01
1.856510061770677567e-03
1.982109546661376953e-01
1.490165472030639648e+00
1.018380403518676758e+00
1.531519461423158646e-02
6.061205640435218811e-02
2.648895373567938805e-03
9.274466633796691895e-01
2.568996667861938477e+00
1.505773961544036865e-01
1.190871953964233398e+00
9.334597736597061157e-02
1.668991334736347198e-02
4.742213059216737747e-04
8.528413623571395874e-02
1.474694728851318359e+00
2.580215930938720703e+00
6.779939681291580200e-02
6.244616815820336342e-04
1.391554158180952072e-02
5.927885174751281738e-01
1.992768883705139160e+00
1.493102312088012695e+00
2.204725742340087891e+00
5.869162082672119141e-02
2.633466243743896484e+00
2.843112349510192871e-01
8.852276802062988281e-01
2.435342818498611450e-01
8.919656276702880859e-01
3.812363147735595703e-01
1.388403493911027908e-02
5.580110475420951843e-02
1.351521164178848267e-01
1.695463359355926514e-01
5.816011428833007812e-01
1.769763883203268051e-03
7.390628452412784100e-04
3.729176241904497147e-03
4.250777419656515121e-03
4.737358912825584412e-02
1.521708965301513672e-01
5.008879899978637695e-01
6.480954885482788086e-01
5.451312661170959473e-01
7.056625485420227051e-01
6.338489055633544922e-02
2.602000313345342875e-04
5.288400128483772278e-02
1.189572736620903015e-01
1.748422347009181976e-02
1.031835675239562988e-01
5.421898365020751953e+00
1.434066772460937500e+00
3.050505742430686951e-02
7.519512902945280075e-03
6.100124716758728027e-01
1.679908782243728638e-01
1.757875457406044006e-02
3.507898747920989990e-02
2.218663878738880157e-02
1.061200618743896484e+00
2.378731733188033104e-03
2.741602897644042969e+00
8.588691949844360352e-01
8.491248008795082569e-04
8.501361310482025146e-02
8.485735207796096802e-02
4.993106722831726074e-01
7.490845918655395508e-01
4.550552964210510254e-01
3.483893871307373047e-01
1.596462577581405640e-01
4.905339479446411133e-01
4.105905070900917053e-02
1.550521850585937500e+00
1.487038373947143555e+00
3.900945186614990234e-01
1.180119067430496216e-02
1.030138805508613586e-01
9.836984425783157349e-02
4.710712432861328125e-01
8.633913844823837280e-02
1.494428277015686035e+00
3.806667923927307129e-01
2.002674341201782227e-02
1.882783919572830200e-01
8.475763606838881969e-04
4.052814468741416931e-02
7.563397288322448730e-01
1.816947609186172485e-01
1.369807004928588867e+00
1.342283561825752258e-02
1.751603960990905762e+00
7.973085045814514160e-01
3.117253482341766357e-01
2.715199470520019531e+00
1.974308967590332031e+00
2.749675884842872620e-02
3.233446180820465088e-02
2.138940431177616119e-02
7.285672426223754883e-02
1.560735423117876053e-02
1.419106483459472656e+00
1.229898706078529358e-01
4.145381227135658264e-02
2.378595024347305298e-01
1.383571419864892960e-02
5.107360333204269409e-02
4.031937420368194580e-01
1.965973060578107834e-03
8.931604623794555664e-01
1.565090268850326538e-01
2.282583341002464294e-02
4.016370326280593872e-02
2.072980254888534546e-01
2.669011056423187256e-01
1.256475001573562622e-01
6.411443352699279785e-01
9.417489309271331877e-06
7.966204732656478882e-02
5.728139076381921768e-03
3.743422329425811768e-01
1.050635357387363911e-03
1.260820329189300537e-01
1.324658274650573730e+00
2.053292036056518555e+00
1.839505583047866821e-01
1.823061518371105194e-02
1.599574804306030273e+00
5.026068091392517090e-01
1.484061956405639648e+00
6.803343421779572964e-04
1.078108176589012146e-01
1.746389269828796387e-01
3.662321865558624268e-01
2.518456280231475830e-01
1.249555349349975586e+00
1.462224405258893967e-03
7.276882529258728027e-01
6.599535699933767319e-03
5.562607049942016602e-01
2.717602474149316549e-04
1.321559250354766846e-01
5.649275183677673340e-01
2.508793771266937256e-02
1.944734752178192139e-01
1.402830928564071655e-01
4.212664812803268433e-02
1.424218267202377319e-01
1.756272912025451660e-01
1.484932661056518555e+00
8.069495111703872681e-02
9.134840965270996094e-02
1.843197584152221680e+00
1.596148610115051270e-01
1.874608039855957031e+00
5.804347991943359375e-01
2.608113922178745270e-03
1.414673328399658203e+00
2.930458262562751770e-02
5.211728811264038086e-01
8.752386569976806641e-01
2.317526787519454956e-01
1.931010559201240540e-02
3.905319795012474060e-02
2.002613395452499390e-01
4.318888112902641296e-02
8.786382526159286499e-02
1.460920721292495728e-01
1.209670454263687134e-01
6.030636429786682129e-01
6.346704959869384766e-01
2.295316010713577271e-01
1.316274423152208328e-02
2.485872507095336914e+00
1.963593764230608940e-03
1.820104241371154785e+00
1.184867024421691895e-01
6.937561929225921631e-02
3.066098988056182861e-01
6.472239643335342407e-02
4.147806018590927124e-02
7.637869119644165039e-01
6.930933147668838501e-02
6.214045286178588867e-01
3.116867542266845703e-01
3.068104386329650879e-01
6.364454030990600586e-01
3.187983930110931396e-01
1.116248546168208122e-03
1.784096509218215942e-01
2.752992883324623108e-02
1.337589263916015625e+00
1.552091911435127258e-03
9.652556180953979492e-01
1.595952391624450684e+00
1.996639072895050049e-01
1.251090407371520996e+00
4.027851223945617676e-01
5.957806110382080078e-02
4.625421762466430664e-02
3.760707974433898926e-01
2.571099102497100830e-01
1.083646267652511597e-01
1.415763050317764282e-01
5.918859317898750305e-02
9.827944636344909668e-01
5.420592054724693298e-02
8.490116596221923828e-01
4.221785366535186768e-01
4.444207549095153809e-01
1.158438444137573242e+00
1.579721927642822266e+00
2.209347672760486603e-02
1.981641411781311035e+00
1.187475845217704773e-01
4.406327381730079651e-02
7.678710669279098511e-02
7.467395067214965820e-02
1.056955680251121521e-01
6.039721965789794922e-01
3.077528476715087891e+00
3.721983134746551514e-01
3.049869649112224579e-02
2.164865434169769287e-01
1.069688703864812851e-03
3.778863174375146627e-05
8.044817484915256500e-03
5.946203321218490601e-02
6.572563946247100830e-02
1.183213353157043457e+00
2.072053849697113037e-01
2.499158978462219238e-01
6.020979955792427063e-03
2.938573248684406281e-02
1.919317059218883514e-02
1.546189904212951660e+00
5.909826606512069702e-03
1.188075900077819824e+00
2.462214324623346329e-03
7.019841670989990234e-02
6.920996308326721191e-01
8.923345059156417847e-02
8.917238712310791016e-01
2.298610359430313110e-01
1.178345307707786560e-01
6.282148957252502441e-01
1.584269285202026367e+00
1.192676927894353867e-02
2.398778915405273438e+00
5.969724655151367188e-01
1.384407401084899902e+00
1.367653906345367432e-01
1.142424568533897400e-01
2.205756120383739471e-02
1.309509295970201492e-02
1.548024173825979233e-02
7.870666384696960449e-01
2.629318714141845703e+00
7.855238392949104309e-03
3.100801110267639160e-01
1.081423237919807434e-01
1.578128933906555176e+00
1.562301874160766602e+00
2.975118458271026611e-01
7.125690579414367676e-02
2.069247215986251831e-01
1.038299947977066040e-01
1.816888898611068726e-01
1.740315742790699005e-02
4.099280014634132385e-02
1.566429853439331055e+00
5.011609569191932678e-02
9.028095602989196777e-01
4.169106781482696533e-01
2.502178587019443512e-02
1.035271957516670227e-02
9.919267147779464722e-02
1.765171766281127930e+00
2.395430505275726318e-01
1.749280989170074463e-01
6.984018534421920776e-02
1.389729441143572330e-03
1.193455234169960022e-01
1.194766759872436523e+00
3.129550814628601074e-01
7.884629964828491211e-01
4.846337437629699707e-01
5.311701074242591858e-02
7.483054399490356445e-01
5.017234086990356445e-01
1.141621589660644531e+00
2.531565129756927490e-01
2.667531371116638184e-01
2.225216105580329895e-02
9.992103092372417450e-03
1.423238217830657959e-01
6.869856119155883789e-01
9.253571182489395142e-02
3.450132608413696289e-01
4.251092970371246338e-01
4.822468757629394531e-01
1.632060408592224121e-01
1.724941283464431763e-01
5.300561785697937012e-01
2.307116508483886719e+00
1.532799098640680313e-02
1.011788010597229004e+00
2.048583984375000000e+00
1.000992417335510254e+00
1.495478153228759766e-01
1.713598847389221191e+00
2.867764269467443228e-04
2.594083547592163086e-03
4.703466892242431641e-01
4.102174282073974609e+00
1.032024025917053223e+00
2.529782652854919434e-01
5.279455780982971191e-01
4.774479195475578308e-03
2.285304367542266846e-01
7.768892217427492142e-03
1.096570193767547607e-01
1.768652319908142090e+00
4.769029095768928528e-02
2.670584619045257568e-01
9.508379152975976467e-04
1.166946999728679657e-02
9.215322732925415039e-01
3.787407279014587402e-01
3.280378580093383789e-01
2.233015559613704681e-02
9.037196636199951172e-01
1.794332563877105713e-01
1.146814703941345215e+00
2.425944199785590172e-03
3.145037174224853516e+00
1.142356872558593750e+00
1.565230727195739746e+00
2.409957647323608398e-01
1.809893399477005005e-01
1.238858029246330261e-01
2.340288460254669189e-01
3.289528423920273781e-03
2.360636442899703979e-01
2.389434957876801491e-03
1.074119582772254944e-01
1.474384903907775879e+00
4.688640236854553223e-01
5.699810571968555450e-03
1.939240247011184692e-01
7.547571510076522827e-02
3.393405377864837646e-01
4.868380427360534668e-01
7.111015319824218750e-01
9.258077479898929596e-03
4.714807728305459023e-04
1.867824792861938477e-01
5.852741003036499023e-01
5.070788785815238953e-02
5.392391979694366455e-02
4.649833589792251587e-02
2.550671808421611786e-02
1.560521274805068970e-01
1.263945102691650391e-01
1.380369186401367188e+00
9.178395569324493408e-02
1.176265180110931396e-01
4.237728118896484375e-01
1.431470271199941635e-02
4.554869830608367920e-01
8.838648200035095215e-01
1.127113774418830872e-02
1.843473017215728760e-01
3.427376970648765564e-02
3.753047902137041092e-03
1.671675965189933777e-02
4.674222320318222046e-03
7.973842024803161621e-01
8.535516262054443359e-01
2.742937803268432617e-01
9.398968517780303955e-02
3.602098524570465088e-01
3.069103956222534180e-01
3.636904358863830566e-01
3.027457569260150194e-04
7.297607660293579102e-01
1.181850861757993698e-02
1.397524118423461914e+00
3.040837347507476807e-01
1.685060113668441772e-01
1.409248352050781250e+00
1.858481466770172119e-01
7.016657590866088867e-01
2.031449228525161743e-02
8.662504702806472778e-02
3.736851453781127930e+00
2.776578813791275024e-02
1.425434350967407227e+00
6.001318693161010742e-01
1.727473139762878418e-01
1.029563188552856445e+00
7.925601601600646973e-01
1.393603682518005371e-01
1.563466191291809082e-01
2.309017896652221680e+00
1.252866029739379883e+00
1.285110354423522949e+00
1.559470534324645996e+00
3.835410773754119873e-01
1.032961606979370117e+00
4.781452178955078125e+00
3.629289567470550537e-03
9.670765697956085205e-02
2.718577906489372253e-02
3.663243725895881653e-02
6.659807562828063965e-01
1.739484071731567383e-02
1.560464203357696533e-01
1.195728778839111328e+00
2.134665613994002342e-03
1.396456003189086914e+00
2.324997335672378540e-01
1.733451843261718750e+00
1.122307062149047852e+00
1.338126063346862793e-01
1.067676305770874023e+00
1.840420961380004883e-01
6.298227235674858093e-04
9.284179657697677612e-03
9.942582249641418457e-02
5.322360247373580933e-02
1.588933519087731838e-04
3.651074767112731934e-01
1.284978628158569336e+00
3.199519589543342590e-02
1.108627021312713623e-01
1.082884669303894043e-01
3.854852169752120972e-02
2.295495122671127319e-01
1.055715680122375488e+00
9.407768398523330688e-02
2.062061056494712830e-02
7.893190979957580566e-01
8.111928701400756836e-01
6.206741929054260254e-01
2.606532275676727295e-01
1.746629476547241211e-01
1.125046968460083008e+00
2.067607827484607697e-02
3.663496812805533409e-03
1.771455049514770508e+00
1.493187308311462402e+00
1.071810871362686157e-01
7.084398269653320312e-01
5.770728737115859985e-02
1.946086883544921875e+00
7.764782905578613281e-01
1.164023876190185547e+00
2.051659971475601196e-01
4.149567335844039917e-02
1.708153337240219116e-01
2.945958673954010010e-01
3.404105082154273987e-02
2.821323461830615997e-02
1.575591564178466797e-01
6.518034934997558594e-01
1.400303125381469727e+00
2.511890649795532227e+00
3.011875629425048828e+00
6.282429397106170654e-02
1.246742438524961472e-02
3.085162937641143799e-01
1.338600039482116699e+00
2.353448420763015747e-02
1.075686693191528320e+00
1.600865721702575684e-01
3.666106462478637695e-01
3.357423782348632812e+00
5.473401769995689392e-02
1.734777702949941158e-03
4.536930937319993973e-03
3.638406097888946533e-02
3.222400322556495667e-02
5.067599471658468246e-03
1.549579143524169922e+00
5.533808842301368713e-02
4.300779104232788086e-02
1.989977359771728516e-01
5.882156267762184143e-02
4.344602525234222412e-01
4.682570397853851318e-01
7.007982730865478516e-01
3.261724486947059631e-03
2.305677890777587891e+00
1.972653508186340332e+00
2.317076772451400757e-01
4.784644842147827148e-01
8.081695437431335449e-01
1.805833131074905396e-01
3.074643611907958984e-01
3.486382007598876953e+00
1.996338367462158203e-01
1.955291628837585449e+00
2.734510898590087891e+00
7.124202698469161987e-02
1.348560005426406860e-01
9.118032455444335938e-01
1.985554955899715424e-02
4.594821333885192871e-01
7.332812547683715820e-01
7.230709195137023926e-01
7.358640432357788086e-02
1.169736623764038086e+00
1.425561029464006424e-03
5.853917449712753296e-02
1.261150240898132324e-01
9.291007518768310547e-01
1.300472170114517212e-01
2.952266484498977661e-03
5.128959193825721741e-02
5.286726728081703186e-02
5.307274870574474335e-03
1.115257292985916138e-01
1.253229286521673203e-02
2.674208283424377441e-01
5.690624238923192024e-04
3.462735414505004883e-01
4.040506184101104736e-01
9.949347376823425293e-01
1.273764848709106445e+00
1.369476318359375000e-01
2.365219295024871826e-01
7.818619906902313232e-02
5.530808493494987488e-02
4.232923388481140137e-01
2.827244752552360296e-04
5.848682522773742676e-01
3.401094675064086914e-01
8.844992844387888908e-04
6.678050756454467773e-02
1.054080009460449219e+00
3.187696263194084167e-02
1.427716165781021118e-01
2.976949214935302734e-01
2.101768739521503448e-02
7.122601964510977268e-04
1.419681793777272105e-04
2.555716931819915771e-01
3.879289925098419189e-01
2.140554487705230713e-01
1.773784160614013672e-01
5.955435037612915039e-01
4.196636974811553955e-01
8.386107534170150757e-02
3.288636684417724609e+00
1.197251439094543457e+00
1.418614238500595093e-01
9.775764942169189453e-01
4.106145352125167847e-02
3.237951993942260742e-01
6.410212954506278038e-04
1.614887833595275879e+00
1.465907972306013107e-02
1.042224466800689697e-01
6.409043073654174805e-02
1.033679209649562836e-02
4.042785987257957458e-02
1.526846922934055328e-02
5.845743417739868164e-02
1.962085627019405365e-02
6.918074190616607666e-02
5.487576127052307129e-02
3.037357330322265625e-01
5.700252205133438110e-02
1.372679620981216431e-01
1.153561007231473923e-02
8.144145831465721130e-03
4.523596167564392090e-01
5.943404436111450195e-01
5.098862648010253906e+00
2.408402562141418457e-01
1.759253978729248047e+00
5.699610337615013123e-02
8.061379194259643555e-02
2.353400224819779396e-03
2.508576154708862305e+00
3.543528495356440544e-03
3.961483836174011230e-01
2.333657816052436829e-03
9.455170035362243652e-01
7.823297977447509766e-01
2.810707330703735352e+00
4.180533587932586670e-01
8.297677040100097656e-01
9.629954099655151367e-01
1.128808110952377319e-01
1.088622491806745529e-03
4.010254982858896255e-03
1.721092266961932182e-03
8.003614097833633423e-02
1.779069185256958008e+00
6.927582621574401855e-01
7.891728729009628296e-02
9.310966730117797852e-02
5.296258023008704185e-04
2.078308761119842529e-01
7.463291985914111137e-04
3.632853925228118896e-02
1.684447675943374634e-01
1.111071586608886719e+00
6.357195228338241577e-02
1.262337565422058105e-01
6.152896955609321594e-02
2.285965019837021828e-03
1.581224985420703888e-02
2.054518163204193115e-01
1.438869357109069824e+00
7.631023526191711426e-01
3.639664411544799805e+00
1.525430125184357166e-03
1.610917598009109497e-01
1.178178936243057251e-01
5.573401972651481628e-02
6.092779636383056641e-01
1.050360593944787979e-02
5.566918844124302268e-05
2.485771656036376953e+00
4.560454562306404114e-02
2.748052217066287994e-02
1.161800026893615723e-01
1.183178067207336426e+00
2.598760724067687988e-01
5.804626643657684326e-02
1.975165121257305145e-02
3.294658958911895752e-01
3.861237764358520508e-01
2.915419079363346100e-02
1.695982064120471478e-03
1.023308515548706055e+00
9.148407727479934692e-02
4.479966685175895691e-02
4.622451215982437134e-02
1.102005168795585632e-01
1.032275147736072540e-02
2.711953409016132355e-02
9.043130278587341309e-01
2.466688677668571472e-02
1.350141048431396484e+00
1.021766513586044312e-01
2.719928324222564697e-01
4.529094323515892029e-02
2.339788436889648438e+00
1.033164560794830322e-01
4.746653139591217041e-01
1.772216558456420898e-01
1.381127834320068359e+00
5.308713912963867188e-01
6.189700681716203690e-03
2.492314577102661133e+00
1.293722689151763916e-01
1.247679814696311951e-01
1.664360426366329193e-02
7.058284431695938110e-02
3.160921096801757812e+00
2.095415294170379639e-01
1.342336088418960571e-01
7.175788283348083496e-02
1.410021446645259857e-02
1.694922000169754028e-01
9.376297146081924438e-02
5.291690677404403687e-02
4.059290047734975815e-03
1.315827388316392899e-02
1.825361549854278564e-01
1.257684230804443359e+00
3.436495084315538406e-03
6.108954548835754395e-01
9.994719028472900391e-01
7.760603725910186768e-02
1.292387962341308594e+00
4.726854562759399414e-01
7.824220228940248489e-04
1.000106692314147949e+00
2.156244277954101562e+00
4.617078900337219238e-01
1.518616676330566406e+00
2.172610349953174591e-02
1.171160861849784851e-01
1.208365678787231445e+00
7.307154536247253418e-01
9.364962577819824219e-03
5.701346672140061855e-04
9.348864853382110596e-02
1.878086104989051819e-02
2.477178722620010376e-02
2.007846832275390625e+00
1.016808152198791504e+00
1.793857097625732422e+00
2.066603489220142365e-02
1.571791648864746094e+00
6.897069513797760010e-02
1.596753150224685669e-01
1.329070329666137695e+00
2.190968953073024750e-02
5.821978449821472168e-01
1.056950315833091736e-01
1.936271339654922485e-01
1.777153462171554565e-02
5.677177309989929199e-01
2.192831635475158691e-01
4.204344004392623901e-02
7.504167556762695312e-01
1.056966185569763184e+00
1.625299453735351562e-02
3.832276538014411926e-02
6.228966712951660156e-01
2.663371860980987549e-01
1.353859901428222656e-01
1.470914244651794434e+00
5.000718832015991211e-01
5.569195151329040527e-01
1.002819612622261047e-01
3.001132048666477203e-02
4.110934678465127945e-03
6.804933398962020874e-02
9.025844745337963104e-03
6.019391492009162903e-02
5.195493623614311218e-02
2.184003740549087524e-01
1.216197945177555084e-02
1.278117597103118896e-01
2.288838148117065430e+00
4.487137198448181152e-01
3.328827023506164551e-02
2.216098830103874207e-02
2.995886374264955521e-03
1.551360934972763062e-01
1.561837077140808105e+00
7.272459268569946289e-01
3.705883920192718506e-01
6.145128235220909119e-02
2.915696986019611359e-02
3.769437083974480629e-03
1.347515136003494263e-01
2.453550815582275391e+00
4.907777011394500732e-01
7.090537995100021362e-02
7.611000328324735165e-04
7.437085732817649841e-04
7.299703359603881836e-01
1.688452810049057007e-01
2.221814356744289398e-04
7.954414188861846924e-02
9.362482465803623199e-03
2.223031967878341675e-01
6.946296198293566704e-04
2.137971855700016022e-02
8.374337106943130493e-03
6.782814860343933105e-01
1.480816006660461426e+00
3.114115446805953979e-02
2.257680147886276245e-02
1.879831426776945591e-03
2.342619150876998901e-01
1.218291814438998699e-03
8.304209262132644653e-02
2.669344889000058174e-03
3.999365866184234619e-01
3.434853792190551758e+00
3.400382101535797119e-01
1.280804872512817383e-01
8.798267245292663574e-01
3.680484592914581299e-01
6.240573152899742126e-02
4.442547857761383057e-01
7.066697478294372559e-01
1.391816377639770508e+00
3.454558551311492920e-02
2.958061397075653076e-01
3.271688818931579590e-01
3.100872039794921875e-02
1.174481362104415894e-01
3.380574658513069153e-02
1.325235217809677124e-01
1.723532676696777344e-01
4.237268492579460144e-02
8.277403563261032104e-02
4.209024429321289062e+00
7.056884467601776123e-02
3.959009647369384766e-01
8.949367702007293701e-02
5.727002024650573730e-01
1.903469860553741455e-02
1.074332594871520996e-01
3.435364067554473877e-01
1.579617336392402649e-02
7.253586053848266602e-01
1.183724030852317810e-02
5.809308290481567383e-01
4.987762495875358582e-02
4.519500955939292908e-02
2.836608700454235077e-02
3.489824831485748291e-01
2.523454371839761734e-03
7.140420377254486084e-02
1.457107067108154297e+00
6.135793868452310562e-03
2.642962038516998291e-01
2.032051384449005127e-01
3.732103854417800903e-02
3.524397616274654865e-04
8.216172456741333008e-02
5.703909993171691895e-01
1.322806328535079956e-01
1.749882400035858154e-01
1.260430097579956055e+00
2.354524731636047363e-01
9.639574885368347168e-01
1.686695665121078491e-01
1.840121448040008545e-01
3.001941740512847900e-02
2.444852590560913086e-01
2.358870813623070717e-03
1.679639667272567749e-01
6.722690537571907043e-03
7.459675073623657227e-01
2.073002420365810394e-02
4.725739359855651855e-01
1.532452646642923355e-03
4.248047247529029846e-03
1.229280978441238403e-01
7.297841906547546387e-01
7.407425642013549805e-01
6.932267546653747559e-02
4.418011307716369629e-01
6.545304059982299805e-01
2.027787268161773682e-01
1.543622370809316635e-02
2.497923076152801514e-01
8.527668565511703491e-02
1.579499989748001099e-02
1.117046829313039780e-02
4.273745536804199219e+00
4.510704427957534790e-03
1.837414652109146118e-01
5.548315588384866714e-03
3.098425269126892090e-01
3.383834362030029297e-01
4.913791781291365623e-04
5.540237575769424438e-02
1.820931211113929749e-02
3.141209363937377930e+00
3.055786481127142906e-03
2.569290399551391602e-01
2.396793514490127563e-01
4.130500927567481995e-02
1.301362037658691406e+00
3.118178341537714005e-03
9.423537179827690125e-03
6.991188973188400269e-02
8.115240931510925293e-01
1.445690751075744629e+00
2.901419810950756073e-02
3.247702121734619141e-01
6.810580193996429443e-02
5.808439850807189941e-02
1.010470762848854065e-01
3.161954879760742188e-02
6.359131336212158203e-01
9.089797735214233398e-02
4.611551165580749512e-01
2.515562772750854492e-01
4.740770459175109863e-01
2.248899191617965698e-01
4.906211495399475098e-01
7.246141880750656128e-02
1.094068400561809540e-02
2.776435017585754395e-01
1.223776489496231079e-01
4.994317144155502319e-02
1.488649868406355381e-03
1.087818853557109833e-02
6.053878739476203918e-02
2.465429902076721191e-01
2.056700922548770905e-02
9.412802755832672119e-02
4.150834679603576660e-01
8.787081390619277954e-02
1.492769867181777954e-01
5.526812076568603516e-01
4.359147977083921432e-03
1.126192510128021240e-01
5.759667139500379562e-03
8.449519053101539612e-03
5.521748661994934082e-01
6.941531319171190262e-04
4.667180776596069336e-01
7.319614291191101074e-01
4.013698082417249680e-03
2.167880296707153320e+00
6.830267906188964844e-01
1.168490480631589890e-02
1.346882432699203491e-02
3.872682452201843262e-01
2.231285095214843750e+00
6.154402494430541992e-01
2.110517583787441254e-03
3.058210372924804688e+00
3.171918392181396484e+00
1.491783738136291504e+00
5.897927912883460522e-04
1.842842064797878265e-02
4.144905209541320801e-01
1.332743167877197266e+00
5.202090367674827576e-03
1.968981474637985229e-01
2.204388082027435303e-01
2.849187374114990234e+00
5.092974305152893066e-01
7.255513668060302734e-01
2.444285899400711060e-02
6.492641568183898926e-02
7.456099241971969604e-02
6.435236334800720215e-02
1.890661358833312988e+00
1.666016429662704468e-01
7.574120163917541504e-02
1.139366388320922852e+00
4.752945154905319214e-02
3.117259442806243896e-01
6.325627909973263741e-04
1.237915307283401489e-01
1.182381510734558105e-01
9.215246140956878662e-02
1.161621734499931335e-01
1.685653328895568848e-01
1.736324746161699295e-03
5.044133588671684265e-02
5.372087955474853516e-01
9.270338714122772217e-02
7.796812653541564941e-01
1.645759795792400837e-03
3.755526840686798096e-01
1.668469190597534180e+00
2.826631255447864532e-02
2.531558573246002197e-01
2.332312017679214478e-01
8.679794669151306152e-01
8.422680944204330444e-02
2.499539405107498169e-02
2.561173439025878906e+00
3.655776614323258400e-03
4.476311206817626953e-01
6.969065219163894653e-02
8.670185692608356476e-03
6.879287958145141602e-02
1.603060513734817505e-01
6.891881227493286133e-01
5.441775321960449219e-01
8.066146373748779297e-01
4.337427206337451935e-03
2.894535660743713379e-01
3.112417757511138916e-01
6.680495738983154297e-01
2.109950184822082520e-01
9.545790404081344604e-02
7.813012227416038513e-03
5.042283535003662109e-01
1.860701590776443481e-01
2.863923013210296631e-01
5.732474476099014282e-02
2.599513344466686249e-02
4.572186470031738281e-01
5.388504862785339355e-01
8.455078303813934326e-02
2.812074869871139526e-02
3.883510828018188477e-01
3.214600384235382080e-01
2.429656028747558594e+00
4.708156455308198929e-03
1.148096680641174316e+00
1.238745301961898804e-01
4.697478935122489929e-02
2.681789994239807129e-01
7.701659947633743286e-02
8.950468897819519043e-02
4.682862386107444763e-02
1.102625101339071989e-04
4.671941101551055908e-01
1.041006371378898621e-01
1.695201843976974487e-01
3.336853086948394775e-01
9.135188907384872437e-02
8.865868300199508667e-02
2.131250500679016113e-02
1.831653155386447906e-02
4.979244992136955261e-02
7.451359629631042480e-01
2.028223514556884766e+00
2.594273686408996582e-01
6.097320914268493652e-01
2.594876885414123535e-01
1.315029859542846680e-01
6.414323449134826660e-01
1.607620000839233398e+00
1.180102335638366640e-04
1.878916501998901367e+00
1.393963545560836792e-01
2.378516674041748047e+00
8.902986347675323486e-02
4.774007201194763184e-02
2.389688603579998016e-02
5.587419271469116211e-01
8.594620157964527607e-05
5.249236896634101868e-02
8.286681771278381348e-01
3.788891136646270752e-01
2.838396072387695312e+00
9.269512444734573364e-02
8.221816271543502808e-02
1.560007780790328979e-02
2.371466457843780518e-01
4.366150591522455215e-03
1.009578555822372437e-01
1.806190013885498047e+00
4.291502833366394043e-01
2.102991104125976562e+00
4.823751747608184814e-02
2.711384929716587067e-02
5.158750712871551514e-02
9.524626284837722778e-02
2.088679671287536621e-01
5.538719892501831055e-01
4.741852637380361557e-03
1.596368034370243549e-03
1.974233537912368774e-01
5.422821640968322754e-01
5.610194802284240723e-01
9.338340163230895996e-01
1.465480089187622070e+00
1.702280901372432709e-02
1.096218675374984741e-01
3.655386924743652344e+00
6.577508524060249329e-03
5.100856651552021503e-04
2.363764122128486633e-02
1.436889410018920898e+00
3.656069636344909668e-01
1.138523221015930176e-02
8.870745301246643066e-01
1.805438995361328125e-01
8.020456880331039429e-03
1.004090905189514160e-01
2.000118372961878777e-03
7.969368249177932739e-03
3.409645985811948776e-03
3.699571825563907623e-04
1.130319852381944656e-02
5.284744780510663986e-03
1.145624890923500061e-01
3.674034029245376587e-02
2.197874784469604492e-01
2.063205465674400330e-02
3.063301742076873779e-01
1.947409659624099731e-01
5.902813002467155457e-02
2.048899650573730469e+00
3.160365158692002296e-03
2.085238508880138397e-02
1.276145130395889282e-01
2.097361087799072266e-01
1.420705299824476242e-02
1.147710382938385010e-01
5.226917266845703125e-01
1.360280871391296387e+00
6.078447680920362473e-03
9.974163025617599487e-03
1.764880537986755371e+00
2.226591855287551880e-02
2.112217396497726440e-01
1.805249899625778198e-01
8.428871631622314453e-01
2.634495496749877930e-01
3.308702434878796339e-04
6.754876375198364258e-01
1.737243056297302246e+00
3.936552703380584717e-01
1.198979854583740234e+00
1.368450559675693512e-02
1.266749692149460316e-03
1.699314336292445660e-03
2.380400151014328003e-01
1.640440940856933594e+00
3.360439836978912354e-01
1.526659075170755386e-02
3.589908406138420105e-02
7.898780107498168945e-01
1.024131178855895996e+00
2.702633850276470184e-03
2.955884933471679688e-01
1.229585647583007812e+00
5.777596961706876755e-04
7.063573598861694336e-01
4.153730869293212891e-01
7.453445196151733398e-01
1.121606111526489258e+00
3.211318328976631165e-02
2.756692171096801758e-01
8.340172469615936279e-03
8.117304183542728424e-03
1.659342274069786072e-02
1.294659730046987534e-02
1.712770223617553711e+00
5.313283205032348633e-01
1.135470625013113022e-02
1.641367822885513306e-01
1.356857061386108398e+00
6.286332011222839355e-01
3.944957554340362549e-01
1.081545371562242508e-02
1.433964818716049194e-01
4.636727273464202881e-03
7.147302627563476562e-01
1.943369209766387939e-02
2.725266218185424805e-01
7.261431775987148285e-03
1.540086120367050171e-01
1.653395175933837891e+00
1.131042242050170898e+00
1.479992177337408066e-02
4.145558774471282959e-01
2.242189645767211914e-02
8.660968393087387085e-03
7.435107976198196411e-02
1.216206312179565430e+00
1.305027008056640625e+00
2.526524782180786133e+00
7.057933211326599121e-01
9.465247392654418945e-01
1.053861007094383240e-01
3.099274337291717529e-01
2.023822218179702759e-01
4.146168529987335205e-01
1.007947996258735657e-01
1.209260672330856323e-01
7.250861525535583496e-01
8.416312932968139648e-01
5.787757225334644318e-03
3.659577341750264168e-03
1.234420984983444214e-01
1.890626735985279083e-02
8.291251957416534424e-02
1.753599941730499268e-02
4.502885639667510986e-01
1.031060442328453064e-01
9.757781028747558594e-02
4.577752202749252319e-03
1.725670695304870605e-02
3.937575221061706543e-02
2.162060737609863281e-01
8.260175236500799656e-04
9.125201702117919922e-01
3.686231970787048340e-01
2.353227138519287109e-02
6.119441986083984375e-02
9.059933423995971680e-01
2.421344667673110962e-01
1.448051035404205322e-01
1.031016334891319275e-01
1.703112944960594177e-02
1.481339454650878906e+00
1.795524060726165771e-01
4.187105968594551086e-02
9.613270163536071777e-01
3.573937574401497841e-03
1.150399327278137207e+00
2.291275188326835632e-02
3.900802507996559143e-02
2.019288390874862671e-02
1.827761888504028320e+00
5.108889341354370117e-01
4.968213438987731934e-01
9.899790287017822266e-01
4.289282262325286865e-01
1.164418011903762817e-01
3.676201999187469482e-01
6.639799568802118301e-03
1.720798164606094360e-01
1.870995908975601196e-01
2.356373472139239311e-03
6.154802441596984863e-02
2.008516527712345123e-02
4.045735001564025879e-01
1.522692502476274967e-03
5.777431130409240723e-01
2.140422351658344269e-02
2.591217160224914551e-01
1.696991622447967529e-01
5.676815286278724670e-03
1.487870961427688599e-01
7.443619370460510254e-01
1.608334064483642578e+00
3.827501833438873291e-01
1.448881328105926514e-01
1.771075278520584106e-02
1.477764010429382324e+00
4.357485175132751465e-01
1.164437271654605865e-02
4.420611262321472168e-01
1.273074158234521747e-04
9.990748763084411621e-02
3.121083043515682220e-02
6.689215302467346191e-01
4.185082390904426575e-02
3.524399399757385254e-01
3.721997141838073730e-02
1.192182116210460663e-02
1.064897179603576660e+00
3.360341303050518036e-03
1.222863420844078064e-02
5.507805943489074707e-01
3.539546206593513489e-02
6.151730939745903015e-02
6.707406789064407349e-02
1.552529633045196533e-01
1.168407872319221497e-01
2.698018550872802734e-01
1.607426404953002930e-01
4.117117077112197876e-02
1.049583628773689270e-01
1.230740547180175781e+00
9.735714793205261230e-01
2.431791089475154877e-02
2.242169976234436035e-01
2.322694510221481323e-01
1.720042055239900947e-04
1.027044430375099182e-01
2.976393699645996094e+00
1.651332527399063110e-01
8.725686669349670410e-01
7.309464216232299805e-01
4.379087593406438828e-03
6.309167146682739258e-01
3.020545542240142822e-01
8.469964563846588135e-02
4.930114746093750000e-01
8.926528096199035645e-01
1.221261918544769287e-02
2.598708391189575195e+00
2.507421933114528656e-02
1.474729925394058228e-02
2.584110759198665619e-02
1.376187354326248169e-01
2.552856504917144775e-02
1.705423742532730103e-01
1.372362673282623291e-01
1.487753510475158691e+00
9.681414067745208740e-02
3.506183028221130371e-01
4.178750514984130859e-01
6.682162284851074219e-01
2.298789843916893005e-02
4.784114360809326172e-01
6.505518686026334763e-04
4.923276305198669434e-01
5.712053179740905762e-01
6.008726777508854866e-04
5.300582051277160645e-01
1.393565237522125244e-01
1.058852183632552624e-03
1.016548350453376770e-01
8.640988171100616455e-02
2.207720130681991577e-01
8.270298838615417480e-01
4.308487176895141602e-01
1.888661459088325500e-02
2.492583096027374268e-01
1.215602830052375793e-01
6.444826722145080566e-02
1.243840098381042480e+00
3.840479254722595215e-02
2.807160466909408569e-02
2.294584512710571289e-01
3.502672910690307617e-02
2.958182096481323242e+00
1.070184469223022461e+00
4.728067219257354736e-01
1.185429515317082405e-03
1.534698009490966797e-01
1.729115284979343414e-02
2.675890573300421238e-04
3.761281073093414307e-02
5.724939052015542984e-03
6.092547904700040817e-03
2.846852540969848633e-01
4.053795933723449707e-01
2.355927228927612305e-01
7.003875914961099625e-03
3.137528598308563232e-01
5.217053413391113281e+00
3.326598787680268288e-03
1.196676269173622131e-01
4.673391580581665039e-03
4.733948037028312683e-02
1.128037110902369022e-03
1.290953223360702395e-04
1.308309137821197510e-01
9.046435356140136719e-01
1.957485675811767578e+00
1.163835451006889343e-01
4.530825614929199219e-01
5.584360659122467041e-02
3.637132942676544189e-01
1.120672523975372314e-01
1.504123909398913383e-03
9.005482196807861328e-01
2.316384613513946533e-01
3.891768157482147217e-01
1.592687666416168213e-01
2.357324818149209023e-03
1.225560158491134644e-02
3.080051541328430176e-01
7.129883766174316406e-01
5.975168570876121521e-02
9.363081189803779125e-04
6.868561729788780212e-03
1.044952511787414551e+00
3.163256347179412842e-01
7.982701063156127930e-01
5.903677940368652344e-01
4.265590687282383442e-04
1.330521255731582642e-01
5.137754678726196289e-01
1.630792617797851562e-01
3.961731854360550642e-04
3.607814433053135872e-04
9.892545640468597412e-02
1.952301152050495148e-02
5.925588309764862061e-03
3.147055627778172493e-03
4.010420441627502441e-01
7.365916669368743896e-02
9.335336089134216309e-02
1.074103917926549911e-02
4.316828562878072262e-04
8.068253099918365479e-02
1.052594304084777832e+00
9.295049309730529785e-01
3.315440714359283447e-01
1.354009807109832764e-01
3.977771103382110596e-02
1.737097948789596558e-01
1.360973238945007324e+00
1.492900371551513672e+00
1.609199494123458862e-01
2.958447206765413284e-03
9.952884912490844727e-01
8.154324293136596680e-01
3.919687867164611816e-01
2.055287733674049377e-02
1.130931138992309570e+00
4.853373020887374878e-02
8.410253794863820076e-04
5.378830432891845703e-01
4.358451813459396362e-02
5.791512727737426758e-01
2.901382148265838623e-01
2.026052400469779968e-02
1.367121841758489609e-02
1.137229576706886292e-01
5.497693549841642380e-03
2.198302030563354492e+00
9.180546402931213379e-01
1.227816566824913025e-01
4.694651365280151367e-01
4.051098134368658066e-03
8.764117956161499023e-02
6.701613310724496841e-03
8.789186365902423859e-03
1.334166973829269409e-01
5.080290138721466064e-03
2.100116729736328125e+00
6.790210306644439697e-02
3.154926002025604248e-01
7.575800269842147827e-02
2.543834209442138672e+00
1.729093790054321289e-01
3.280539035797119141e+00
1.524170115590095520e-02
2.037079930305480957e-01
2.416783720254898071e-01
1.749254204332828522e-02
2.922621071338653564e-01
5.014907121658325195e-01
5.688329935073852539e-01
5.915798828937113285e-04
4.772001120727509260e-04
2.008442878723144531e-01
1.453797459602355957e+00
2.144690901041030884e-01
1.259047240018844604e-01
8.923279494047164917e-02
7.453554123640060425e-02
2.980380356311798096e-01
1.707964763045310974e-02
5.482222437858581543e-01
5.902970582246780396e-02
3.819951415061950684e-01
6.603792309761047363e-02
4.424749016761779785e-01
1.089068874716758728e-02
3.631071448326110840e-01
7.834041863679885864e-02
3.202625364065170288e-02
3.817175030708312988e-01
2.084363251924514771e-01
5.127016305923461914e-01
2.900082767009735107e-01
5.925825238227844238e-02
6.937739817658439279e-05
1.507133059203624725e-02
4.504209011793136597e-02
2.785220623016357422e+00
7.887980937957763672e-01
2.587254285812377930e+00
6.513577103614807129e-01
2.282597415614873171e-04
4.642543792724609375e-01
2.803088864311575890e-03
5.956432819366455078e-01
2.122147381305694580e-01
9.872465133666992188e-01
1.353539526462554932e-03
3.960738658905029297e+00
1.561613869853317738e-03
3.297650218009948730e-01
2.387888962402939796e-03
5.047941952943801880e-02
7.086696624755859375e-01
1.196916326880455017e-01
5.106383003294467926e-03
1.645717211067676544e-02
4.155212640762329102e-01
1.110775694251060486e-01
7.649431228637695312e-01
1.567072793841362000e-02
1.914432942867279053e-01
3.809424340724945068e-01
6.417609453201293945e-01
1.500721368938684464e-02
8.867409080266952515e-03
2.616226114332675934e-02
9.936434626579284668e-01
7.470710873603820801e-01
1.801880598068237305e-01
5.258894059807062149e-03
3.183702230453491211e-01
1.755529284477233887e+00
2.745789242908358574e-03
2.675078630447387695e+00
7.146453261375427246e-01
1.423299196176230907e-03
1.776015162467956543e-01
8.273980021476745605e-02
3.377562284469604492e+00
9.072366952896118164e-01
5.193384885787963867e-01
7.937755435705184937e-02
2.494260668754577637e-02
1.758173704147338867e+00
7.939211092889308929e-03
3.631753921508789062e-01
3.224512562155723572e-02
1.054357662796974182e-01
4.565715789794921875e-01
1.472936421632766724e-01
1.356753753498196602e-03
4.427274223417043686e-03
8.182895928621292114e-02
3.342994954437017441e-03
5.570009816437959671e-03
2.989322238136082888e-04
8.636112809181213379e-01
7.163948565721511841e-02
2.715776264667510986e-01
4.587154388427734375e-01
3.895530104637145996e-01
7.636189460754394531e-01
5.248286575078964233e-02
6.764279603958129883e-01
1.925048828125000000e-01
2.591882087290287018e-02
1.109278917312622070e+00
4.621204733848571777e-01
5.449179187417030334e-02
1.272503435611724854e-01
1.155760213732719421e-01
1.447190642356872559e+00
8.432155251502990723e-01
6.661016941070556641e-01
1.518522668629884720e-02
1.943778753280639648e+00
1.819850921630859375e+00
8.246035128831863403e-02
1.248829886317253113e-01
1.092354655265808105e+00
1.135435234755277634e-02
2.532789409160614014e-01
8.206791281700134277e-01
2.461023330688476562e-01
3.767779096961021423e-02
2.493121027946472168e-01
1.457254648208618164e+00
5.110248923301696777e-02
7.688336074352264404e-03
1.315256834030151367e+00
2.758828401565551758e-01
1.038421630859375000e+00
8.096867203712463379e-01
1.090515404939651489e-01
1.335426140576601028e-02
1.907673664391040802e-03
6.210067658685147762e-04
5.718548595905303955e-02
1.733565807342529297e+00
3.795946359634399414e+00
6.783393621444702148e-01
1.569350366480648518e-03
1.732582330703735352e+00
4.691614508628845215e-01
6.065626069903373718e-02
6.614636182785034180e-01
2.623387277126312256e-01
2.133842408657073975e-01
3.006569743156433105e-01
5.138538479804992676e-01
6.773561472073197365e-04
5.294397473335266113e-01
2.354848831892013550e-01
2.151666730642318726e-01
2.173391915857791901e-02
3.925827145576477051e-02
2.487360239028930664e-01
3.393942490220069885e-02
1.058067321777343750e+00
2.452033519744873047e+00
9.860800504684448242e-01
2.082202911376953125e+00
6.327411532402038574e-02
1.948034614324569702e-01
5.575007200241088867e-01
1.661639398662373424e-04
3.456193953752517700e-02
1.857766151428222656e+00
3.582386672496795654e-02
1.789454102516174316e+00
2.490182965993881226e-01
8.440761566162109375e-01
6.724136471748352051e-01
2.650197148323059082e-01
2.125278711318969727e+00
4.474152810871601105e-03
7.269479334354400635e-03
1.061856508255004883e+00
1.815490275621414185e-01
1.012707501649856567e-01
4.631132781505584717e-01
2.031507715582847595e-02
1.772106885910034180e+00
6.403886079788208008e-01
5.464045330882072449e-02
8.101631402969360352e-01
1.834913253784179688e+00
7.312201429158449173e-03
6.060357689857482910e-01
5.649026855826377869e-02
3.637481033802032471e-01
5.656610131263732910e-01
7.765785455703735352e-01
1.280442029237747192e-01
2.086872100830078125e+00
9.398447275161743164e-01
9.294255375862121582e-01
9.033051319420337677e-03
1.236911304295063019e-02
9.897914715111255646e-03
2.161662131547927856e-01
3.902874588966369629e-01
1.279172394424676895e-02
8.831518888473510742e-02
7.758890390396118164e-01
7.335054278373718262e-01
2.916500568389892578e-01
1.551169808954000473e-02
2.769684186205267906e-03
1.602998495101928711e+00
8.135685324668884277e-02
5.679778754711151123e-03
1.381117224693298340e+00
2.423573285341262817e-01
6.198251619935035706e-02
1.403300315141677856e-01
7.559293508529663086e-01
2.220657914876937866e-01
2.265488542616367340e-02
4.369751513004302979e-01
1.597201102413237095e-03
8.024948835372924805e-02
8.022869378328323364e-02
2.513308227062225342e-01
1.039684377610683441e-02
3.620943799614906311e-02
4.762936756014823914e-02
3.136356920003890991e-02
6.491172313690185547e-01
1.075613051652908325e-01
6.552653908729553223e-01
4.165897145867347717e-02
9.260540008544921875e-01
2.256718873977661133e-01
1.043371274136006832e-03
1.601415276527404785e-01
5.368581414222717285e-01
6.599038839340209961e-01
4.357604775577783585e-03
1.781008392572402954e-01
3.033324377611279488e-03
1.602618575096130371e+00
7.049213629215955734e-03
2.716615796089172363e-01
2.396287769079208374e-02
8.349449634552001953e-01
2.577739655971527100e-01
1.177204102277755737e-01
3.459187969565391541e-02
6.783749163150787354e-02
7.749138399958610535e-03
7.445278018712997437e-02
3.908235728740692139e-01
2.517712116241455078e-01
2.113413214683532715e-01
1.960881613194942474e-02
9.528625523671507835e-04
1.803796854801476002e-03
2.723882794380187988e-01
9.999721646308898926e-01
4.895881563425064087e-02
1.035511610098183155e-03
5.252642631530761719e-01
7.222133874893188477e-02
1.514190793037414551e+00
2.139512076973915100e-02
5.008812546730041504e-01
1.221485622227191925e-02
7.535868883132934570e-01
1.429744809865951538e-01
2.414779216051101685e-01
5.530018731951713562e-02
4.457634314894676208e-02
1.490962132811546326e-02
8.443499207496643066e-01
1.363063347525894642e-03
6.225486993789672852e-01
1.788205623626708984e+00
6.176551580429077148e-01
3.055026531219482422e-01
1.600131392478942871e-01
2.107169628143310547e-01
6.859445478767156601e-03
1.024674740619957447e-03
1.198507659137248993e-02
1.474510208936408162e-04
7.435623090714216232e-03
2.595391590148210526e-03
6.348927617073059082e-01
1.261154684470966458e-04
4.001608848571777344e+00
3.028602898120880127e-01
3.791703879833221436e-01
2.448410540819168091e-01
2.395542897284030914e-02
5.204392671585083008e-01
1.142695359885692596e-02
2.943469583988189697e-02
3.931941464543342590e-04
2.600063383579254150e-01
9.473722577095031738e-01
3.786182263866066933e-03
1.103220343589782715e+00
1.068187475204467773e+00
3.900056481361389160e-01
2.671128138899803162e-03
2.260552644729614258e-01
4.878899753093719482e-01
2.790480852127075195e-01
3.858147421851754189e-03
2.256658822298049927e-01
3.797945380210876465e-01
4.287429153919219971e-02
1.949290335178375244e-01
4.902536273002624512e-01
3.114494495093822479e-03
3.343868017196655273e+00
1.186454296112060547e+00
1.062246114015579224e-01
6.892660260200500488e-01
1.826964467763900757e-01
5.771404132246971130e-02
5.145816802978515625e-01
4.228936433792114258e-01
4.681316614151000977e-01
2.862049266695976257e-03
7.862498611211776733e-02
5.375846624374389648e-01
6.604138016700744629e-02
8.799157142639160156e-01
2.232868820428848267e-01
2.188858017325401306e-02
1.193699613213539124e-01
4.023733735084533691e-02
3.707532882690429688e-01
1.145409822463989258e+00
3.330648690462112427e-02
1.242609620094299316e+00
3.158344887197017670e-03
5.347353406250476837e-03
6.535642594099044800e-02
2.974289469420909882e-02
9.899544715881347656e-01
4.524288773536682129e-01
7.857046127319335938e-01
9.552988409996032715e-01
6.845714449882507324e-01
8.489279747009277344e-01
3.663602769374847412e-01
2.555343806743621826e-01
9.291374087333679199e-01
3.275598585605621338e-01
2.050814963877201080e-02
5.947037134319543839e-03
4.513188451528549194e-02
3.190903067588806152e-01
3.250411152839660645e-02
3.236839547753334045e-02
2.516105957329273224e-02
1.169036775827407837e-01
5.252856388688087463e-02
8.819417953491210938e-01
1.267684809863567352e-02
1.515315324068069458e-01
1.052917912602424622e-01
2.489921404048800468e-03
2.429036190733313560e-03
2.711649239063262939e-01
8.613812737166881561e-03
7.245874404907226562e-01
1.756010949611663818e-01
1.938774734735488892e-01
2.443307340145111084e-01
1.133153811097145081e-01
7.973282784223556519e-02
3.407265841960906982e-01
1.489364504814147949e-01
6.545479595661163330e-02
5.831934884190559387e-02
1.202507257461547852e+00
4.050695896148681641e-01
9.840884208679199219e-01
2.100788243114948273e-02
3.673057630658149719e-02
4.117265716195106506e-02
7.581745274364948273e-03
3.072909712791442871e-01
6.069452166557312012e-01
4.492335915565490723e-01
1.952271014451980591e-01
6.952499039471149445e-03
6.641731858253479004e-01
3.841047175228595734e-03
1.268491894006729126e-01
1.612760685384273529e-02
5.220073461532592773e-01
1.453732401132583618e-01
7.959030270576477051e-01
2.881222218275070190e-02
2.216352224349975586e-01
3.051145374774932861e-01
1.228501558303833008e+00
3.981592357158660889e-01
2.302801370620727539e+00
4.983739852905273438e-01
3.679930269718170166e-01
5.425650626420974731e-02
3.021606057882308960e-02
2.116436481475830078e+00
4.005505703389644623e-03
1.653928995132446289e+00
1.433390527963638306e-01
1.400629524141550064e-02
5.018453598022460938e-01
7.009561359882354736e-02
1.059911966323852539e+00
3.079792950302362442e-03
4.036228358745574951e-01
4.162122011184692383e-01
1.447627227753400803e-02
1.726594567298889160e-01
1.225265767425298691e-02
2.039485611021518707e-02
1.751740097999572754e+00
1.492405384778976440e-01
1.416548341512680054e-01
2.488482147455215454e-01
4.524286463856697083e-02
1.159675598144531250e+00
9.309487068094313145e-04
3.970495462417602539e-01
1.396086961030960083e-01
3.101866722106933594e+00
4.825086593627929688e-01
6.501455307006835938e-01
3.467519283294677734e-01
2.113357331836596131e-04
8.498810231685638428e-03
6.995145976543426514e-02
1.827372610569000244e-01
1.694239139556884766e+00
2.030931413173675537e-03
4.939259029924869537e-03
5.521805286407470703e-01
2.095558494329452515e-02
1.425885707139968872e-01
1.257867962121963501e-01
1.380060315132141113e-01
4.221424460411071777e-01
4.014556109905242920e-01
2.463752462062984705e-04
7.331067463383078575e-04
1.474604010581970215e-03
1.130038946866989136e-01
7.903263758635148406e-05
9.210800528526306152e-01
2.080028355121612549e-01
5.910645425319671631e-02
4.157903790473937988e-02
1.772024901583790779e-03
2.005797773599624634e-01
2.489564707502722740e-03
6.660073995590209961e-02
3.251599520444869995e-02
3.570455610752105713e-01
4.681883752346038818e-02
7.567311637103557587e-03
1.601077318191528320e+00
3.701240941882133484e-02
2.770459353923797607e-01
1.218918431550264359e-02
4.928136616945266724e-02
8.795821666717529297e-01
2.763587534427642822e-01
1.902794539928436279e-01
5.391002818942070007e-02
7.561868987977504730e-03
1.078423857688903809e-01
1.686036027967929840e-02
1.060894224792718887e-02
3.780613094568252563e-02
9.159568697214126587e-03
4.436268806457519531e-01
2.212279650848358870e-04
5.669450387358665466e-02
2.197151333093643188e-01
1.611092239618301392e-01
1.379338745027780533e-02
2.758152782917022705e-03
2.356135519221425056e-03
2.160121686756610870e-03
7.018763571977615356e-02
1.112009882926940918e-01
9.003615975379943848e-01
1.002877876162528992e-01
4.415880423039197922e-03
9.025221467018127441e-01
8.562505245208740234e-02
1.204623430967330933e-01
2.356520593166351318e-01
9.050877690315246582e-01
1.261849105358123779e-01
4.899400100111961365e-02
7.359947264194488525e-02
6.630079746246337891e-01
2.234518527984619141e+00
1.167331007309257984e-03
5.555665493011474609e-02
1.045063883066177368e-02
2.357534021139144897e-01
1.859201863408088684e-02
6.330314278602600098e-01
9.128639101982116699e-02
3.385218977928161621e-02
1.460887789726257324e-01
3.986864350736141205e-03
1.568691611289978027e+00
6.645163297653198242e-01
2.688264548778533936e-01
1.086899079382419586e-02
1.614532470703125000e-01
4.659631848335266113e-01
1.005858764983713627e-03
2.753955312073230743e-02
5.466347932815551758e-02
1.652723103761672974e-01
5.649583339691162109e-01
7.545515149831771851e-02
1.212814822793006897e-03
1.759266704320907593e-01
2.273062855238094926e-04
1.034712567925453186e-01
1.848588138818740845e-02
1.762817621231079102e+00
1.473577320575714111e-01
2.419245541095733643e-01
2.935176193714141846e-01
1.619681343436241150e-02
8.672123551368713379e-01
1.274993777275085449e+00
1.218154072761535645e+00
4.420405924320220947e-01
7.317225337028503418e-01
7.197404280304908752e-03
5.525672342628240585e-03
3.456210196018218994e-01
1.834971904754638672e+00
4.591971635818481445e-01
3.455837070941925049e-02
3.260638117790222168e-01
3.246382176876068115e-01
8.340203762054443359e-01
5.089665576815605164e-02
3.930762708187103271e-01
1.801548361778259277e+00
4.208633899688720703e+00
6.625805497169494629e-01
3.687266707420349121e-01
1.265813224017620087e-02
1.708008646965026855e-01
7.167932391166687012e-02
2.370618134737014771e-01
1.665609776973724365e-01
2.417782135307788849e-02
1.739136874675750732e-01
7.476037144660949707e-01
5.775191783905029297e-01
9.227308910340070724e-04
2.891147881746292114e-02
2.935273945331573486e-01
1.012699492275714874e-02
2.765190899372100830e-01
3.534378409385681152e-01
2.033623456954956055e-01
8.034497499465942383e-01
1.638704538345336914e-02
3.888339400291442871e-01
1.326964855194091797e+00
1.665215095272287726e-04
4.511034861207008362e-02
5.281536653637886047e-02
9.960841387510299683e-02
1.817298412322998047e+00
3.882311105728149414e+00
2.419669479131698608e-01
6.630606367252767086e-04
3.327650949358940125e-02
3.918982446193695068e-01
1.649082638323307037e-02
3.074445063248276711e-03
9.244464039802551270e-01
4.833493232727050781e-01
1.913284063339233398e-01
8.264804631471633911e-02
3.085194528102874756e-01
2.611353397369384766e-01
2.238983986899256706e-03
1.595368087291717529e-01
2.101982980966567993e-01
2.567636780440807343e-02
5.517023801803588867e-02
1.029018685221672058e-02
3.544241189956665039e-03
2.156337022781372070e+00
4.371113777160644531e-01
1.098279714584350586e+00
7.944731712341308594e-01
2.245326995849609375e+00
1.080566551536321640e-02
3.785055279731750488e-01
6.174035742878913879e-02
1.127885818481445312e+00
5.641295313835144043e-01
6.907939910888671875e-01
6.838182806968688965e-01
4.577968418598175049e-01
8.998591303825378418e-01
2.127492129802703857e-01
4.703836515545845032e-02
2.581916570663452148e+00
4.307493194937705994e-02
4.633805453777313232e-01
5.930352583527565002e-02
9.867029786109924316e-01
3.131981134414672852e+00
2.636318206787109375e-01
6.923024356365203857e-02
1.085309624671936035e+00
6.970722228288650513e-02
8.681767620146274567e-03
3.261817693710327148e-01
7.116072177886962891e-01
7.654998302459716797e-01
3.106888616457581520e-03
1.347377598285675049e-01
9.050739407539367676e-01
2.136816643178462982e-02
1.122019514441490173e-01
1.516919136047363281e+00
3.864094018936157227e-01
5.960446742392377928e-06
2.882986366748809814e-01
5.251500010490417480e-01
1.655846834182739258e+00
3.134861290454864502e-01
1.687699913978576660e+00
1.926882937550544739e-02
1.283880043774843216e-02
9.274052717955783010e-05
3.039358556270599365e-02
1.322677135467529297e+00
7.052297592163085938e-01
2.765114903450012207e-01
1.369873434305191040e-02
1.259905993938446045e-01
2.259039580821990967e-01
3.690061271190643311e-01
2.744777798652648926e-01
3.330281935632228851e-03
4.365892335772514343e-02
8.246990293264389038e-02
1.762371659278869629e-01
1.417072862386703491e-01
4.040198400616645813e-02
5.553978681564331055e-01
1.571440994739532471e-01
8.535020606359466910e-05
1.192099694162607193e-02
5.787164904177188873e-03
5.190715193748474121e-01
6.532743573188781738e-01
3.211343195289373398e-03
1.106032803654670715e-01
7.842804491519927979e-02
4.764007031917572021e-01
2.081122398376464844e+00
4.696773737668991089e-02
1.255030464380979538e-02
6.344411969184875488e-01
3.373290970921516418e-02
2.752328395843505859e+00
3.160477578639984131e-01
9.179176762700080872e-03
9.625035524368286133e-01
1.944200485013425350e-03
1.356191158294677734e+00
3.536577522754669189e-01
8.702490925788879395e-01
1.059290114790201187e-02
2.116725683212280273e+00
1.219611391425132751e-01
3.123153209686279297e+00
8.988045901060104370e-02
1.581855058670043945e+00
1.246401015669107437e-02
5.618723034858703613e-01
4.409190267324447632e-02
1.314140319824218750e+00
1.166072726249694824e+00
1.496092081069946289e-01
2.246953081339597702e-03
7.141498923301696777e-01
1.056010723114013672e-01
3.766309469938278198e-02
3.938419278711080551e-03
7.166677969507873058e-04
5.610196385532617569e-03
5.671976804733276367e-01
5.699217785149812698e-03
1.654406078159809113e-02
4.110767319798469543e-02
1.171335875988006592e-01
1.287661790847778320e+00
4.057394266128540039e-01
3.651394695043563843e-02
2.571013756096363068e-04
5.405862331390380859e-01
1.861507538706064224e-03
4.337964206933975220e-02
8.960475027561187744e-02
1.280579566955566406e+00
1.088913798332214355e+00
4.050494730472564697e-01
5.386113524436950684e-01
8.498711138963699341e-02
3.285566270351409912e-01
2.442045688629150391e+00
2.874434739351272583e-02
9.550666064023971558e-02
7.226625829935073853e-02
9.792628288269042969e-01
3.795040398836135864e-02
4.355631470680236816e-01
4.395703785121440887e-03
6.416992843151092529e-02
3.688709437847137451e-01
8.198700845241546631e-02
2.218780480325222015e-02
1.235696434974670410e+00
6.057474613189697266e-01
3.540759086608886719e-01
4.165210947394371033e-02
1.928479075431823730e-01
9.060340933501720428e-03
1.103489194065332413e-02
8.328068256378173828e-02
7.294694334268569946e-02
6.302410364151000977e-02
3.400637209415435791e-02
3.386244550347328186e-02
9.987425208091735840e-01
1.281269490718841553e-01
9.626284008845686913e-04
3.646421730518341064e-01
6.564649194478988647e-02
4.110135734081268311e-01
1.207889914512634277e+00
3.118460066616535187e-02
2.168129980564117432e-01
3.753946125507354736e-01
6.469733547419309616e-03
3.661516606807708740e-01
2.890050709247589111e-01
1.480692744255065918e+00
1.530191162601113319e-03
7.592894881963729858e-02
1.317275762557983398e-01
5.482886433601379395e-01
3.764793574810028076e-01
3.227975368499755859e-01
7.027302053757011890e-04
1.363177895545959473e-01
2.012569010257720947e-01
3.118522882461547852e+00
5.116715431213378906e-01
1.503906607627868652e+00
3.180583193898200989e-02
3.032211661338806152e-01
4.319200217723846436e-01
1.114842388778924942e-02
2.558813691139221191e-01
2.587719559669494629e-01
1.256437420845031738e+00
2.034001350402832031e+00
1.518011391162872314e-01
1.395073980093002319e-01
7.656088471412658691e-01
2.139373570680618286e-01
2.019748926162719727e+00
1.096665291697718203e-04
1.560603499412536621e+00
1.315800589509308338e-03
2.019802033901214600e-01
3.395703792572021484e+00
7.649204730987548828e-01
8.184820413589477539e-03
2.430995941162109375e+00
5.470364093780517578e-01
7.812170684337615967e-02
4.753959178924560547e+00
5.946147441864013672e-02
5.855312105268239975e-03
3.149075899273157120e-03
4.335893900133669376e-04
5.178369209170341492e-02
1.114362627267837524e-01
8.652042597532272339e-04
7.156178951263427734e-01
6.500226259231567383e-02
3.839978482574224472e-03
7.353587150573730469e-01
9.247627109289169312e-02
4.098307713866233826e-02
1.425441936589777470e-03
1.407876491546630859e+00
8.329703211784362793e-01
1.260620653629302979e-01
5.321090817451477051e-01
1.512915641069412231e-01
1.904405653476715088e-02
3.346793353557586670e-01
7.842971086502075195e-01
4.624540209770202637e-01
1.034752838313579559e-02
4.807081222534179688e-01
5.364403477869927883e-06
8.491173386573791504e-01
1.481847167015075684e-01
1.395692303776741028e-02
7.614427059888839722e-02
1.326038967818021774e-03
2.200607210397720337e-01
1.878650546073913574e+00
6.543447822332382202e-02
4.664648473262786865e-01
6.549242883920669556e-02
1.077995728701353073e-02
2.030234411358833313e-02
2.754372917115688324e-02
9.984076954424381256e-03
7.504085451364517212e-02
4.215146899223327637e-01
7.114544510841369629e-02
3.949991166591644287e-01
1.161180734634399414e+00
1.083467528223991394e-02
4.493853077292442322e-03
2.478620782494544983e-02
1.209304690361022949e+00
2.695929817855358124e-02
3.965134173631668091e-02
7.401127368211746216e-02
7.351198047399520874e-02
7.393056154251098633e-02
1.238152265548706055e+00
8.667631447315216064e-02
1.518827956169843674e-02
1.183827146887779236e-01
3.662274479866027832e-01
9.515137672424316406e-01
7.568406313657760620e-02
1.098061352968215942e-01
4.404650256037712097e-02
8.855711785145103931e-04
3.339661061763763428e-01
1.695694215595722198e-02
5.105208232998847961e-02
8.541417717933654785e-01
6.466602087020874023e-01
3.740152120590209961e-01
2.086710780858993530e-01
1.065439939498901367e+00
1.185497045516967773e-01
1.353933811187744141e-01
1.276178359985351562e+00
3.713653683662414551e-01
8.030086755752563477e-01
2.091724574565887451e-01
7.407525926828384399e-02
1.533128976821899414e+00
2.027766853570938110e-01
9.346824139356613159e-02
2.952196002006530762e-01
4.260118678212165833e-02
1.163918804377317429e-02
1.830295443534851074e+00
1.144286431372165680e-02
5.047142505645751953e-01
2.497919350862503052e-01
6.628249585628509521e-02
1.100859999656677246e+00
1.123651862144470215e-01
3.423829004168510437e-02
5.292540788650512695e-01
1.295597314834594727e+00
2.675539813935756683e-02
1.775092445313930511e-02
4.671912756748497486e-04
1.013020947575569153e-01
1.899870038032531738e-01
1.325495600700378418e+00
8.276861906051635742e-01
5.537338927388191223e-02
3.988092392683029175e-02
9.983604773879051208e-03
3.614427447319030762e-01
2.615630388259887695e+00
1.829265952110290527e-01
8.538407087326049805e-02
4.686240851879119873e-02
1.027640700340270996e+00
1.257174164056777954e-01
1.328474096953868866e-02
1.962195485830307007e-01
3.146130144596099854e-01
1.160197973251342773e+00
1.395919024944305420e-01
1.063853618688881397e-03
2.334514074027538300e-02
3.415239453315734863e-01
1.022299885749816895e+00
3.184428438544273376e-02
6.933188438415527344e-01
6.121694575995206833e-03
1.498215436935424805e+00
1.589172780513763428e-01
3.435363471508026123e-01
1.326059460639953613e+00
4.881038665771484375e-01
7.435268256813287735e-03
4.833485484123229980e-01
7.903614640235900879e-02
5.166641622781753540e-02
4.749566316604614258e-01
1.392673134803771973e+00
1.871474534273147583e-01
5.091583132743835449e-01
3.736616075038909912e-01
3.391935527324676514e-01
9.449338912963867188e-02
9.888377040624618530e-02
5.991315096616744995e-02
3.904106616973876953e-01
1.335135129920672625e-05
2.202956676483154297e+00
8.463361859321594238e-01
1.979723200201988220e-02
6.262297630310058594e-01
6.538803577423095703e-01
2.397090941667556763e-02
1.705397367477416992e+00
1.579476520419120789e-02
1.371061503887176514e-01
2.534208297729492188e+00
9.632588028907775879e-01
1.964782476425170898e-01
1.154852211475372314e-01
1.055090874433517456e-02
9.776200652122497559e-01
5.831769704818725586e-01
2.423634938895702362e-02
1.676470600068569183e-02
4.153198301792144775e-01
1.267653852701187134e-01
1.862986326217651367e+00
1.271604374051094055e-02
4.833626151084899902e-01
6.315681934356689453e-01
8.943132311105728149e-02
3.801515400409698486e-01
6.079669594764709473e-01
3.540098667144775391e-02
1.371661126613616943e-01
3.428759053349494934e-02
3.178389370441436768e-01
5.636655539274215698e-02
2.923743613064289093e-02
2.653976380825042725e-01
7.133490871638059616e-03
6.173572540283203125e-01
1.408328860998153687e-01
1.415327340364456177e-01
2.263500988483428955e-01
9.464777708053588867e-01
7.112507820129394531e-01
2.997858077287673950e-02
2.530933916568756104e-01
2.552635371685028076e-01
3.086112625896930695e-02
2.459131926298141479e-01
9.592925310134887695e-01
5.481042340397834778e-02
1.824899390339851379e-02
7.271607220172882080e-02
8.893323689699172974e-02
1.361167132854461670e-01
1.379440546035766602e+00
1.469639539718627930e-01
2.395014911890029907e-01
2.810707390308380127e-01
3.218179941177368164e-01
4.260824352968484163e-04
6.329772621393203735e-02
1.123852133750915527e-01
8.462944030761718750e-01
7.658373564481735229e-02
4.395110532641410828e-03
1.250156611204147339e-01
1.852826118469238281e+00
2.308435551822185516e-02
7.388328760862350464e-02
2.845665216445922852e-01
1.765061765909194946e-01
7.725629955530166626e-02
1.709439605474472046e-01
3.787005543708801270e-01
5.914567038416862488e-03
3.182049840688705444e-02
9.537961333990097046e-03
6.529533863067626953e-02
1.127438783645629883e+00
1.756373941898345947e-01
2.902502417564392090e-01
1.670184284448623657e-01
1.209973618388175964e-01
2.505480311810970306e-02
1.466530859470367432e-01
1.056380510330200195e+00
5.802282094955444336e-01
8.955267667770385742e-01
5.355873107910156250e-01
1.279819726943969727e+00
1.109406948089599609e+00
2.082662582397460938e-01
4.866224825382232666e-01
1.394718438386917114e-01
4.930292814970016479e-02
6.616607308387756348e-01
1.013490185141563416e-02
8.879449963569641113e-02
1.156679913401603699e-01
1.655348896980285645e+00
2.043224424123764038e-01
1.367162019014358521e-01
1.371872727759182453e-03
2.355296164751052856e-01
3.972396254539489746e-01
1.095721945166587830e-01
1.485918909311294556e-01
2.004512548446655273e+00
8.362504243850708008e-01
3.719045519828796387e-01
5.493953824043273926e-01
1.777668856084346771e-02
4.765368998050689697e-01
6.762691736221313477e-01
5.131950974464416504e-01
2.098425149917602539e+00
2.525156140327453613e-01
6.197410821914672852e-01
1.351687192916870117e+00
4.374020695686340332e-01
1.058358475565910339e-01
5.639078617095947266e-01
1.037589311599731445e+00
9.680201858282089233e-02
1.717382222414016724e-01
2.096520215272903442e-01
4.627675563097000122e-02
3.844023868441581726e-02
1.127238422632217407e-01
1.785121709108352661e-01
2.572741806507110596e-01
5.223578773438930511e-04
2.167057842016220093e-01
5.001444220542907715e-01
8.544640541076660156e-01
1.707614660263061523e+00
2.060834877192974091e-02
5.074069499969482422e-01
1.361710131168365479e-01
6.522439122200012207e-01
2.555622160434722900e-02
3.172585666179656982e-01
2.171105705201625824e-02
8.066261410713195801e-01
1.010652855038642883e-01
2.906017005443572998e-02
2.553716488182544708e-02
1.822436153888702393e-01
1.353700160980224609e+00
1.053089618682861328e+00
4.787621647119522095e-02
1.595177804119884968e-03
3.364680707454681396e-02
7.450872659683227539e-01
1.859695911407470703e-01
1.118844747543334961e+00
5.615064874291419983e-02
1.145098656415939331e-01
5.351065192371606827e-04
3.311137482523918152e-02
5.152399651706218719e-03
9.536898694932460785e-03
2.373147569596767426e-02
4.134983718395233154e-01
2.785009145736694336e-01
5.167626589536666870e-02
3.234292268753051758e-01
1.125179231166839600e-03
1.029645681381225586e+00
5.290695652365684509e-02
8.648215979337692261e-02
8.657339811325073242e-01
7.905588150024414062e-01
2.854034677147865295e-02
2.507910132408142090e-02
2.455792855471372604e-03
7.778714597225189209e-02
1.247190833091735840e+00
3.632474318146705627e-02
1.129467010498046875e+00
2.755153894424438477e+00
1.045930460095405579e-01
9.214875698089599609e-01
6.618086695671081543e-01
3.054390661418437958e-02
2.378944680094718933e-02
1.323188543319702148e-01
8.546664714813232422e-01
1.308062113821506500e-02
3.279584348201751709e-01
6.514179706573486328e-01
1.068594381213188171e-01
1.449984759092330933e-01
5.042874813079833984e-01
2.132494449615478516e+00
1.653762102127075195e+00
1.890152990818023682e-01
1.341501027345657349e-01
1.545404553413391113e+00
2.934081852436065674e-01
3.143377006053924561e-01
1.145950794219970703e+00
5.969552323222160339e-03
1.839533299207687378e-01
6.115374565124511719e-01
6.120544672012329102e-01
9.806590080261230469e-01
2.416084408760070801e-01
6.125317513942718506e-02
2.352924551814794540e-03
5.875977277755737305e-01
1.012292385101318359e+00
3.119407594203948975e-02
2.643797695636749268e-01
6.165787205100059509e-02
3.555917441844940186e-01
2.995220385491847992e-02
2.830443903803825378e-02
9.488367475569248199e-03
2.478634268045425415e-01
1.368429780006408691e+00
4.470210671424865723e-01
8.877757787704467773e-01
5.608257278800010681e-02
4.483877122402191162e-01
2.934565544128417969e-01
9.546027183532714844e-01
1.273482739925384521e-01
1.171348810195922852e+00
4.856511354446411133e-01
6.444792151451110840e-01
5.776616279035806656e-03
1.999690532684326172e+00
2.778422273695468903e-02
4.757038783282041550e-03
4.164079427719116211e-01
7.815811038017272949e-01
3.857255280017852783e-01
5.082899704575538635e-03
2.795952558517456055e-01
2.367675006389617920e-01
4.270531654357910156e+00
2.559735536575317383e+00
4.918965816497802734e+00
1.787599086761474609e+00
2.483627349138259888e-01
2.893024384975433350e-01
3.312547445297241211e+00
9.595319279469549656e-04
3.777938336133956909e-02
1.005481705069541931e-01
6.986809372901916504e-01
2.103799954056739807e-02
3.169589117169380188e-02
1.072913527488708496e+00
5.678862929344177246e-01
1.178661108016967773e+00
3.234059214591979980e-01
3.516612196108326316e-05
4.976018071174621582e-01
3.664094209671020508e-02
2.707316279411315918e-01
2.101527899503707886e-01
6.430410314351320267e-03
2.303717657923698425e-02
2.893786877393722534e-03
2.953574061393737793e-03
1.078197360038757324e+00
5.644873976707458496e-01
6.543518975377082825e-03
8.224498033523559570e-01
7.224995642900466919e-02
9.756095823831856251e-04
9.828743059188127518e-04
1.729440838098526001e-01
6.495742201805114746e-01
1.682003587484359741e-02
1.260440349578857422e+00
2.319535762071609497e-01
6.644693017005920410e-02
5.080650448799133301e-01
6.183857913129031658e-04
2.847875654697418213e-01
5.243513360619544983e-02
6.610354175791144371e-04
1.606427550315856934e+00
1.649190783500671387e-01
3.054124675691127777e-02
1.617033123970031738e+00
6.006392836570739746e-02
5.443244576454162598e-01
1.319496035575866699e-01
2.284465730190277100e-01
4.359193518757820129e-02
3.247953206300735474e-02
7.091493159532546997e-02
5.821271538734436035e-01
3.278356418013572693e-02
2.029860857874155045e-03
2.612596452236175537e-01
1.493634432554244995e-01
1.760311797261238098e-02
2.240767516195774078e-02
6.063168868422508240e-02
2.166276238858699799e-02
5.232675746083259583e-02
5.822381973266601562e-01
3.026882708072662354e-01
6.254292279481887817e-02
3.624472022056579590e-01
1.170614808797836304e-01
1.587199717760086060e-01
2.653413219377398491e-03
2.464655637741088867e-01
1.119729354977607727e-01
3.268544673919677734e-01
9.928472042083740234e-01
3.075801767408847809e-02
2.721513062715530396e-02
1.755090802907943726e-01
6.089585367590188980e-03
4.011204931885004044e-03
8.139707148075103760e-02
7.308778911828994751e-02
1.951602250337600708e-01
5.568118691444396973e-01
1.368430554866790771e-01
8.063007146120071411e-02
1.820023655891418457e-01
2.532198131084442139e-01
3.192869201302528381e-02
1.103043437004089355e+00
1.170666739344596863e-01
1.991294503211975098e+00
2.167734783142805099e-03
4.564881920814514160e-01
2.567527770996093750e+00
3.549824235960841179e-03
4.334506988525390625e+00
8.772525005042552948e-03
8.396965861320495605e-01
2.654648125171661377e-01
5.793085098266601562e-01
2.080369926989078522e-02
1.240419968962669373e-02
1.134669128805398941e-02
5.455421656370162964e-02
2.786362469196319580e-01
1.123723238706588745e-01
3.246048837900161743e-02
1.175763830542564392e-01
1.299190148711204529e-02
3.774983584880828857e-01
3.785828351974487305e-01
2.325988262891769409e-01
5.060564875602722168e-01
9.947000741958618164e-01
1.838899552822113037e-01
1.519438531249761581e-02
3.449881076812744141e-01
2.318208478391170502e-02
2.206852287054061890e-02
8.436516858637332916e-03
7.916976697742938995e-03
2.385032176971435547e-01
2.543357372283935547e+00
2.469768375158309937e-01
5.016616582870483398e-01
7.173024863004684448e-02
1.098114967346191406e+00
1.339822629233822227e-04
6.467546522617340088e-02
1.391269922256469727e+00
7.062352728098630905e-03
1.137625217437744141e+00
4.711041450500488281e-01
3.830160796642303467e-01
6.668639183044433594e-02
1.770120928995311260e-03
3.349288702011108398e-01
2.675946056842803955e-02
3.298576772212982178e-01
1.680857986211776733e-01
1.019166130572557449e-02
1.239861622452735901e-01
6.125149503350257874e-02
9.159819036722183228e-02
8.323735743761062622e-02
7.389082312583923340e-01
7.778615951538085938e-01
2.064808011054992676e-01
2.043527662754058838e-01
2.646752260625362396e-02
2.677596509456634521e-01
3.319751843810081482e-02
3.591967001557350159e-02
1.743761062622070312e+00
6.362949013710021973e-01
1.590365171432495117e-02
1.540417782962322235e-02
9.046081304550170898e-01
2.163184806704521179e-02
6.690482143312692642e-03
8.975525200366973877e-02
5.697091817855834961e-01
3.655152767896652222e-02
7.173810601234436035e-01
7.454361766576766968e-02
3.513737618923187256e-01
8.868148177862167358e-02
1.446884155273437500e+00
1.568771243095397949e+00
1.315901577472686768e-01
4.429104551672935486e-02
3.429063363000750542e-04
8.577296733856201172e-01
5.102971196174621582e-01
1.744659662246704102e+00
2.651407569646835327e-02
5.410837173461914062e+00
1.196264638565480709e-03
4.690121859312057495e-03
6.313684582710266113e-01
2.370493300259113312e-02
7.394201820716261864e-04
1.028886958956718445e-01
2.555261552333831787e-01
1.572756171226501465e-01
3.472287356853485107e-01
8.269963413476943970e-02
7.111374735832214355e-01
3.760411171242594719e-03
2.892076373100280762e-01
2.008208539336919785e-03
1.370190620422363281e+00
1.275317221879959106e-01
3.102806210517883301e-01
1.124074697494506836e+00
1.001699119806289673e-01
3.150669857859611511e-02
2.539608441293239594e-02
4.745268523693084717e-01
1.302037984132766724e-01
5.014001131057739258e-01
7.015389273874461651e-04
2.155919075012207031e+00
3.750111758708953857e-01
6.915313601493835449e-01
3.471207320690155029e-01
3.128311336040496826e-01
1.590529456734657288e-02
1.546850055456161499e-01
3.800130188465118408e-01
3.179897069931030273e-01
7.783888578414916992e-01
2.491178214550018311e-01
9.720492176711559296e-03
2.638097405433654785e-01
2.783940732479095459e-01
3.120886385440826416e-01
9.066130220890045166e-02
1.436368766007944942e-04
5.038336515426635742e-01
2.304719574749469757e-02
1.801101446151733398e+00
1.247778441756963730e-02
2.026352594839408994e-04
1.829673051834106445e-01
7.025820016860961914e-02
1.489423587918281555e-02
7.511358261108398438e-01
5.853827670216560364e-02
6.364510953426361084e-02
4.444895982742309570e-01
1.381032317876815796e-01
1.327587366104125977e-01
8.603220582008361816e-01
1.151947140693664551e+00
2.413431167602539062e+00
6.650147587060928345e-02
1.569208502769470215e+00
5.950236693024635315e-03
5.830620527267456055e-01
1.062721967697143555e+00
5.878869295120239258e-01
1.900599449872970581e-01
5.949569344520568848e-01
3.975252509117126465e-01
7.086795568466186523e-02
1.458436995744705200e-01
4.863883256912231445e-01
1.152559369802474976e-02
4.137784540653228760e-01
2.044493565335869789e-03
1.232487797737121582e+00
7.096394547261297703e-04
3.729519993066787720e-02
1.436969518661499023e+00
2.137424349784851074e-01
2.812943421304225922e-04
1.469925511628389359e-02
1.333819985389709473e+00
1.963347315788269043e+00
2.401922130957245827e-03
1.184485435485839844e+00
4.456334561109542847e-02
4.967550933361053467e-02
1.237441539764404297e+00
8.190897703170776367e-01
1.123856380581855774e-01
6.006987690925598145e-01
1.648617029190063477e+00
9.209822416305541992e-01
5.820214748382568359e-01
4.921034872531890869e-01
1.041613295674324036e-01
1.302673108875751495e-02
5.159407481551170349e-02
2.669820329174399376e-03
2.359703416004776955e-03
5.160302519798278809e-01
3.481214866042137146e-02
3.706769704818725586e+00
9.720641374588012695e-01
5.383321642875671387e-02
8.692662715911865234e-01
1.199571639299392700e-01
1.464612782001495361e-01
8.359099030494689941e-01
2.628825418651103973e-02
3.726970404386520386e-02
3.075697831809520721e-02
1.159403800964355469e+00
1.565652899444103241e-02
4.284143149852752686e-01
9.883524617180228233e-04
3.097046539187431335e-02
5.679270029067993164e-01
6.824900209903717041e-02
3.437564242631196976e-03
3.600069284439086914e-01
1.269607106223702431e-03
2.233712673187255859e-01
1.392046809196472168e+00
6.232901290059089661e-02
3.241732716560363770e-02
9.595675766468048096e-02
3.668426349759101868e-02
1.103934645652770996e+00
6.814442873001098633e-01
1.118191480636596680e+00
8.734552860260009766e-01
7.197692394256591797e-01
6.203325390815734863e-01
1.499217152595520020e-01
7.060906291007995605e-02
6.857551634311676025e-02
4.734374582767486572e-01
2.312662005424499512e-01
1.340894401073455811e-01
5.369882099330425262e-03
4.346300661563873291e-01
3.067871369421482086e-02
5.291034653782844543e-02
9.024900384247303009e-03
4.485511481761932373e-01
2.395694330334663391e-02
2.169249951839447021e-01
1.594964414834976196e-02
2.800801396369934082e-01
1.204440593719482422e-01
9.561492204666137695e-01
2.002140972763299942e-03
2.570762112736701965e-02
2.237318782135844231e-03
2.442545443773269653e-01
5.808733105659484863e-01
4.815765656530857086e-03
5.920886397361755371e-01
3.844666108489036560e-02
7.562021613121032715e-01
1.079520806670188904e-01
3.375039398670196533e-01
3.206617236137390137e-01
3.694505393505096436e-01
5.942170619964599609e-01
1.886281073093414307e-01
3.445089168963022530e-05
5.504761938937008381e-04
1.074511408805847168e-01
6.709790825843811035e-01
1.817442849278450012e-02
1.570253074169158936e-01
2.322443485260009766e+00
4.769186973571777344e-01
4.505918174982070923e-02
3.623564913868904114e-02
1.127484321594238281e+00
1.581364721059799194e-01
2.025189399719238281e+00
3.913840651512145996e-01
1.154301643371582031e+00
7.574463486671447754e-01
9.894610382616519928e-03
1.515921801328659058e-01
6.792504340410232544e-02
1.452597230672836304e-02
1.137682120315730572e-03
1.378619968891143799e-01
5.643089115619659424e-02
2.358618006110191345e-02
1.841159760951995850e-01
2.053040027618408203e+00
8.991771936416625977e-01
7.186084240674972534e-02
5.196014419198036194e-02
3.633661270141601562e-01
8.887750655412673950e-02
5.849195271730422974e-02
4.760481789708137512e-02
7.871866691857576370e-04
4.670530557632446289e-02
3.654461801052093506e-01
3.315519914031028748e-02
1.345079094171524048e-01
7.109937071800231934e-02
3.835488855838775635e-02
7.109781354665756226e-02
8.871873021125793457e-01
5.578663665801286697e-03
1.417316913604736328e+00
1.193798422813415527e+00
1.242986693978309631e-01
3.071933984756469727e-01
1.785186864435672760e-02
8.202757835388183594e-01
2.726489543914794922e+00
3.740167021751403809e-01
5.803940445184707642e-02
3.543788194656372070e-01
7.213949412107467651e-02
7.647522725164890289e-03
3.622563779354095459e-01
2.241446971893310547e-01
5.358213675208389759e-04
5.042425982537679374e-05
7.518347501754760742e-01
1.728694736957550049e-01
3.982086479663848877e-01
7.152531907195225358e-06
6.020705029368400574e-02
4.813266173005104065e-02
3.468689508736133575e-03
5.643979460000991821e-02
9.434873461723327637e-01
7.807903602952137589e-05
1.602132618427276611e-02
1.844750165939331055e+00
8.463326692581176758e-01
6.091434359550476074e-01
7.300065755844116211e-01
1.356086492538452148e+00
1.122061088681221008e-01
2.417957305908203125e+00
1.497696270234882832e-03
1.265028119087219238e-01
3.526604175567626953e-01
7.096934914588928223e-01
3.113424871116876602e-03
1.458923816680908203e+00
1.402109977789223194e-03
4.240690767765045166e-01
3.130876719951629639e-01
4.469524137675762177e-03
4.269402325153350830e-01
6.574614671990275383e-04
5.637095123529434204e-02
7.406483292579650879e-01
5.621761083602905273e-01
1.642023399472236633e-02
5.544770359992980957e-01
1.315897982567548752e-02
1.225651726126670837e-01
9.986271709203720093e-02
4.052472412586212158e-01
5.806494131684303284e-02
2.030806802213191986e-02
1.985266208648681641e-01
7.272449135780334473e-02
5.038726702332496643e-02
8.532664775848388672e-01
5.430825985968112946e-03
7.325852662324905396e-02
2.338659949600696564e-02
1.267195343971252441e+00
1.169700697064399719e-01
1.471437931060791016e+00
6.438288092613220215e-02
2.625670433044433594e+00
6.703900694847106934e-01
9.222333878278732300e-02
4.015716724097728729e-03
3.066393733024597168e-01
1.825942158699035645e+00
2.595748286694288254e-03
2.175451755523681641e+00
1.019756123423576355e-02
8.213078603148460388e-03
1.619658112525939941e+00
2.030260115861892700e-01
1.159368231892585754e-01
5.960072390735149384e-03
1.066834330558776855e+00
2.177556231617927551e-02
5.208598449826240540e-02
4.571189582347869873e-01
4.249551147222518921e-02
1.073891576379537582e-02
2.684136331081390381e-01
9.607624262571334839e-03
2.138973176479339600e-01
3.506540507078170776e-02
1.122485175728797913e-01
2.760559916496276855e-01
2.460581511259078979e-01
2.132219076156616211e-02
1.011098995804786682e-01
1.454718828201293945e+00
4.228150099515914917e-02
3.095123451203107834e-03
7.212883979082107544e-02
4.118414130061864853e-03
1.062246441841125488e+00
4.293048009276390076e-02
1.239680498838424683e-01
6.181694865226745605e-01
2.921704351902008057e-01
1.154962703585624695e-01
4.498955793678760529e-03
9.131014667218551040e-05
1.261452555656433105e+00
1.824189424514770508e-01
2.480437688063830137e-04
5.664674192667007446e-02
1.635207980871200562e-01
1.413418911397457123e-03
2.342582345008850098e-01
2.241343110799789429e-01
4.174138009548187256e-01
9.340111017227172852e-01
4.470473621040582657e-03
2.242655865848064423e-02
5.419127345085144043e-01
2.125042118132114410e-02
1.045038457959890366e-03
2.961803041398525238e-02
1.669096760451793671e-02
8.354004472494125366e-03
1.213935017585754395e+00
8.646516799926757812e-01
2.473763376474380493e-01
1.557704329490661621e+00
3.274883031845092773e-01
7.601266261190176010e-03
1.605347752571105957e+00
2.713789045810699463e-01
2.974008321762084961e-01
1.233272906392812729e-02
1.432974450290203094e-02
6.654062122106552124e-02
7.562778592109680176e-01
7.260299474000930786e-02
2.623296678066253662e-01
8.768433332443237305e-01
1.521026017144322395e-03
2.370381116867065430e+00
1.911902613937854767e-02
9.825911372900009155e-03
5.085439607501029968e-02
3.293314278125762939e-01
8.340220898389816284e-02
7.873975038528442383e-01
1.295781850814819336e+00
2.267338782548904419e-01
1.110463619232177734e+00
1.921730488538742065e-01
1.588145643472671509e-01
5.044202804565429688e-01
8.024928569793701172e-01
2.019054815173149109e-02
1.394134283065795898e+00
3.083004355430603027e-01
5.822027102112770081e-02
3.775956928730010986e-01
1.208106875419616699e+00
1.297894835472106934e+00
3.327004984021186829e-02
8.950792551040649414e-01
3.217703998088836670e-01
8.822438865900039673e-02
9.541347622871398926e-02
1.354938652366399765e-02
6.776740550994873047e-01
3.695834279060363770e-01
5.596142411231994629e-01
2.157007694244384766e+00
2.425998210906982422e+00
6.402782797813415527e-01
2.598177641630172729e-02
1.185137685388326645e-02
4.650610033422708511e-03
9.447310864925384521e-02
1.680577635765075684e+00
5.083046555519104004e-01
1.467446889728307724e-02
2.555701136589050293e-01
3.199935657903552055e-03
4.012803733348846436e-01
5.953864008188247681e-02
9.970963001251220703e-02
5.540580153465270996e-01
3.002852499485015869e-01
1.485554218292236328e+00
5.991416424512863159e-02
6.105816736817359924e-02
5.395833253860473633e-01
1.332085579633712769e-01
8.418779820203781128e-02
6.985482573509216309e-01
4.567538574337959290e-02
7.552125304937362671e-02
1.215407729148864746e+00
7.767239212989807129e-01
8.423543572425842285e-01
7.410431504249572754e-01
1.254651844501495361e-01
1.724662375636398792e-03
4.238144755363464355e-01
3.859055340290069580e-01
7.695586681365966797e-01
9.406857192516326904e-02
2.004071474075317383e+00
3.555284142494201660e-01
1.024079276248812675e-03
5.020142793655395508e-01
4.569300413131713867e-01
4.260176047682762146e-02
4.111450016498565674e-01
8.962632715702056885e-02
1.099815941415727139e-03
1.260504405945539474e-02
2.245416194200515747e-01
2.605913877487182617e-01
8.821085840463638306e-02
2.276398241519927979e-01
7.491897344589233398e-01
5.416042208671569824e-01
8.223128505051136017e-03
2.553980052471160889e-01
9.253603965044021606e-02
1.316830664873123169e-01
1.242504566907882690e-01
5.730842053890228271e-02
1.367206722497940063e-01
7.590973284095525742e-03
7.160832174122333527e-03
3.848325461149215698e-02
4.459117650985717773e-01
9.529695846140384674e-03
5.287755653262138367e-02
1.584933757781982422e+00
1.177232619374990463e-02
4.169818013906478882e-03
5.497370287775993347e-02
3.444929840043187141e-03
5.458118915557861328e-01
8.333289623260498047e-02
4.897362589836120605e-01
1.647071838378906250e-01
2.341943792998790741e-02
4.591727852821350098e-01
2.493417412042617798e-01
2.407972328364849091e-02
1.311738044023513794e-01
1.503903698176145554e-02
1.648201584815979004e+00
1.500529348850250244e-01
2.070024982094764709e-02
1.405873447656631470e-01
8.879417181015014648e-02
6.287589669227600098e-02
9.642512202262878418e-01
1.740093156695365906e-02
6.742820143699645996e-03
9.632772766053676605e-03
6.260526180267333984e-01
1.528395891189575195e+00
3.307335674762725830e-01
2.567111551761627197e-01
2.750472724437713623e-01
1.619297862052917480e-01
6.904602050781250000e-04
1.623011976480484009e-01
1.604728698730468750e+00
3.071887493133544922e-01
1.199165657162666321e-01
1.196726322174072266e+00
4.874072968959808350e-02
1.289988011121749878e-01
1.200877428054809570e-01
3.778792023658752441e-01
4.741377662867307663e-03
8.697302546352148056e-04
1.592321321368217468e-03
8.390185236930847168e-02
2.280047982931137085e-01
3.388434275984764099e-02
1.130869388580322266e+00
5.281144976615905762e-01
1.907220631837844849e-01
4.410953521728515625e-01
5.083241313695907593e-02
2.136020660400390625e+00
3.581183496862649918e-03
1.893603205680847168e-01
8.415481448173522949e-01
5.586596131324768066e-01
5.186961889266967773e-01
6.849855184555053711e-03
1.782192468643188477e+00
2.269924134016036987e-01
3.951361402869224548e-02
4.671952128410339355e-01
3.298093006014823914e-02
1.586563698947429657e-02
3.069928847253322601e-03
1.907724887132644653e-01
1.099577755667269230e-03
8.217534422874450684e-02
2.737729623913764954e-02
5.803501978516578674e-02
1.692306809127330780e-02
7.485769689083099365e-02
2.480197250843048096e-01
4.046953096985816956e-02
7.520165443420410156e-01
2.466372549533843994e-01
1.445102989673614502e-01
3.957485258579254150e-01
3.264029324054718018e-01
1.010772511363029480e-01
2.470499277114868164e-01
3.532362403348088264e-03
1.164215356111526489e-01
5.826318264007568359e-01
4.664210081100463867e-01
2.022839784622192383e-01
5.698259174823760986e-02
4.309982433915138245e-02
6.726242601871490479e-03
6.937464233487844467e-03
5.831552296876907349e-02
5.206243991851806641e-01
4.615393653512001038e-02
1.751456409692764282e-02
5.942238122224807739e-02
1.057969033718109131e-02
1.604235470294952393e-01
2.250687032938003540e-02
6.833963096141815186e-02
4.791109859943389893e-01
8.839809298515319824e-01
6.078366637229919434e-01
1.893847733736038208e-01
3.291071653366088867e-01
3.311114385724067688e-02
8.328200131654739380e-02
3.226739168167114258e-01
8.065294474363327026e-02
9.699242189526557922e-03
2.443279325962066650e-01
1.598391332663595676e-03
2.188053354620933533e-02
1.321200609207153320e+00
4.973040893673896790e-02
9.575074166059494019e-02
1.898166388273239136e-01
1.129493474960327148e+00
6.386185288429260254e-01
3.750806450843811035e-01
2.319942712783813477e+00
2.747363150119781494e-01
9.428573250770568848e-01
1.794074475765228271e-02
4.580494761466979980e-01
1.420568943023681641e+00
4.288125783205032349e-02
4.225642383098602295e-01
2.881787121295928955e-01
2.622450515627861023e-02
1.649215817451477051e+00
8.744622766971588135e-02
3.055026568472385406e-02
3.157080709934234619e-02
2.047684043645858765e-01
2.257168740034103394e-01
1.570812463760375977e-01
8.048654347658157349e-02
1.541311293840408325e-01
6.537647843360900879e-01
3.979718685150146484e-02
1.862940043210983276e-01
6.441853940486907959e-02
1.768425554037094116e-01
1.343577448278665543e-02
2.464910000562667847e-01
1.130212783813476562e+00
5.060809254646301270e-01
1.513970851898193359e+00
7.738652229309082031e-01
3.359528258442878723e-02
2.692593038082122803e-01
2.300267070531845093e-01
3.568883240222930908e-02
2.419273555278778076e-01
3.090092539787292480e-01
6.446033716201782227e-02
3.428586572408676147e-02
5.868467036634683609e-03
3.162786364555358887e-02
3.316951692104339600e-01
3.804436710197478533e-04
1.842024475336074829e-01
4.918031096458435059e-01
6.902970075607299805e-01
1.010970115661621094e+00
6.408070772886276245e-02
3.294401976745575666e-04
9.846027195453643799e-02
1.049348562955856323e-01
1.224406480789184570e+00
3.530511856079101562e-01
2.065550833940505981e-01
1.108837842941284180e+00
1.012768268585205078e+00
7.220956496894359589e-03
4.466970264911651611e-01
1.378941982984542847e-01
7.235234379768371582e-01
9.104806780815124512e-01
9.578645695000886917e-04
3.365925280377268791e-03
4.915142804384231567e-02
2.138000875711441040e-01
3.813210129737854004e-01
1.917331457138061523e+00
8.159907460212707520e-01
3.329347372055053711e-01
4.052905738353729248e-02
1.420314073562622070e+00
3.994169235229492188e-01
7.572398986667394638e-03
2.913635969161987305e-02
4.923756420612335205e-02
9.455603361129760742e-01
1.398931026458740234e+00
1.824831217527389526e-01
1.369203448295593262e+00
1.365910172462463379e-01
4.083397090435028076e-01
4.026527702808380127e-02
1.248930916190147400e-01
6.195136904716491699e-02
1.008002646267414093e-02
5.108399316668510437e-03
2.514864206314086914e+00
7.852536439895629883e-02
3.187507092952728271e-01
3.573392331600189209e-02
1.673016399145126343e-01
3.435390293598175049e-01
1.255030464380979538e-02
2.093924209475517273e-02
1.213760115206241608e-02
2.462571021169424057e-03
1.506808549165725708e-01
8.485931903123855591e-02
3.114346414804458618e-02
3.913909792900085449e-01
7.955613732337951660e-01
1.322815716266632080e-01
2.216720104217529297e+00
2.232957258820533752e-02
9.895318187773227692e-03
1.100037455558776855e+00
1.699305653572082520e+00
5.273032933473587036e-02
2.243648469448089600e-01
3.335984889417886734e-03
1.232710123062133789e+00
5.440711379051208496e-01
1.034989878535270691e-01
7.587867230176925659e-02
3.110036253929138184e-02
7.517211139202117920e-02
1.556657195091247559e+00
3.592240810394287109e-01
2.258484251797199249e-02
4.210516065359115601e-02
2.334781922399997711e-02
5.408416967839002609e-03
1.586950942873954773e-02
8.263894319534301758e-01
2.383964601904153824e-03
5.934783220291137695e-01
4.866971373558044434e-01
4.224961623549461365e-02
9.426310658454895020e-02
1.165224388241767883e-01
9.178821928799152374e-03
5.837828516960144043e-01
4.654828831553459167e-02
1.613586068153381348e+00
2.263204380869865417e-02
5.694385245442390442e-02
6.869956254959106445e-01
1.680836794548667967e-05
3.172418475151062012e-02
8.358928561210632324e-02
3.087061047554016113e-01
2.258949279785156250e+00
4.487124830484390259e-02
2.591212034225463867e+00
2.070772275328636169e-02
2.130504101514816284e-01
2.650084206834435463e-03
1.906598567962646484e+00
1.250161409378051758e+00
3.213646113872528076e-01
2.668274799361824989e-03
6.470088846981525421e-03
5.093680620193481445e-01
8.943710476160049438e-02
2.258386611938476562e+00
2.968711964786052704e-02
3.901891782879829407e-02
1.740577459335327148e+00
5.920578166842460632e-02
1.413075476884841919e-01
1.146763920783996582e+00
5.677785351872444153e-02
3.742848336696624756e-01
7.715356349945068359e-02
1.229660436511039734e-01
7.016907632350921631e-02
1.743047952651977539e+00
2.034262521192431450e-03
2.429176419973373413e-01
1.356036663055419922e-01
2.159311808645725250e-02
6.091409159125760198e-05
4.404777526855468750e+00
9.044983424246311188e-03
7.409709505736827850e-03
1.555244177579879761e-01
5.478965640068054199e-01
4.685217440128326416e-01
2.400472760200500488e-01
5.022006109356880188e-02
9.023168087005615234e-01
2.341804094612598419e-02
7.254492044448852539e-01
9.659630013629794121e-04
4.181452095508575439e-03
1.068152666091918945e+00
1.821961253881454468e-02
5.266406014561653137e-02
1.550608575344085693e-01
8.153728395700454712e-02
2.638357639312744141e+00
9.450678825378417969e-01
2.685514390468597412e-01
3.761324167251586914e+00
1.590013317763805389e-02
5.921132087707519531e+00
2.079891227185726166e-02
8.897664397954940796e-02
6.950706988573074341e-02
4.679043292999267578e-01
3.878804743289947510e-01
9.131273627281188965e-01
8.269941061735153198e-02
1.424092292785644531e+00
1.076421976089477539e+00
1.308538368903100491e-03
9.043949842453002930e-02
5.911948904395103455e-02
3.697346663102507591e-03
5.195212084800004959e-03
1.822595149278640747e-01
6.789630651473999023e-02
3.697452843189239502e-01
7.693895604461431503e-03
4.404276907444000244e-01
1.582858085632324219e+00
5.129253268241882324e-01
6.312299966812133789e-01
1.965867042541503906e+00
9.637426137924194336e-01
1.504047960042953491e-01
2.325483858585357666e-01
2.096936106681823730e-02
4.818798303604125977e-01
2.225299626588821411e-01
2.372128516435623169e-01
1.017584931105375290e-02
3.387756645679473877e-01
2.949587702751159668e-01
7.513938099145889282e-02
1.229350566864013672e-01
2.063176155090332031e+00
4.889002069830894470e-02
5.419033765792846680e-02
2.216518484055995941e-02
1.480861380696296692e-02
1.438615560531616211e+00
9.879951830953359604e-04
3.312337026000022888e-02
4.245738685131072998e-01
7.163046002388000488e-01
4.500909328460693359e+00
3.907383382320404053e-01
1.963283538818359375e+00
6.014463026076555252e-03
3.581727147102355957e-01
9.482316672801971436e-02
4.833042323589324951e-01
9.648594073951244354e-03
2.499692738056182861e-01
2.719530344009399414e+00
8.893313258886337280e-02
1.122589111328125000e+00
2.027991600334644318e-02
7.680646609514951706e-03
8.080743551254272461e-01
1.868645548820495605e-01
3.399899601936340332e-02
1.323452740907669067e-01
1.448405832052230835e-01
1.022668361663818359e+00
1.637696102261543274e-02
9.480202794075012207e-01
4.743404570035636425e-04
9.383858181536197662e-03
1.242070436477661133e+00
7.055545449256896973e-01
2.796415053308010101e-02
3.936163149774074554e-03
3.165554106235504150e-01
2.163930237293243408e-01
5.632252097129821777e-01
1.039377808570861816e+00
2.695628069341182709e-02
6.017629429697990417e-02
3.950401544570922852e-01
4.107624590396881104e-01
3.666228614747524261e-03
4.373868927359580994e-02
9.226001501083374023e-01
1.019117832183837891e+00
2.318631112575531006e-01
1.199102178215980530e-01
6.087063997983932495e-02
8.203137665987014771e-02
3.602085113525390625e-01
4.381531476974487305e-01
2.163440585136413574e-01
1.862070262432098389e-01
3.560577705502510071e-02
2.046213299036026001e-02
3.400946259498596191e-01
6.707663089036941528e-02
3.416981399059295654e-01
3.076449222862720490e-02
1.639602333307266235e-01
6.562249362468719482e-02
2.413882732391357422e+00
3.750547468662261963e-01
4.434276372194290161e-03
1.476891245692968369e-02
1.251689672470092773e+00
1.506579816341400146e-01
4.454271197319030762e-01
1.236508367583155632e-03
7.155858725309371948e-02
6.732385605573654175e-02
1.404106318950653076e-01
1.982586644589900970e-02
2.719617784023284912e-01
1.568910181522369385e-01
4.369073808193206787e-01
9.146580100059509277e-02
5.034388974308967590e-03
1.977467656135559082e+00
7.415625732392072678e-03
2.927978336811065674e-01
1.626690387725830078e+00
5.351579189300537109e-01
2.485762238502502441e-01
7.003415375947952271e-02
1.095044538378715515e-01
1.665568351745605469e-01
1.772407293319702148e-01
4.727202355861663818e-01
1.446370035409927368e-02
4.736449569463729858e-02
1.720138788223266602e-01
1.467908322811126709e-01
5.582782253623008728e-02
5.874629598110914230e-03
1.020897030830383301e+00
3.231750428676605225e-01
4.540451765060424805e-01
5.132150053977966309e-01
7.230187766253948212e-03
2.526945173740386963e-01
5.000505447387695312e-01
1.508683059364557266e-02
2.645947217941284180e+00
8.418229222297668457e-01
2.945622615516185760e-02
7.019819319248199463e-02
5.585499107837677002e-02
4.237999767065048218e-02
2.360773738473653793e-03
3.728535771369934082e-01
1.304024159908294678e-01
1.798359863460063934e-02
2.039616554975509644e-01
1.803944632411003113e-02
2.120390534400939941e-01
1.294245421886444092e-01
2.308087190613150597e-03
1.798790991306304932e-01
3.794851480051875114e-03
2.812468819320201874e-02
2.489890307188034058e-01
9.227062761783599854e-02
2.157585136592388153e-02
1.454594545066356659e-02
1.654779553413391113e+00
1.622879147529602051e+00
6.808018684387207031e-02
7.733585685491561890e-02
1.162289142608642578e+00
5.520250415429472923e-04
1.712687313556671143e-02
2.589077949523925781e-01
2.170867770910263062e-01
1.092871055006980896e-01
1.072486281394958496e+00
2.399243973195552826e-02
1.234462976455688477e+00
2.629277529194951057e-03
9.737415313720703125e-01
2.895808935165405273e+00
1.063832491636276245e-01
4.109646379947662354e-02
2.110206931829452515e-01
2.258565835654735565e-02
3.232543468475341797e-01
1.559251546859741211e-01
5.159190297126770020e-01
9.292265176773071289e-01
2.778419852256774902e-01
1.176931709051132202e-01
1.052851378917694092e-01
2.344018667936325073e-01
1.769417524337768555e+00
2.911422252655029297e-01
3.734142184257507324e-01
4.188621342182159424e-01
2.960738353431224823e-02
6.223941445350646973e-01
1.348413079977035522e-01
5.507636666297912598e-01
2.973141908645629883e+00
2.824774265289306641e+00
1.856634855270385742e+00
8.105925321578979492e-01
2.121161699295043945e+00
1.209741473197937012e+00
2.429444789886474609e-01
2.663944475352764130e-02
3.215124309062957764e-01
4.430393129587173462e-02
1.763398528099060059e+00
5.036879330873489380e-02
3.255305767059326172e+00
1.677045375108718872e-01
6.260412931442260742e-01
2.178582549095153809e-02
1.641518995165824890e-02
9.864983148872852325e-03
1.260398924350738525e-01
1.476774215698242188e-01
3.651003912091255188e-02
1.841731309890747070e+00
5.143924713134765625e+00
1.546324014663696289e+00
9.754547476768493652e-02
3.180095553398132324e-01
5.641135852783918381e-03
7.005659937858581543e-01
8.448368753306567669e-04
3.472545370459556580e-02
1.188302874565124512e+00
5.900583229959011078e-03
5.135006457567214966e-02
7.567063570022583008e-01
4.774897694587707520e-01
6.474776566028594971e-02
2.224564850330352783e-01
8.957440964877605438e-03
5.444274544715881348e-01
2.673373520374298096e-01
2.513893246650695801e-01
7.591935992240905762e-01
6.446279585361480713e-02
3.104712009429931641e+00
4.415828734636306763e-02
2.300292626023292542e-02
2.273873537778854370e-01
3.408657312393188477e-01
1.207517198054119945e-04
5.423685908317565918e-02
2.277048490941524506e-02
2.001092135906219482e-01
3.674547187983989716e-04
2.155524641275405884e-01
2.989909984171390533e-02
3.737438917160034180e-01
5.869398266077041626e-02
3.849919885396957397e-02
1.252343297004699707e+00
8.262895047664642334e-02
8.326888680458068848e-01
2.180507220327854156e-02
4.763880372047424316e-02
2.365040481090545654e-01
2.014275873079895973e-03
2.248530648648738861e-02
6.054612398147583008e-01
1.324955374002456665e-01
3.219999372959136963e-02
4.071082919836044312e-02
6.368985027074813843e-02
1.872099339962005615e-01
1.355563290417194366e-03
2.594356238842010498e-02
1.044898629188537598e-01
1.060427948832511902e-01
3.174770474433898926e-01
3.041909635066986084e-01
4.218527674674987793e-02
5.661168601363897324e-03
4.183401539921760559e-02
1.241568207740783691e+00
2.359061717987060547e+00
2.149754464626312256e-01
6.501474883407354355e-03
1.960882186889648438e+00
1.443306922912597656e+00
2.032608836889266968e-01
1.971242427825927734e+00
1.460728168487548828e+00
1.267829239368438721e-01
8.751973509788513184e-02
1.493815183639526367e-01
7.707854732871055603e-03
1.424608635716140270e-03
1.848061569035053253e-02
6.831926107406616211e-01
1.446450114250183105e+00
1.903553307056427002e-01
2.773963212966918945e+00
3.706788420677185059e-01
3.342784047126770020e-01
1.895656343549489975e-03
9.724671840667724609e-01
1.020871028304100037e-01
4.445942342281341553e-01
8.964452892541885376e-02
2.598750114440917969e+00
2.255044430494308472e-01
2.161087840795516968e-01
2.291911980137228966e-03
8.758519887924194336e-01
5.807202681899070740e-02
5.920387059450149536e-02
8.060781285166740417e-03
1.328184455633163452e-01
5.436109304428100586e-01
5.829867720603942871e-01
1.165220141410827637e-01
1.191789865493774414e+00
2.698123216629028320e+00
4.190224111080169678e-01
1.035425346344709396e-02
9.231975302100181580e-03
1.004370152950286865e-01
3.301171958446502686e-01
2.704763650894165039e+00
5.881384946405887604e-03
2.522402524948120117e+00
1.951313912868499756e-01
1.003993153572082520e+00
2.536755800247192383e-01
5.839772522449493408e-02
2.152673527598381042e-02
5.716965794563293457e-01
3.808614611625671387e-01
4.886850118637084961e-01
1.247966848313808441e-02
1.725852489471435547e-03
2.014803409576416016e+00
2.472875267267227173e-01
7.277648150920867920e-02
3.203783035278320312e-01
7.062372565269470215e-02
4.194044694304466248e-02
1.260712265968322754e+00
4.186333119869232178e-01
1.154842615127563477e+00
7.451806217432022095e-02
2.717773914337158203e+00
2.298137359321117401e-02
7.466789484024047852e-01
1.106391310691833496e+00
8.388838768005371094e-01
3.155121803283691406e-01
2.275214433670043945e+00
1.631770879030227661e-01
1.034740507602691650e-01
7.594995666295289993e-03
2.459446191787719727e-01
1.177963148802518845e-02
3.981310874223709106e-02
7.386753335595130920e-03
5.528991576284170151e-03
6.764588505029678345e-02
9.130982682108879089e-03
2.155566774308681488e-02
1.313464045524597168e-01
1.299204528331756592e-01
2.379129827022552490e-01
1.340330123901367188e+00
3.969054203480482101e-03
1.609693765640258789e-01
1.425153911113739014e-01
8.758799731731414795e-02
6.401975154876708984e-01
7.812511920928955078e-01
1.356032397598028183e-02
7.584229577332735062e-03
1.363410949707031250e-01
3.553836047649383545e-02
2.500615119934082031e+00
1.970852166414260864e-02
2.383940815925598145e-01
1.133816912770271301e-01
6.221017241477966309e-01
5.214731395244598389e-02
8.521035313606262207e-02
3.061728784814476967e-03
2.465081363916397095e-01
5.871657654643058777e-02
4.406385589390993118e-03
2.826982410624623299e-03
2.536272816359996796e-02
8.278764784336090088e-02
9.961905479431152344e-01
1.768946051597595215e-01
1.198330987244844437e-02
2.309472300112247467e-02
1.397104740142822266e+00
2.400898486375808716e-01
1.025042403489351273e-02
6.129316329956054688e+00
6.035772562026977539e-01
7.450190931558609009e-02
2.685553550720214844e+00
5.324168875813484192e-02
1.797949895262718201e-02
6.771066784858703613e-01
1.051505804061889648e-01
1.373071689158678055e-02
3.364600241184234619e-02
2.125476002693176270e-01
2.416923195123672485e-01
1.135411672294139862e-02
4.284167289733886719e-01
3.168726861476898193e-01
1.223096847534179688e+00
1.556769132614135742e+00
3.455322682857513428e-01
2.512013912200927734e-02
1.404449902474880219e-02
5.542500019073486328e-01
1.447089761495590210e-01
7.057026028633117676e-03
3.271111287176609039e-03
8.935850113630294800e-02
9.877481460571289062e-01
2.092966996133327484e-02
4.414795041084289551e-01
2.907026052474975586e+00
1.683357357978820801e+00
2.945073604583740234e+00
2.428982853889465332e-01
5.974211096763610840e-01
1.636184930801391602e+00
6.573826670646667480e-01
2.372734099626541138e-01
5.187186226248741150e-02
1.192085801449138671e-05
1.963821172714233398e+00
9.325357079505920410e-01
1.009340643882751465e+00
6.786393467336893082e-03
1.122461706399917603e-01
1.770715811289846897e-03
1.331167947500944138e-02
5.264189466834068298e-02
3.836395218968391418e-02
4.598388075828552246e-01
2.021040767431259155e-02
1.629463881254196167e-01
3.745573759078979492e-02
2.409533131867647171e-03
7.250189036130905151e-02
1.257479041814804077e-01
7.946031093597412109e-01
1.868258230388164520e-02
2.664083801209926605e-02
2.587365508079528809e-01
4.565426409244537354e-01
2.482618331909179688e+00
3.530540168285369873e-01
1.690771430730819702e-02
1.266508102416992188e-01
1.455103278160095215e+00
2.867489755153656006e-01
1.484199762344360352e-01
4.298683404922485352e-01
8.555819094181060791e-02
2.088974714279174805e-01
1.301578804850578308e-02
1.529854238033294678e-01
6.953031569719314575e-02
6.830906271934509277e-01
6.544341444969177246e-01
2.455449998378753662e-01
5.285930819809436798e-03
2.044493565335869789e-03
1.454013943672180176e+00
9.112653881311416626e-02
7.328079342842102051e-01
9.794590622186660767e-02
7.438574433326721191e-01
4.600482583045959473e-01
6.006093025207519531e-01
1.694230735301971436e-01
1.905531971715390682e-03
5.044452548027038574e-01
1.504493117332458496e+00
4.079791009426116943e-01
5.636069923639297485e-02
3.339872881770133972e-02
3.711860775947570801e-01
4.442492499947547913e-02
5.069141276180744171e-03
6.155838370323181152e-01
1.142410397529602051e+00
7.773473858833312988e-01
1.334774732589721680e+00
2.351150035858154297e+00
9.808047115802764893e-02
1.698835134506225586e+00
2.343620732426643372e-02
4.546800553798675537e-01
1.851969003677368164e+00
7.016181945800781250e-01
6.710006594657897949e-01
1.965019665658473969e-02
2.577108442783355713e-01
1.141551733016967773e+00
3.321989253163337708e-02
2.646009251475334167e-02
1.375504970550537109e+00
1.172969937324523926e+00
1.494102627038955688e-01
1.250945568084716797e+00
3.987362086772918701e-01
1.153804183006286621e+00
8.843677639961242676e-01
3.686252534389495850e-01
2.796394228935241699e-01
2.057620882987976074e-01
2.777054673060774803e-03
3.126044273376464844e-01
1.426898717880249023e+00
1.110943183302879333e-01
2.612568140029907227e+00
2.117961049079895020e-01
1.278523504734039307e-01
3.339787013828754425e-03
1.732525825500488281e-01
7.495547086000442505e-02
1.046090498566627502e-01
1.699779968475922942e-04
1.702644117176532745e-02
3.572517633438110352e-01
1.162716932594776154e-02
8.819186687469482422e-02
9.929176419973373413e-02
1.739587783813476562e+00
5.775038525462150574e-02
8.719824999570846558e-02
2.254941128194332123e-02
2.330985292792320251e-02
2.085642099380493164e+00
1.997701376676559448e-01
1.397875249385833740e-01
9.623876214027404785e-01
4.396698996424674988e-02
1.052533760666847229e-01
1.541356835514307022e-02
1.376672506332397461e+00
6.405447493307292461e-04
1.874482631683349609e-02
1.449928760528564453e+00
5.326969623565673828e-01
4.034877121448516846e-01
5.307744443416595459e-02
3.612677007913589478e-02
3.435544669628143311e-03
3.443914353847503662e-01
1.154726892709732056e-01
6.466871500015258789e-01
6.646288186311721802e-02
9.115229249000549316e-01
3.459555804729461670e-01
2.593808472156524658e-01
3.116394579410552979e-01
2.302462160587310791e-01
2.156044542789459229e-01
4.573014739435166121e-04
1.077593915397301316e-04
5.664156079292297363e-01
3.967082202434539795e-01
6.367036104202270508e-01
1.387240767478942871e+00
6.745543330907821655e-03
6.805212050676345825e-02
6.821212591603398323e-04
3.393506407737731934e-01
8.086272282525897026e-04
4.582929909229278564e-01
1.693056896328926086e-02
1.201923470944166183e-02
1.457810521125793457e+00
1.200356893241405487e-02
1.699971109628677368e-01
8.897398365661501884e-04
6.290996074676513672e-01
2.845032326877117157e-02
7.992257177829742432e-02
1.430306863039731979e-02
1.333031177520751953e+00
1.866010069847106934e+00
4.395489767193794250e-02
5.536301434040069580e-02
1.159912440925836563e-02
8.220897316932678223e-01
6.938704252243041992e-01
1.971933841705322266e-01
2.354071855545043945e+00
1.229013204574584961e-01
7.501031160354614258e-01
1.046147346496582031e-01
6.564244627952575684e-03
7.778450101613998413e-02
2.932634763419628143e-02
1.502862274646759033e-01
3.207089602947235107e-01
4.587926566600799561e-01
3.723570704460144043e-02
1.922894120216369629e-01
1.841037392616271973e+00
2.508692741394042969e-01
2.478271909058094025e-02
5.632693171501159668e-01
7.539507932960987091e-03
2.384143620729446411e-01
3.125783987343311310e-03
4.423001315444707870e-03
5.591348279267549515e-03
6.786868721246719360e-02
1.920139074325561523e+00
1.572762280702590942e-01
1.329115629196166992e+00
5.038272738456726074e-01
3.342069976497441530e-04
5.103271082043647766e-02
9.201079607009887695e-02
2.046545445919036865e-01
8.506222367286682129e-01
1.628942966461181641e+00
1.692792892456054688e+00
3.065052926540374756e-01
1.057909987866878510e-02
8.320921915583312511e-04
1.303110837936401367e+00
5.888836383819580078e-01
1.693572662770748138e-02
1.016411066055297852e+00
3.197873884346336126e-04
6.645234227180480957e-01
2.038953453302383423e-01
6.487648934125900269e-04
2.993589080870151520e-02
2.819479405879974365e-01
2.041134357452392578e+00
1.970445990562438965e+00
2.144864052534103394e-01
1.084759473800659180e+00
7.434869408607482910e-01
5.684241056442260742e-01
2.412390232086181641e+00
1.402122434228658676e-02
7.475050538778305054e-02
1.245364919304847717e-02
4.098103046417236328e-01
2.161959856748580933e-01
2.626782357692718506e-01
1.059581398963928223e+00
9.203175306320190430e-01
3.181160660460591316e-03
3.978046029806137085e-02
1.414966420270502567e-03
1.034035310149192810e-01
1.196615993976593018e-01
8.109878301620483398e-01
1.447321753948926926e-02
4.006259143352508545e-01
1.765272617340087891e-01
9.917721035890281200e-05
1.779535531997680664e+00
1.716515719890594482e-01
6.348465681076049805e-01
4.686521589756011963e-01
4.542263969779014587e-02
1.812724955379962921e-02
1.585014909505844116e-02
8.998436853289604187e-03
1.416333112865686417e-02
2.013731002807617188e+00
6.046929862350225449e-03
7.206872571259737015e-03
1.279215812683105469e-01
4.783821702003479004e-01
2.577495574951171875e-01
7.110536098480224609e-02
1.378856692463159561e-02
1.094496369361877441e+00
1.388571977615356445e+00
6.941134110093116760e-03
1.391177996993064880e-02
9.841728955507278442e-03
1.404157042503356934e+00
7.732695899903774261e-03
5.795110017061233521e-02
3.175501897931098938e-02
8.663291484117507935e-02
1.365844607353210449e-01
2.983737885951995850e-01
6.441619247198104858e-02
1.786471962928771973e+00
4.247433841228485107e-01
9.357491217087954283e-05
6.624726057052612305e-01
4.984269291162490845e-02
3.500503003597259521e-01
2.157802730798721313e-01
3.240601718425750732e-02
1.983451470732688904e-02
2.197554260492324829e-01
2.876706421375274658e-01
2.541127204895019531e-01
2.336353994905948639e-02
2.408711612224578857e-01
6.983616352081298828e-01
6.969866156578063965e-02
2.564201116561889648e+00
6.088010072708129883e-01
1.014069318771362305e+00
3.938836455345153809e-01
6.444840431213378906e-01
6.497732996940612793e-01
2.156973123550415039e+00
1.864479482173919678e-01
1.735667109489440918e+00
6.592754721641540527e-01
1.266910433769226074e-01
5.727548599243164062e+00
2.112365067005157471e-01
2.084648758172988892e-01
2.008761838078498840e-02
1.604342251084744930e-03
4.956861138343811035e-01
4.511996507644653320e-01
6.905581057071685791e-02
3.530329093337059021e-02
1.097785830497741699e-01
1.911674290895462036e-01
5.441638082265853882e-02
6.423895712941884995e-03
2.564410686492919922e+00
3.091741539537906647e-02
6.518421769142150879e-01
6.024925112724304199e-01
1.581252813339233398e-01
1.653432399034500122e-01
2.170624256134033203e+00
1.169020682573318481e-02
1.838364839553833008e+00
6.203192472457885742e-01
1.659881696105003357e-02
1.623236536979675293e+00
1.702997833490371704e-01
2.845764160156250000e-03
4.358946979045867920e-01
1.447140276432037354e-01
6.930254697799682617e-01
9.310315549373626709e-02
2.563545703887939453e-01
1.987113356590270996e-01
7.961465716361999512e-01
2.333305180072784424e-01
8.166263997554779053e-02
1.242180347442626953e+00
6.580065190792083740e-02
4.550746083259582520e-01
1.699139922857284546e-02
9.765911102294921875e-02
3.594635054469108582e-02
5.749592557549476624e-03
8.561892807483673096e-02
2.205451965332031250e+00
1.111216321587562561e-01
2.249988317489624023e-01
1.718789637088775635e-01
3.669093549251556396e-01
8.680129051208496094e-01
1.656799614429473877e-01
1.388105899095535278e-01
4.912861436605453491e-02
2.035659551620483398e+00
2.667365074157714844e-01
3.328480944037437439e-02
1.990487277507781982e-01
9.644147939980030060e-04
2.002565145492553711e+00
1.035411208868026733e-01
1.167064070701599121e+00
7.750912569463253021e-03
1.941761523485183716e-01
1.924259185791015625e+00
1.017153486609458923e-01
2.666630148887634277e-01
2.294179797172546387e-01
4.460332989692687988e-01
7.501248121261596680e-01
1.879638910293579102e+00
5.340476520359516144e-03
6.914306282997131348e-01
7.572373747825622559e-01
3.394319713115692139e-01
7.013507187366485596e-02
6.270955801010131836e-01
2.188955545425415039e-01
3.849249184131622314e-01
1.878787726163864136e-01
1.876958370208740234e+00
1.117365155369043350e-02
3.176351487636566162e-01
1.024275459349155426e-02
1.006242394447326660e+00
7.386280596256256104e-02
7.605085968971252441e-01
4.814707040786743164e-01
1.341353058815002441e-01
1.534339785575866699e+00
1.313836127519607544e-01
9.931311607360839844e-01
5.428962111473083496e-01
4.363540410995483398e-01
6.716094613075256348e-01
1.080763177014887333e-03
8.142311125993728638e-02
6.386939901858568192e-03
1.007757782936096191e+00
3.324306756258010864e-02
3.017673641443252563e-02
1.195816397666931152e-01
2.065789252519607544e-01
1.011590287089347839e-01
5.109921693801879883e-01
1.054560020565986633e-02
5.196393728256225586e-01
2.916219234466552734e-01
7.456551790237426758e-01
1.985540270805358887e+00
2.025503478944301605e-02
7.821904867887496948e-02
6.722933799028396606e-02
1.235215738415718079e-02
5.544579774141311646e-02
3.497067093849182129e-02
1.053202867507934570e+00
1.998241096735000610e-01
2.306472510099411011e-01
2.580683529376983643e-01
8.911208808422088623e-02
7.505950331687927246e-01
2.731920719146728516e+00
3.844918683171272278e-02
1.372141957283020020e+00
8.555687963962554932e-02
1.578703075647354126e-01
8.332220315933227539e-01
9.429417848587036133e-01
5.482794046401977539e-01
1.216103434562683105e+00
9.068597555160522461e-01
4.343655109405517578e-01
7.295276522636413574e-01
1.426287647336721420e-02
6.056784987449645996e-01
1.667432114481925964e-02
8.492549657821655273e-01
4.595444202423095703e-01
1.532891631126403809e+00
4.920295253396034241e-02
4.934276454150676727e-03
4.924515378661453724e-04
1.165664056316018105e-03
2.918153768405318260e-03
5.975000187754631042e-02
5.844000577926635742e-01
1.470913994126021862e-03
1.530227661132812500e-01
9.575615823268890381e-02
5.445747449994087219e-02
1.545240432024002075e-01
9.977770447731018066e-01
6.351022720336914062e-01
1.191227976232767105e-02
4.713032245635986328e-01
3.986510634422302246e-01
1.595423966646194458e-01
4.138240125030279160e-03
5.924287438392639160e-01
2.710919380187988281e-01
1.667505800724029541e-01
1.038091480731964111e-01
1.178795620799064636e-01
1.025056242942810059e-01
5.856553316116333008e-01
6.446177959442138672e-01
7.533878087997436523e-01
8.667729794979095459e-02
7.614319324493408203e-01
7.757075428962707520e-01
1.774829328060150146e-01
9.959999471902847290e-03
8.654791712760925293e-01
1.440270394086837769e-01
9.984923899173736572e-02
1.500566303730010986e-01
6.161953881382942200e-02
2.797226421535015106e-02
6.871575862169265747e-02
1.154841780662536621e+00
9.853415936231613159e-02
3.730554890353232622e-04
7.674846798181533813e-02
1.044599294662475586e+00
1.628219895064830780e-02
1.212299801409244537e-02
3.145125135779380798e-02
1.930426061153411865e-02
3.365938067436218262e-01
1.035224318504333496e+00
2.036930173635482788e-01
3.458907306194305420e-01
2.417892962694168091e-01
7.931759580969810486e-03
4.371897578239440918e-01
1.530459821224212646e-01
2.718999385833740234e-01
3.664532601833343506e-01
3.724342346191406250e+00
2.094305306673049927e-01
8.373521566390991211e-01
3.189844489097595215e-01
3.575244219973683357e-03
2.552705444395542145e-02
6.215290632098913193e-03
8.870733529329299927e-02
2.742589712142944336e-01
1.162514314055442810e-01
1.337724626064300537e-01
5.404093116521835327e-02
1.788690686225891113e+00
6.975680589675903320e-02
3.253953531384468079e-02
9.111373685300350189e-03
5.248046517372131348e-01
1.994798704981803894e-02
6.576258689165115356e-02
2.403066158294677734e-01
2.912258207798004150e-01
1.602663546800613403e-01
1.324595570564270020e+00
1.862892389297485352e+00
6.902143955230712891e-01
1.473379041999578476e-02
1.190036311745643616e-01
1.813745349645614624e-01
9.508010745048522949e-01
2.801225706934928894e-02
1.499344259500503540e-01
3.235748410224914551e-01
1.978492140769958496e-01
1.417677879333496094e+00
3.043637238442897797e-02
3.400546073913574219e+00
1.476289987564086914e+00
5.974687337875366211e-01
1.815975904464721680e+00
8.250930905342102051e-02
2.814263105392456055e-03
2.537571489810943604e-01
1.618731184862554073e-04
1.026329874992370605e+00
1.566700786352157593e-01
2.386138401925563812e-02
5.038500204682350159e-02
1.319613456726074219e+00
1.242983564734458923e-01
1.812256686389446259e-02
4.221142232418060303e-01
2.441108226776123047e-04
3.823707997798919678e-01
1.076996102929115295e-01
1.827474497258663177e-02
2.791082253679633141e-03
1.806304812431335449e+00
1.178975775837898254e-01
4.724411293864250183e-03
2.426485717296600342e-02
3.694288730621337891e-01
9.033240079879760742e-01
4.010984003543853760e-01
1.734129898250102997e-02
8.859855532646179199e-01
7.124413549900054932e-02
4.783852025866508484e-03
5.591620206832885742e-01
1.375425755977630615e-01
1.972952634096145630e-01
2.282919436693191528e-01
3.020383596420288086e+00
1.383531242609024048e-01
1.763119250535964966e-01
1.148517709225416183e-03
3.839228674769401550e-02
2.172838300466537476e-01
1.169484332203865051e-01
6.053406000137329102e-01
2.428204864263534546e-01
4.108788073062896729e-02
9.149893885478377342e-04
2.483807802200317383e-01
2.058546058833599091e-02
8.151004090905189514e-03
2.634898200631141663e-02
3.658700883388519287e-01
3.043186366558074951e-01
8.810209035873413086e-01
5.966753959655761719e-01
4.629489034414291382e-03
3.570156991481781006e-01
2.875199168920516968e-02
8.008455038070678711e-01
3.455426394939422607e-01
1.396515220403671265e-01
3.502580896019935608e-02
4.689884372055530548e-03
4.144311249256134033e-01
6.711987257003784180e-01
9.486714377999305725e-03
1.772770732641220093e-01
2.772961184382438660e-02
2.043880373239517212e-01
2.385579794645309448e-02
1.157235383987426758e+00
7.186184078454971313e-02
1.640928149223327637e+00
1.164701282978057861e-01
5.515476688742637634e-03
3.691705688834190369e-02
6.718084812164306641e-01
2.329991161823272705e-01
2.773304581642150879e-01
3.244104385375976562e+00
2.230350226163864136e-01
3.324460238218307495e-03
1.170566683867946267e-04
1.625139236450195312e+00
1.212370157241821289e+00
2.275370433926582336e-02
8.108436129987239838e-03
7.842859625816345215e-02
1.476937681436538696e-01
4.907025396823883057e-01
8.380319178104400635e-02
1.844429671764373779e-01
1.168796047568321228e-01
2.440277189016342163e-01
6.335026621818542480e-01
2.926429547369480133e-02
1.302589774131774902e+00
1.792955040931701660e+00
4.085409455001354218e-03
1.701515763998031616e-01
5.665237456560134888e-02
4.856097698211669922e-01
1.009890902787446976e-02
2.218028306961059570e-01
1.237775921821594238e+00
1.661596298217773438e-01
1.253135036677122116e-02
1.802836209535598755e-01
9.648873209953308105e-01
4.592585377395153046e-03
9.118551015853881836e-01
3.044624030590057373e-01
2.200741879642009735e-02
1.335002481937408447e-01
5.356930568814277649e-02
6.786541938781738281e-01
1.067780017852783203e+00
3.663683831691741943e-01
1.512264132499694824e+00
8.973624208010733128e-04
2.559598445892333984e+00
7.908912748098373413e-02
1.924684457480907440e-02
3.589227497577667236e-01
6.585375666618347168e-01
8.138588629662990570e-03
1.154640674591064453e+00
2.315365225076675415e-01
1.899434626102447510e-02
2.379952967166900635e-01
6.880776491016149521e-04
4.180440679192543030e-02
1.526897072792053223e+00
1.007764250971376896e-03
5.554763227701187134e-02
6.356946229934692383e-01
2.403349149972200394e-03
4.738809466361999512e-01
6.126248091459274292e-02
5.411606431007385254e-01
1.249201774597167969e+00
1.051973626017570496e-01
2.056033350527286530e-03
3.220184147357940674e-02
5.313934683799743652e-01
2.626294791698455811e-01
1.033239811658859253e-01
1.102118611335754395e+00
9.787262678146362305e-01
3.255402743816375732e-01
5.148317813873291016e-01
1.641232490539550781e+00
3.310676291584968567e-02
2.393716247752308846e-03
1.951404094696044922e+00
2.622531726956367493e-02
1.220541000366210938e-01
3.267208635807037354e-01
3.296924114227294922e+00
1.016803507809527218e-04
1.384947001934051514e-01
3.813415169715881348e-01
8.849688172340393066e-01
8.061236143112182617e-01
4.519113525748252869e-02
8.559649437665939331e-02
5.192512273788452148e-01
2.405354171060025692e-04
3.864935040473937988e-01
2.359817177057266235e-02
1.912919990718364716e-02
4.352335631847381592e-01
1.774237491190433502e-02
4.776666164398193359e-01
2.621773183345794678e-01
6.918419152498245239e-02
1.807348579168319702e-01
1.409424662590026855e+00
6.143020838499069214e-02
1.805938780307769775e-03
2.436293661594390869e-02
1.804581135511398315e-01
4.747608900070190430e-01
3.843037411570549011e-02
1.529172956943511963e-01
9.881142973899841309e-01
5.821065306663513184e-01
3.735309243202209473e-01
9.434221386909484863e-01
5.214270949363708496e-01
3.380843997001647949e-01
3.606433421373367310e-02
1.485216021537780762e-01
6.736920773983001709e-02
8.699159026145935059e-01
6.771955490112304688e-01
3.333485126495361328e-02
1.376673430204391479e-01
4.432422518730163574e-01
3.918679356575012207e-01
6.831580400466918945e-02
3.243538439273834229e-01
5.808616988360881805e-03
2.451221942901611328e-01
1.046845223754644394e-02
6.009996309876441956e-02
8.992884308099746704e-03
1.304049789905548096e-02
3.042318858206272125e-02
1.127332076430320740e-01
1.049704313278198242e+00
9.550672173500061035e-01
2.449047863483428955e-01
6.703275139443576336e-04
2.079984545707702637e-02
2.048300579190254211e-03
8.666139910928905010e-05
4.991621375083923340e-01
2.281085252761840820e-01
3.843631744384765625e-01
3.585515171289443970e-02
9.013790637254714966e-02
1.752540916204452515e-01
3.836491107940673828e-01
6.474921852350234985e-02
4.567776918411254883e-01
5.622524023056030273e-01
1.758800819516181946e-02
2.123008016496896744e-03
7.319204807281494141e-01
1.726251393556594849e-01
5.169064179062843323e-02
9.791824268177151680e-04
8.600857257843017578e-01
1.754592657089233398e+00
1.434599906206130981e-01
5.154890008270740509e-03
1.223582401871681213e-01
1.810676418244838715e-02
1.250270158052444458e-01
3.912720978260040283e-01
8.375604152679443359e-01
2.162901878356933594e+00
5.522461235523223877e-02
4.961073771119117737e-02
2.007453329861164093e-02
1.225458756089210510e-01
2.040443383157253265e-02
5.320424437522888184e-01
3.841962814331054688e-01
3.645992651581764221e-02
5.169270038604736328e-01
8.442413527518510818e-04
3.545498251914978027e-01
1.708034873008728027e-01
1.145142242312431335e-01
2.312625199556350708e-01
4.542695879936218262e-01
1.600866764783859253e-01
2.303344942629337311e-02
2.265277385711669922e+00
8.162236772477626801e-03
1.320756878703832626e-02
2.974833361804485321e-02
7.140043377876281738e-02
2.233225293457508087e-02
1.053604558110237122e-01
1.627424478530883789e+00
2.627789020538330078e+00
4.812638461589813232e-01
2.593644559383392334e-01
2.402491122484207153e-02
1.000142423436045647e-03
6.482051219791173935e-03
7.847195491194725037e-03
3.668816089630126953e-01
1.218529790639877319e-02
1.449965406209230423e-02
1.582080274820327759e-01
5.188623815774917603e-02
4.209761694073677063e-02
2.117012627422809601e-02
6.026075221598148346e-03
1.471581775695085526e-02
1.470131158828735352e+00
1.312288939952850342e-01
2.453696541488170624e-02
3.194889798760414124e-02
1.843302277848124504e-03
3.043903037905693054e-02
6.182272732257843018e-02
7.025442272424697876e-02
1.571723222732543945e-01
1.793488860130310059e-02
2.012424618005752563e-01
7.507752776145935059e-01
3.008176945149898529e-02
1.655161730013787746e-03
6.540237665176391602e-01
9.237193316221237183e-02
1.819171011447906494e-01
3.771498426795005798e-02
5.302175879478454590e-03
6.213636994361877441e-01
2.521546185016632080e-02
3.255847990512847900e-01
3.396179676055908203e+00
5.486000776290893555e-01
6.758686620742082596e-03
4.271532595157623291e-01
6.878998875617980957e-02
1.611245330423116684e-03
1.310732960700988770e-02
6.376143544912338257e-02
1.399171911180019379e-02
7.471711840480566025e-03
2.469729334115982056e-01
1.801965236663818359e-01
1.550792658235877752e-04
2.890558838844299316e-01
1.104013323783874512e-01
2.473497241735458374e-01
6.428930759429931641e-01
2.213767729699611664e-03
4.138347804546356201e-01
1.588597148656845093e-01
6.268692016601562500e-02
2.369730710983276367e+00
1.642797328531742096e-02
5.574630945920944214e-02
1.942206501960754395e+00
1.356569528579711914e-01
2.670038305222988129e-02
1.190480813384056091e-01
1.609648168087005615e-01
2.320689521729946136e-02
7.817681431770324707e-01
9.470064193010330200e-03
1.222044453024864197e-01
8.067999780178070068e-02
3.071929141879081726e-02
1.184459403157234192e-01
4.897098839282989502e-01
2.450153678655624390e-01
7.553750276565551758e-02
1.403180062770843506e-01
1.908034235239028931e-01
1.317958086729049683e-01
9.949445128440856934e-01
2.980800569057464600e-01
2.134553194046020508e-01
3.505458682775497437e-02
3.556998372077941895e-01
7.962208241224288940e-02
2.126338891685009003e-03
7.760612294077873230e-03
1.260822415351867676e-01
1.765570789575576782e-02
1.385562936775386333e-03
9.930443167686462402e-01
9.386073350906372070e-01
4.091701935976743698e-03
3.066310659050941467e-02
5.963269472122192383e-01
5.589434504508972168e-01
1.558764934539794922e+00
7.547833323478698730e-01
3.582697361707687378e-02
4.345379769802093506e-03
1.717686355113983154e-01
1.438048958778381348e+00
9.632829427719116211e-01
1.084745672415010631e-04
1.993560045957565308e-02
1.266412585973739624e-01
1.391618549823760986e-01
1.136491307988762856e-03
3.320715725421905518e-01
1.215777024626731873e-01
4.331760108470916748e-01
1.899634599685668945e+00
5.174999833106994629e-01
4.525267481803894043e-01
2.399892359972000122e-01
1.241498708724975586e+00
1.099015116691589355e+00
7.293353229761123657e-02
3.980215173214673996e-03
2.275716513395309448e-01
7.571213692426681519e-02
3.645288944244384766e-01
1.491519212722778320e-01
9.861901402473449707e-01
1.992227137088775635e-01
3.657369852066040039e+00
3.197995573282241821e-02
1.197076067328453064e-01
1.388691744068637490e-04
1.194191575050354004e-01
3.261812686920166016e+00
2.434011995792388916e-01
3.843339383602142334e-01
1.792747061699628830e-04
5.261746421456336975e-02
2.504362583160400391e+00
1.781872846186161041e-02
6.789715290069580078e-01
3.252796828746795654e-01
1.218066439032554626e-01
2.369630575180053711e+00
4.162843897938728333e-02
1.694911043159663677e-03
8.797103539109230042e-03
2.409624159336090088e-01
2.770570516586303711e-01
5.269357562065124512e-02
1.367023736238479614e-01
1.299725919961929321e-01
6.937366127967834473e-01
5.631296895444393158e-03
5.838738083839416504e-01
2.681498229503631592e-01
2.066939175128936768e-01
2.336033880710601807e-01
1.244246494024991989e-02
6.393122076988220215e-01
9.545045904815196991e-03
1.529417484998703003e-01
3.455978119745850563e-03
1.902873441576957703e-02
1.133125089108943939e-02
2.934421598911285400e-01
2.041669934988021851e-02
3.314346075057983398e-01
6.587101146578788757e-03
1.102969273924827576e-01
1.001853704452514648e+00
2.611694335937500000e+00
2.831426262855529785e-01
3.286592066287994385e-01
1.188338994979858398e+00
1.729024648666381836e-01
1.475303471088409424e-01
1.645640134811401367e-01
1.482270658016204834e-01
1.303305327892303467e-01
3.654712438583374023e-01
1.489963848143815994e-02
4.864057898521423340e-01
7.666961550712585449e-01
1.999306082725524902e-01
1.756394952535629272e-01
2.658279798924922943e-02
1.233557984232902527e-01
8.613310754299163818e-02
4.741974920034408569e-02
1.208435595035552979e-01
1.680702529847621918e-02
9.318238496780395508e-01
5.577596835792064667e-03
4.701018333435058594e-01
5.733892694115638733e-02
1.073559522628784180e+00
6.569800376892089844e-01
5.348398685455322266e-01
1.119656562805175781e+00
2.022571116685867310e-02
6.940892338752746582e-01
3.183167278766632080e-01
2.983419038355350494e-02
9.036949835717678070e-03
2.066702544689178467e-01
2.295590788125991821e-01
1.497629582881927490e-01
1.641384959220886230e-01
1.925476491451263428e-01
7.295580953359603882e-02
3.300590217113494873e-01
1.111051082611083984e+00
2.028961107134819031e-02
1.076179370284080505e-01
2.285419940948486328e+00
9.956072270870208740e-02
1.902199238538742065e-01
3.981876671314239502e-01
1.963240861892700195e+00
8.043391280807554722e-04
8.447940349578857422e-01
5.256939912214875221e-04
7.739647408016026020e-04
3.959304988384246826e-01
1.799155957996845245e-02
4.448992665857076645e-03
5.032843947410583496e-01
8.539249747991561890e-02
2.641136050224304199e-01
4.076782613992691040e-02
3.508457243442535400e-01
3.244537115097045898e-02
1.858148723840713501e-02
6.601667497307062149e-03
3.386818766593933105e-01
6.982034537941217422e-04
6.188430786132812500e-01
1.622406840324401855e-01
9.852560469880700111e-04
4.374325573444366455e-01
2.882971242070198059e-02
1.144402631325647235e-05
4.936301112174987793e-01
2.970748580992221832e-02
1.757265925407409668e-01
1.028605736792087555e-02
1.902009993791580200e-01
6.536970734596252441e-01
2.347412109375000000e+00
1.086361780762672424e-01
2.319543709745630622e-04
6.480511426925659180e-01
5.509265661239624023e-01
4.113902803510427475e-03
2.614227533340454102e-01
1.419485211372375488e-01
1.531389653682708740e-01
4.052042365074157715e-01
1.049405485391616821e-01
9.631261229515075684e-01
3.175291121006011963e-01
9.449870884418487549e-02
5.000969171524047852e-01
7.968251109123229980e-01
2.092717647552490234e+00
1.152288261801004410e-02
6.113290786743164062e-01
2.537633478641510010e-01
8.712900876998901367e-01
4.038512706756591797e-03
3.779145777225494385e-01
1.521361827850341797e+00
1.911499947309494019e-01
6.050674915313720703e-01
2.128862440586090088e-01
4.002655856311321259e-03
2.416745185852050781e+00
6.459902971982955933e-03
7.553424239158630371e-01
1.404181867837905884e-01
6.930199861526489258e-01
3.541145473718643188e-02
5.268024746328592300e-03
1.048412561416625977e+00
8.368768692016601562e-01
7.407997250556945801e-01
4.031658470630645752e-01
1.553564906120300293e+00
1.682415962219238281e+00
1.115253046154975891e-01
1.037273287773132324e+00
8.837750554084777832e-02
4.500766992568969727e-01
3.089536726474761963e-01
9.321517944335937500e-01
9.391261935234069824e-01
9.480842202901840210e-02
1.045754671096801758e+00
4.302816987037658691e-01
1.191923022270202637e-02
3.437156230211257935e-02
3.298427760601043701e-01
1.982407093048095703e+00
1.456826739013195038e-02
1.270678592845797539e-03
2.494915854185819626e-03
3.472126424312591553e-01
1.873107194900512695e+00
6.692655086517333984e-01
1.209683194756507874e-01
2.877425551414489746e-01
1.803393602371215820e+00
5.262297391891479492e-01
4.088081717491149902e-01
8.094336986541748047e-01
8.191440999507904053e-02
7.010623347014188766e-03
3.362030267715454102e+00
5.109093338251113892e-02
3.612066619098186493e-03
1.437679290771484375e+00
3.357561945449560881e-04
1.246245503425598145e-01
8.320645093917846680e-01
2.841465175151824951e-01
1.294276863336563110e-01
8.657967299222946167e-02
8.134344220161437988e-02
1.308191567659378052e-02
5.683671832084655762e-01
2.745979130268096924e-01
3.098688786849379539e-03
1.211458593606948853e-01
3.887915238738059998e-02
6.849499884992837906e-03
1.988651975989341736e-02
1.830792874097824097e-01
8.550895005464553833e-02
5.258372426033020020e-01
3.390084207057952881e-01
1.175041198730468750e+00
7.852756381034851074e-01
3.411964654922485352e+00
1.405731439590454102e-01
1.663609966635704041e-02
1.126912459731101990e-01
2.809165604412555695e-02
4.352106153964996338e-02
5.657057762145996094e-01
6.482883472926914692e-04
4.727537631988525391e-01
1.074576750397682190e-01
3.695157766342163086e-01
8.044226095080375671e-03
3.145344927906990051e-02
3.581387519836425781e+00
9.855501353740692139e-02
2.411870844662189484e-02
4.788462817668914795e-02
9.296363592147827148e-01
1.698924005031585693e-01
3.636429086327552795e-02
1.079116016626358032e-02
7.185651361942291260e-02
9.748950251378118992e-04
3.164326846599578857e-01
3.036158084869384766e-01
2.850084006786346436e-02
1.384967705234885216e-03
2.575416117906570435e-03
7.097749710083007812e-01
1.225023195147514343e-01
1.776743680238723755e-02
3.832076489925384521e-01
4.862032830715179443e-03
1.228142380714416504e-01
3.122260808944702148e+00
3.674021959304809570e-01
4.470248313737101853e-05
4.495866894721984863e-01
2.707173526287078857e-01
5.516963005065917969e-01
2.094547271728515625e+00
4.319348633289337158e-01
1.394783735275268555e+00
1.138309359550476074e+00
1.729376614093780518e-01
1.929331421852111816e-01
1.030620634555816650e-01
7.702028751373291016e-01
5.984516143798828125e-01
8.373330347239971161e-04
2.558865547180175781e-01
1.334955636411905289e-02
4.958532750606536865e-02
3.184764937032014132e-04
3.967789411544799805e-01
3.618837101384997368e-03
2.506331307813525200e-03
3.546829521656036377e-02
2.036925256252288818e-01
1.192477822303771973e+00
2.057518437504768372e-02
7.148522417992353439e-03
4.933379292488098145e-01
1.183300837874412537e-01
1.372114777565002441e+00
2.252756953239440918e-01
1.284965430386364460e-03
2.529392838478088379e-01
1.270142436027526855e+00
1.164342928677797318e-02
2.936727106571197510e-01
6.989610195159912109e-02
1.083561871200799942e-02
6.306339055299758911e-02
6.052025128155946732e-03
2.832188844680786133e+00
5.365548729896545410e-01
1.634786844253540039e+00
2.984715066850185394e-02
7.476463317871093750e-01
9.507433176040649414e-01
9.302341495640575886e-04
4.480086732655763626e-03
1.128558889031410217e-01
6.236182898283004761e-02
5.911011714488267899e-03
1.979099512100219727e-01
1.652237027883529663e-01
4.475283026695251465e-01
6.647259928286075592e-03
1.081079125404357910e+00
1.012524366378784180e-01
1.763087697327136993e-02
5.915084481239318848e-01
1.629979163408279419e-02
9.074860718101263046e-04
4.786098599433898926e-01
1.170971035957336426e+00
4.246879577636718750e+00
2.748498916625976562e-01
1.055433988571166992e+00
4.470195770263671875e-01
3.597213029861450195e-01
6.491410136222839355e-01
4.662574827671051025e-01
6.691464036703109741e-02
9.811584353446960449e-01
3.958180844783782959e-01
2.172867022454738617e-02
4.655712284147739410e-03
5.443484187126159668e-01
2.088472433388233185e-02
1.821639388799667358e-01
4.021557271480560303e-01
4.055541157722473145e-01
5.857801064848899841e-03
1.788876503705978394e-01
1.907025463879108429e-02
2.989979088306427002e-01
8.401463925838470459e-02
1.164408475160598755e-01
2.235766686499118805e-02
1.162575464695692062e-02
3.845248222351074219e+00
8.435785770416259766e-02
9.494389407336711884e-03
6.866342425346374512e-01
3.450217097997665405e-02
1.131068468093872070e-01
2.019533216953277588e-01
3.257791399955749512e-01
2.047580033540725708e-01
4.286862444132566452e-03
1.191622495651245117e+00
6.307816505432128906e-02
4.938258230686187744e-02
1.061698198318481445e+00
5.031585320830345154e-02
1.271947175264358521e-01
9.694359302520751953e-01
1.330531954765319824e+00
7.661364041268825531e-03
7.672720588743686676e-03
1.326274219900369644e-02
1.996263265609741211e+00
9.612583555281162262e-03
2.816586196422576904e-01
2.320513486862182617e+00
2.668529376387596130e-02
1.594424486160278320e+00
2.900680992752313614e-03
1.033394634723663330e-01
4.425281286239624023e-01
1.001780033111572266e+00
2.337650507688522339e-01
1.312983989715576172e+00
2.301259525120258331e-02
5.358730554580688477e-01
2.706883288919925690e-02
3.729176241904497147e-03
8.790368214249610901e-03
1.595703512430191040e-02
1.951365917921066284e-02
6.098116282373666763e-03
6.360752135515213013e-02
1.047741807997226715e-02
4.099680855870246887e-02
4.037817418575286865e-01
2.456115931272506714e-02
9.169205278158187866e-02
2.285194158554077148e+00
8.857969194650650024e-02
5.282011628150939941e-02
9.393306374549865723e-01
1.013203039765357971e-01
3.334396332502365112e-02
7.778710220009088516e-03
1.847823848947882652e-03
1.034823283553123474e-01
1.668753772974014282e-01
8.201810996979475021e-04
1.034756600856781006e-01
7.197650265879929066e-04
1.399104595184326172e-01
2.995775640010833740e-02
4.635422024875879288e-03
3.012445382773876190e-02
6.589775532484054565e-02
1.100325509905815125e-01
1.045276643708348274e-03
6.310062948614358902e-03
2.521313959732651711e-03
1.006717085838317871e-01
2.889224052429199219e+00
7.545990496873855591e-02
2.815760485827922821e-02
1.055975537747144699e-02
1.820720359683036804e-02
1.552342891693115234e+00
1.688438177108764648e+00
2.201230973005294800e-01
3.929901719093322754e-01
4.713376984000205994e-03
6.477313581854104996e-03
1.124992035329341888e-02
7.891277223825454712e-02
3.077223710715770721e-02
3.561636060476303101e-02
1.233779266476631165e-02
9.652366489171981812e-02
4.774429500102996826e-01
7.690699398517608643e-02
7.991246879100799561e-03
1.668093681335449219e+00
1.354472041130065918e-01
4.944464564323425293e-02
7.321313489228487015e-03
9.498416632413864136e-02
1.387125402688980103e-01
9.881961887003853917e-05
1.765890121459960938e+00
7.170528173446655273e-02
9.241105616092681885e-02
5.712375044822692871e-03
3.960184380412101746e-02
3.714864701032638550e-02
2.534099481999874115e-02
1.901096254587173462e-01
2.147143147885799408e-02
8.634383082389831543e-01
3.789079785346984863e-01
5.756932497024536133e-02
3.458948107436299324e-03
2.014060318470001221e-01
2.290909737348556519e-01
5.372372455894947052e-03
5.270574092864990234e-01
5.750168487429618835e-02
6.562535166740417480e-01
1.972887068986892700e-01
1.023149490356445312e-01
1.541767735034227371e-02
3.779741227626800537e-01
1.176468655467033386e-01
1.584998130798339844e+00
1.659489125013351440e-01
1.383265759795904160e-02
4.006750509142875671e-02
8.695796877145767212e-02
1.188012119382619858e-02
5.537090823054313660e-02
2.776705324649810791e-01
2.005979269742965698e-01
1.322448104619979858e-01
5.432918071746826172e-01
8.590416610240936279e-02
1.207114011049270630e-01
6.174881458282470703e-01
1.388967782258987427e-02
1.897631882457062602e-04
7.812148332595825195e-02
9.896168708801269531e-01
4.525676369667053223e-02
3.164176344871520996e-01
7.976859807968139648e-02
1.293207406997680664e-01
6.193388253450393677e-04
4.024941325187683105e-01
1.030732870101928711e+00
3.112532198429107666e-02
9.831250309944152832e-01
2.518922686576843262e-01
2.651949226856231689e-01
2.905426546931266785e-02
7.476089987903833389e-03
5.009657740592956543e-01
2.916694581508636475e-01
4.496425390243530273e-01
3.799711540341377258e-02
8.655715733766555786e-02
4.279155731201171875e-01
2.326997995376586914e+00
3.872008919715881348e-01
8.370046317577362061e-02
3.089771270751953125e-01
9.531063586473464966e-02
4.857828617095947266e-01
3.514344245195388794e-02
6.615119054913520813e-04
1.839687824249267578e+00
2.043153159320354462e-02
1.229375414550304413e-02
1.042418531142175198e-03
1.070577558130025864e-02
6.390111893415451050e-02
7.232030630111694336e-01
7.831071615219116211e-01
1.192056462168693542e-01
3.846776857972145081e-02
5.228320136666297913e-02
2.196467071771621704e-01
6.527791917324066162e-02
2.564029097557067871e-01
2.090305685997009277e-01
7.396754622459411621e-01
2.206098735332489014e-01
2.576001919806003571e-02
1.694657355546951294e-01
3.256889283657073975e-01
1.009284332394599915e-01
2.835587074514478445e-04
1.680411696434020996e-01
1.979407668113708496e-02
2.677192389965057373e-01
4.867487773299217224e-02
7.103304266929626465e-01
6.928641349077224731e-02
1.081272363662719727e-01
8.876767754554748535e-01
3.590690195560455322e-01
7.522435188293457031e-01
2.246596151962876320e-03
1.308917164802551270e+00
4.169071908108890057e-04
5.882831811904907227e-01
7.833049446344375610e-02
5.475986003875732422e-01
2.284158468246459961e-01
3.122218884527683258e-03
8.505018055438995361e-02
8.380773067474365234e-01
1.637684702873229980e-01
4.669142514467239380e-02
6.570112705230712891e-01
3.293097317218780518e-01
1.168360840529203415e-02
2.265001833438873291e-01
9.097057580947875977e-01
4.538937658071517944e-02
2.714046975597739220e-03
9.040246903896331787e-02
8.019037544727325439e-03
2.010974138975143433e-01
5.858504772186279297e-02
2.583481669425964355e-01
3.965016920119524002e-03
6.213306784629821777e-01
1.786993294954299927e-01
3.974872175604104996e-03
1.310522794723510742e+00
6.143962591886520386e-02
8.071529865264892578e-02
2.806060714647173882e-03
5.101921558380126953e-01
3.663347288966178894e-02
2.247544378042221069e-01
1.553470361977815628e-02
1.587010622024536133e-01
2.295361459255218506e-01
1.550294160842895508e-01
3.689388977363705635e-03
7.181899622082710266e-03
1.101933643221855164e-01
3.536925613880157471e-01
1.151154041290283203e+00
5.614490061998367310e-02
1.677249968051910400e-01
2.889051660895347595e-02
5.335098132491111755e-02
2.675051568076014519e-03
1.478911563754081726e-02
2.019271373748779297e+00
2.593845827504992485e-03
3.148112595081329346e-01
8.595481514930725098e-02
1.457968473434448242e+00
6.548450142145156860e-02
2.994514629244804382e-02
3.427676483988761902e-02
9.572047565598040819e-05
1.576526314020156860e-01
1.102618053555488586e-01
6.512413173913955688e-02
4.103209018707275391e+00
1.592987626791000366e-01
1.247329115867614746e+00
1.971436589956283569e-01
2.726007997989654541e-01
1.622238196432590485e-02
8.002370595932006836e-02
6.392846703529357910e-01
5.764001607894897461e-01
2.262461930513381958e-01
4.243564903736114502e-01
6.525188088417053223e-01
3.181050717830657959e-01
4.249699786305427551e-02
3.401377499103546143e-01
5.158389210700988770e-01
7.181975841522216797e-01
1.333883523941040039e+00
4.046186059713363647e-02
6.213383674621582031e-01
7.641595005989074707e-01
2.370582520961761475e-01
6.437394022941589355e-02
7.973755002021789551e-01
1.276853773742914200e-02
2.014648437500000000e+00
4.051103023812174797e-04
6.097206473350524902e-01
2.710967324674129486e-02
2.191471159458160400e-01
1.825835742056369781e-02
3.095162212848663330e-01
1.052811741828918457e+00
5.607825703918933868e-03
2.911378629505634308e-03
1.527958393096923828e+00
4.994555562734603882e-02
1.094115618616342545e-02
7.055607438087463379e-02
2.709528505802154541e-01
6.716754436492919922e-01
3.974724411964416504e-01
6.524062156677246094e-02
5.717133283615112305e-01
1.086931228637695312e+00
3.071110546588897705e-01
2.684719860553741455e-02
8.830673694610595703e-01
4.575134441256523132e-02
1.328884959220886230e+00
7.232081145048141479e-03
5.486447736620903015e-02
3.229337185621261597e-02
5.517587661743164062e-01
5.725423097610473633e-01
4.373149946331977844e-02
3.083893284201622009e-02
1.286759078502655029e-01
1.639857053756713867e+00
6.143289804458618164e-02
7.448520511388778687e-03
4.448604211211204529e-02
8.629058487713336945e-03
5.905889272689819336e-01
2.203702330589294434e-01
4.418135620653629303e-03
1.038363352417945862e-01
1.376134306192398071e-01
1.241524457931518555e+00
6.398299592547118664e-04
5.893822759389877319e-02
2.500922791659832001e-02
1.064099371433258057e-01
1.154295206069946289e+00
4.694678783416748047e-01
8.909409642219543457e-01
2.405133098363876343e-03
3.738925233483314514e-02
2.064665220677852631e-02
6.504969000816345215e-01
1.524146646261215210e-02
1.870730072259902954e-01
1.660866476595401764e-02
5.923398211598396301e-02
7.749939560890197754e-01
1.637751609086990356e-01
4.173419475555419922e-01
1.206528767943382263e-02
1.393905375152826309e-02
2.387034706771373749e-02
6.373728066682815552e-02
2.123754471540451050e-01
1.385116047458723187e-04
5.272326469421386719e-01
3.396051004528999329e-02
1.362206414341926575e-02
2.855369746685028076e-01
2.273645997047424316e-02
1.644212519749999046e-03
3.266701996326446533e-01
7.336620986461639404e-02
9.313030540943145752e-02
6.269531697034835815e-02
2.632761746644973755e-02
4.724641442298889160e-01
2.742365896701812744e-01
7.778956205584108829e-04
3.341833591461181641e+00
5.154793262481689453e-01
1.189330369234085083e-01
4.385927915573120117e-01
1.573339477181434631e-02
3.496593534946441650e-01
1.848672479391098022e-01
2.149686589837074280e-02
1.924320101737976074e+00
1.917523443698883057e-01
7.141539361327886581e-03
1.477124840021133423e-01
1.334743853658437729e-02
1.806138873100280762e+00
4.003483653068542480e-01
6.248161792755126953e-01
3.469571590423583984e+00
1.006303261965513229e-02
2.765761222690343857e-03
2.039765939116477966e-02
1.653491519391536713e-02
8.103206008672714233e-02
4.693623185157775879e-01
2.664284229278564453e+00
2.085595130920410156e-01
2.182894706726074219e+00
1.311356574296951294e-02
1.725756973028182983e-01
2.506376206874847412e-01
1.693053245544433594e-01
1.314615726470947266e+00
1.361720561981201172e-01
5.293172597885131836e-01
6.648656129837036133e-01
1.299252151511609554e-03
2.842761389911174774e-02
3.805789649486541748e-01
3.404211401939392090e-01
5.874242782592773438e-01
1.981978863477706909e-02
9.328941814601421356e-03
3.637773394584655762e-01
5.532840490341186523e-01
3.134578000754117966e-03
1.034671783447265625e+00
1.344741463661193848e+00
5.280950106680393219e-03
1.232295576483011246e-02
2.770278602838516235e-03
2.104657739400863647e-01
6.513506174087524414e-01
2.505685091018676758e-01
1.861734688282012939e-01
3.397938966751098633e+00
1.564783453941345215e-01
2.092545628547668457e-01
8.216894268989562988e-01
1.377750635147094727e-01
3.046285174787044525e-02
1.130838871002197266e+00
2.251865267753601074e-01
1.427223205566406250e+00
9.172347784042358398e-01
8.534387685358524323e-03
4.525676369667053223e-02
2.901540994644165039e-01
4.574785940349102020e-03
2.946479059755802155e-02
4.556972682476043701e-01
1.806978940963745117e+00
1.651744358241558075e-02
8.138168603181838989e-02
1.912078857421875000e-01
3.762260377407073975e-01
8.396334201097488403e-02
8.535539358854293823e-02
3.091475963592529297e-01
1.390681834891438484e-03
9.786244034767150879e-01
2.141773223876953125e+00
3.357315063476562500e-02
1.162549331784248352e-01
9.234552085399627686e-02
4.388322995509952307e-04
3.677274333313107491e-03
1.216483950614929199e+00
5.478920415043830872e-02
7.905268110334873199e-03
3.819315228611230850e-03
3.512999508529901505e-03
1.849034190177917480e+00
5.482124397531151772e-04
2.595077455043792725e-01
6.870952248573303223e-02
1.526455879211425781e+00
4.780392050743103027e-01
1.214551091194152832e+00
2.633273124694824219e+00
7.216535806655883789e-01
3.396606683731079102e+00
2.838554084300994873e-01
6.571593135595321655e-02
9.064494967460632324e-01
1.645019203424453735e-01
1.672594845294952393e-01
5.771134048700332642e-02
3.796434998512268066e-01
8.592302799224853516e-01
2.116963714361190796e-01
1.209059953689575195e-01
2.245927602052688599e-01
1.468645036220550537e-02
1.014906261116266251e-02
5.165531039237976074e-01
1.395732462406158447e-01
2.970563434064388275e-02
7.314551621675491333e-02
2.677721716463565826e-02
3.314996659755706787e-01
2.894953191280364990e-01
5.528857186436653137e-02
4.397128242999315262e-03
7.633934170007705688e-02
7.661012560129165649e-02
5.473745055496692657e-03
2.941652492154389620e-04
1.687881112098693848e+00
3.074581623077392578e+00
2.730042934417724609e+00
1.173284486867487431e-03
7.897343635559082031e-01
1.853116974234580994e-02
2.011051774024963379e-02
1.489353086799383163e-02
1.140059471130371094e+00
2.001625895500183105e-01
2.589222490787506104e-01
2.022397667169570923e-01
1.995364436879754066e-04
7.157741189002990723e-01
1.266793757677078247e-01
8.988014459609985352e-01
8.677341341972351074e-01
1.045860290527343750e+00
7.463170886039733887e-01
6.066243629902601242e-03
3.122906088829040527e-01
9.936861693859100342e-02
8.146464824676513672e-02
1.127578094601631165e-01
2.350483685731887817e-01
1.363758649677038193e-02
1.204023599624633789e+00
3.702744841575622559e-01
1.106106583029031754e-02
2.774684727191925049e-01
3.523240610957145691e-02
1.646631240844726562e+00
3.100857734680175781e-01
5.044497251510620117e-01
5.048236623406410217e-02
1.044717073440551758e+00
1.352351345121860504e-02
7.117038127034902573e-03
1.948839306831359863e+00
1.108924299478530884e-02
1.849872320890426636e-01
7.240786403417587280e-02
4.573980867862701416e-01
9.864469757303595543e-04
5.051183328032493591e-02
9.211071580648422241e-02
7.379866242408752441e-01
4.063377380371093750e-01
7.518059611320495605e-01
1.709404706954956055e+00
1.342827975749969482e-01
2.679485976696014404e-01
4.809619486331939697e-02
7.382781803607940674e-02
3.134728223085403442e-02
3.817957639694213867e-02
1.999645233154296875e+00
1.893694847822189331e-01
2.069200724363327026e-01
1.956535130739212036e-01
8.736724853515625000e-01
7.188414037227630615e-02
4.352511763572692871e-01
3.957758843898773193e-01
7.481157034635543823e-02
4.038415253162384033e-01
8.495097607374191284e-02
1.565723307430744171e-02
4.728445317596197128e-03
4.769563302397727966e-02
1.390273272991180420e-01
2.220139503479003906e-01
3.407043218612670898e-02
1.070879516191780567e-03
3.006527423858642578e-01
3.344053924083709717e-01
1.809323430061340332e-01
1.050603866577148438e+00
2.179507493972778320e+00
1.036744832992553711e+00
7.273580133914947510e-02
1.710976473987102509e-02
1.456413120031356812e-01
1.877100169658660889e-01
2.052263915538787842e-01
1.570487767457962036e-02
1.020105630159378052e-01
1.194549817591905594e-02
3.495404422283172607e-01
2.849963903427124023e-01
1.503356695175170898e-01
3.939844202250242233e-03
3.995532169938087463e-03
3.131331503391265869e-02
4.517442882061004639e-01
6.485349535942077637e-01
8.429529517889022827e-02
3.365303203463554382e-02
1.384874463081359863e+00
2.615579128265380859e+00
4.241043701767921448e-03
5.477064847946166992e-01
1.036593317985534668e-02
6.116935014724731445e-01
4.669989943504333496e-01
2.818798720836639404e-01
2.767720222473144531e-01
2.614415483549237251e-03
2.082746773958206177e-01
1.273035556077957153e-01
2.477726191282272339e-01
2.978192865848541260e-01
6.438804557546973228e-04
2.185067653656005859e+00
8.404387831687927246e-01
1.008213043212890625e+00
5.763564109802246094e-01
9.440976381301879883e-02
2.836816310882568359e-01
9.429150819778442383e-01
1.343977265059947968e-02
5.441244244575500488e-01
8.867417275905609131e-02
2.962950170040130615e-01
1.829724758863449097e-01
9.839285910129547119e-02
2.533255815505981445e-01
7.816039770841598511e-02
7.655512690544128418e-01
1.881560683250427246e-02
7.939653992652893066e-01
8.029217272996902466e-02
1.505423188209533691e-01
2.490295656025409698e-02
5.082301050424575806e-02
4.677343070507049561e-01
9.381850250065326691e-03
6.293813884258270264e-02
3.022911548614501953e-01
7.839994430541992188e-01
4.929271340370178223e-02
3.719927370548248291e-01
3.317959606647491455e-01
2.821207642555236816e-01
2.360773738473653793e-03
7.007451057434082031e-01
5.402808189392089844e-01
3.517619371414184570e-01
7.297310829162597656e-01
2.255261391401290894e-01
5.164614878594875336e-03
4.755181670188903809e-01
9.770949929952621460e-02
1.367241144180297852e+00
2.978068888187408447e-01
6.027811169624328613e-01
2.241673767566680908e-01
4.615910293068736792e-04
9.563237428665161133e-01
8.520783483982086182e-02
1.746310949325561523e+00
2.680520527064800262e-03
7.068336755037307739e-02
7.617193460464477539e-01
4.163301363587379456e-02
2.187557220458984375e-01
6.194536089897155762e-01
3.011871576309204102e-01
4.200686216354370117e-01
5.291043519973754883e-01
2.597912251949310303e-01
8.987916517071425915e-04
1.284373044967651367e+00
7.775207608938217163e-02
1.119130328297615051e-01
9.272841736674308777e-03
3.334616422653198242e+00
1.012888364493846893e-02
2.138069272041320801e-01
2.906388044357299805e+00
7.178903222084045410e-01
2.210908532142639160e-01
2.536367416381835938e+00
5.141763091087341309e-01
1.160839498043060303e-01
5.205203592777252197e-02
1.588135957717895508e-02
1.473668813705444336e-01
6.615119054913520813e-04
2.913080342113971710e-02
1.086744591593742371e-01
3.727941513061523438e-01
1.002286095172166824e-03
5.134017206728458405e-03
3.981381058692932129e-01
8.265144228935241699e-01
1.148018717765808105e+00
1.682264655828475952e-01
3.670934736728668213e-01
1.901207433547824621e-04
5.645962953567504883e-01
2.954864799976348877e-01
1.591135382652282715e+00
2.395926974713802338e-02
2.798385731875896454e-02
3.455193340778350830e-01
1.032456398010253906e+00
2.232642471790313721e-02
2.015465637668967247e-03
7.147324085235595703e-02
9.706266969442367554e-02
1.264872699975967407e-01
9.165699481964111328e-01
9.114645421504974365e-02
1.322734206914901733e-01
2.379414588212966919e-01
5.207700729370117188e-01
6.658509839326143265e-03
3.232233822345733643e-01
5.906656384468078613e-02
3.473968803882598877e-01
7.040470838546752930e-01
1.913844197988510132e-01
2.441945552825927734e+00
4.805324599146842957e-02
4.646109342575073242e-01
2.634967863559722900e-02
1.276303410530090332e+00
1.020258516073226929e-01
2.259206771850585938e-02
1.162838697433471680e+00
5.429918691515922546e-02
5.620983894914388657e-03
1.005404070019721985e-01
7.254523783922195435e-02
2.592553377151489258e+00
8.809156715869903564e-03
2.577767707407474518e-02
3.305913135409355164e-02
5.902627706527709961e-01
3.120678663253784180e-01
5.123432725667953491e-02
8.374596387147903442e-02
7.603711634874343872e-02
4.279959946870803833e-02
7.318761944770812988e-02
3.376311779022216797e+00
3.579520620405673981e-03
6.823200583457946777e-01
8.752260804176330566e-01
7.097727060317993164e-01
4.163170233368873596e-03
1.908856272697448730e+00
8.283450454473495483e-02
3.116516768932342529e-01
4.018460512161254883e-01
2.725294589996337891e+00
3.644475340843200684e-02
1.226664111018180847e-01
2.701563993468880653e-03
1.657752037048339844e+00
4.099181387573480606e-03
1.826916784048080444e-01
1.090342365205287933e-02
7.170206904411315918e-01
9.201694130897521973e-01
9.058035016059875488e-01
1.926169037818908691e+00
7.872612476348876953e-01
1.187559440732002258e-01
3.766791522502899170e-02
1.084375753998756409e-01
4.079666361212730408e-02
2.129312604665756226e-03
8.282121419906616211e-01
2.081312239170074463e-01
3.124921023845672607e-01
9.980640560388565063e-02
3.713568747043609619e-01
1.155865415930747986e-01
4.627608776092529297e+00
8.232005685567855835e-02
1.453525386750698090e-02
1.849524304270744324e-02
2.710932254791259766e+00
2.776880189776420593e-02
1.126296892762184143e-01
1.612467505037784576e-02
1.145779038779437542e-03
7.568139582872390747e-03
2.289178036153316498e-02
2.856813967227935791e-01
2.056669890880584717e-01
1.636499911546707153e-02
7.006466984748840332e-01
5.455438494682312012e-01
5.893192291259765625e-01
2.821052074432373047e-01
8.567692339420318604e-02
1.531722082290798426e-04
1.822059601545333862e-01
1.021524369716644287e-01
8.884187787771224976e-03
2.880873507820069790e-04
2.855645120143890381e-02
2.494295500218868256e-02
1.116280630230903625e-02
9.846704006195068359e-01
2.052068710327148438e-01
1.071308832615613937e-02
2.175704343244433403e-03
1.815969347953796387e-01
3.748900592327117920e-01
6.876849103718996048e-03
3.236755847930908203e+00
6.230928935110569000e-03
4.917366313748061657e-04
1.094531640410423279e-01
3.127557039260864258e-01
1.375357031822204590e+00
6.309038400650024414e-01
1.521516684442758560e-02
1.122790947556495667e-01
3.253407077863812447e-03
1.171849489212036133e+00
1.424149513244628906e+00
5.094127655029296875e-01
1.442451179027557373e-01
1.176261226646602154e-03
3.377374112606048584e-01
1.155624270439147949e+00
1.073982238769531250e+00
1.636155247688293457e+00
4.671849012374877930e-01
1.244723680429160595e-03
4.149930179119110107e-01
3.080899640917778015e-02
2.800430357456207275e-01
8.699966594576835632e-03
1.857629656791687012e+00
1.718236249871551991e-03
1.594767570495605469e+00
6.451552510261535645e-01
9.085214883089065552e-02
2.459908962249755859e+00
4.874616861343383789e-01
1.415853053331375122e-01
1.487604737281799316e+00
7.863500118255615234e-01
4.291548728942871094e-01
1.119225518777966499e-03
7.403928041458129883e-02
1.434348970651626587e-01
6.301604211330413818e-02
3.848669677972793579e-02
9.396146982908248901e-02
6.322841644287109375e-01
4.387033283710479736e-01
5.854851007461547852e-01
2.204237461090087891e+00
6.431771069765090942e-02
1.492752432823181152e-01
9.812218137085437775e-03
3.912141323089599609e-01
3.768628835678100586e-01
1.033266261219978333e-02
2.591298222541809082e-01
8.301881551742553711e-01
2.426405698060989380e-01
1.272454023361206055e+00
6.122049875557422638e-03
5.624317005276679993e-02
1.004922166466712952e-01
3.207533359527587891e-01
3.855765163898468018e-01
3.480912148952484131e-01
7.408335208892822266e-01
8.764134719967842102e-03
2.864239811897277832e-01
5.486131832003593445e-02
1.110722348093986511e-01
1.508020520210266113e+00
1.759292744100093842e-02
5.139570310711860657e-02
2.796009182929992676e-02
3.228766024112701416e-01
1.116792201995849609e+00
2.541058957576751709e-01
7.027302053757011890e-04
1.301811933517456055e-01
3.489845693111419678e-01
6.095629334449768066e-01
4.684420675039291382e-02
4.351609230041503906e+00
2.090523242950439453e-01
2.930474877357482910e-01
1.347817331552505493e-01
6.077023744583129883e-01
3.676351308822631836e-01
1.354253734461963177e-03
9.958111681044101715e-03
1.214079380035400391e+00
7.143072783946990967e-02
1.021947339177131653e-01
1.311677813529968262e+00
2.726856708526611328e+00
9.533476829528808594e-01
7.248873007483780384e-04
1.429850161075592041e-01
5.277985706925392151e-03
1.056707948446273804e-01
2.918406389653682709e-02
4.345736000686883926e-03
8.574388921260833740e-02
5.583287216722965240e-03
9.283310920000076294e-02
2.242433140054345131e-03
6.411988139152526855e-01
1.243450939655303955e-01
1.907944679260253906e-01
4.518841207027435303e-01
1.235313341021537781e-01
1.840048551559448242e+00
4.621626138687133789e-01
2.384849041700363159e-01
5.553252249956130981e-02
5.062714815139770508e-01
4.126389324665069580e-01
2.436646958813071251e-03
1.952418126165866852e-02
2.903081178665161133e-01
1.530310869216918945e+00
3.465998768806457520e-01
9.098004549741744995e-02
2.204368449747562408e-02
4.291083663702011108e-02
9.764387607574462891e-01
3.550748527050018311e-01
1.129496991634368896e-01
3.925714176148176193e-03
4.444730877876281738e-01
2.789673328399658203e+00
4.551354050636291504e-02
1.571789026260375977e+00
1.956801861524581909e-02
1.826929599046707153e-01
2.193373203277587891e+00
2.218791395425796509e-01
1.852308362722396851e-01
3.824165090918540955e-02
4.907890409231185913e-02
1.746220141649246216e-02
2.344226278364658356e-02
3.890063762664794922e-01
2.508641779422760010e-01
2.314205765724182129e-01
2.940865233540534973e-02
7.177695035934448242e-01
1.523214340209960938e+00
1.676298379898071289e+00
3.247156739234924316e-02
8.650493621826171875e-01
1.547734439373016357e-01
7.309744358062744141e-01
1.730392426252365112e-01
1.794685274362564087e-01
3.198445960879325867e-02
6.405472755432128906e-01
1.621930450201034546e-01
1.310953617095947266e+00
1.165259405970573425e-01
6.350572407245635986e-02
3.274484276771545410e-01
1.153395976871252060e-02
1.785021066665649414e+00
4.892573058605194092e-01
6.652070879936218262e-01
2.708368375897407532e-02
5.789061076939105988e-03
6.889181733131408691e-01
1.468847990036010742e-01
7.611698657274246216e-02
3.590535223484039307e-01
6.312874704599380493e-02
6.584272533655166626e-02
3.358907401561737061e-01
1.671325117349624634e-01
3.198272082954645157e-03
7.298604846000671387e-01
1.797857880592346191e-01
5.949112772941589355e-02
2.156791044399142265e-03
6.759062409400939941e-02
5.294942762702703476e-03
2.110973728122189641e-04
2.100881887599825859e-03
4.693708121776580811e-01
2.365274667739868164e+00
7.866200804710388184e-02
4.196290858089923859e-03
3.242840617895126343e-02
1.093372702598571777e-02
4.257780965417623520e-03
4.303211346268653870e-02
6.851559281349182129e-01
1.438133139163255692e-02
8.994894027709960938e-01
8.186312913894653320e-01
1.177597884088754654e-02
3.945187665522098541e-03
1.250286120921373367e-02
4.254429414868354797e-02
1.052962660789489746e+00
1.269074440002441406e+00
1.982601404190063477e+00
5.576297640800476074e-01
6.036147009581327438e-03
9.986750483512878418e-01
1.351046264171600342e-01
6.520617604255676270e-01
7.353619672358036041e-03
1.969278156757354736e-01
3.149680495262145996e-01
3.830321133136749268e-01
3.337438106536865234e-01
3.560698032379150391e-01
1.220272667706012726e-02
1.687911152839660645e-01
9.429923295974731445e-01
3.227685391902923584e-01
2.172606140375137329e-01
2.169554308056831360e-02
2.303448738530278206e-03
1.041553974151611328e+00
3.208728972822427750e-03
5.510408878326416016e-01
5.370321869850158691e-01
2.458646893501281738e-03
1.223173341713845730e-03
2.303142070770263672e+00
3.107725083827972412e-02
1.059229150414466858e-01
1.980027183890342712e-02
2.766615450382232666e-01
4.291403666138648987e-02
2.634317614138126373e-02
4.699363231658935547e+00
2.152013629674911499e-01
1.642070531845092773e+00
6.961493194103240967e-02
8.344052433967590332e-01
3.192106485366821289e-01
1.965148188173770905e-02
1.524568200111389160e-01
1.224329948425292969e+00
6.737400591373443604e-02
9.000885486602783203e-01
1.640124469995498657e-01
4.215647652745246887e-02
1.477877888828516006e-02
1.899939728900790215e-03
6.332140564918518066e-01
6.506192088127136230e-01
7.366012334823608398e-01
1.732711195945739746e-01
7.330899126827716827e-03
1.205381035804748535e+00
7.734707091003656387e-03
7.608351111412048340e-02
6.820255890488624573e-03
3.032703697681427002e-01
3.868009150028228760e-01
1.054749727249145508e+00
1.647569239139556885e-01
2.383634597063064575e-01
3.866153001785278320e+00
1.280394792556762695e-01
7.705026119947433472e-02
3.065351210534572601e-02
1.180363595485687256e-01
3.406301736831665039e+00
9.049753844738006592e-02
6.509106606245040894e-02
7.069809827953577042e-03
7.714890241622924805e-01
1.084797158837318420e-01
8.440102636814117432e-02
1.433172821998596191e+00
2.317299880087375641e-02
3.722284361720085144e-02
1.889481186866760254e+00
8.084417134523391724e-02
1.438804507255554199e+00
7.537500560283660889e-02
8.264433145523071289e-01
7.030464708805084229e-02
1.577881574630737305e+00
4.058156013488769531e-01
6.964128464460372925e-02
6.256300210952758789e-01
2.068331837654113770e-02
7.720521092414855957e-02
3.818795084953308105e-01
1.720042055239900947e-04
9.151257574558258057e-02
8.535040616989135742e-01
4.560901224613189697e-01
2.828302979469299316e-01
3.629853576421737671e-02
2.348790876567363739e-02
1.055062487721443176e-01
2.840771572664380074e-03
2.465034872293472290e-01
2.260869136080145836e-03
2.095479721901938319e-04
5.828482285141944885e-02
9.660646319389343262e-02
4.192695766687393188e-02
4.122495353221893311e-01
2.442898452281951904e-01
3.537026420235633850e-02
8.840156197547912598e-01
3.646360337734222412e-02
1.645503282546997070e+00
5.446909666061401367e-01
3.143965965136885643e-03
9.722438454627990723e-02
1.195017769932746887e-01
9.243474900722503662e-02
5.652123928070068359e+00
4.536437094211578369e-01
2.090452760457992554e-01
1.622049063444137573e-01
5.997755099087953568e-03
7.084842771291732788e-03
1.461709260940551758e+00
6.234760284423828125e-01
5.702826380729675293e-01
8.115341514348983765e-02
1.544729769229888916e-01
2.067215973511338234e-03
1.463569641113281250e+00
8.899332284927368164e-01
5.851638037711381912e-03
8.229554295539855957e-01
3.743118345737457275e-01
7.230644226074218750e-01
5.878084301948547363e-01
1.106954887509346008e-01
7.189311436377465725e-04
5.552451610565185547e-01
7.268610596656799316e-01
5.468426942825317383e-01
1.831880927085876465e+00
6.510483622550964355e-01
2.463812828063964844e+00
4.886021614074707031e-01
4.480393528938293457e-01
2.308973312377929688e+00
6.353906542062759399e-02
3.748019784688949585e-02
1.477629840373992920e-01
3.741614520549774170e-01
3.890462815761566162e-01
7.257719039916992188e-01
6.404726952314376831e-02
1.070105843245983124e-02
4.508996963500976562e+00
6.950122714042663574e-01
3.090736083686351776e-02
4.482815973460674286e-03
8.779382109642028809e-01
1.002847909927368164e+00
8.731317520141601562e-01
3.605455905199050903e-02
3.917975351214408875e-02
1.294913589954376221e-01
2.203668840229511261e-02
2.945796214044094086e-02
1.340497493743896484e+00
6.082139611244201660e-01
2.737752906978130341e-02
8.704167604446411133e-02
6.795533746480941772e-02
7.262145280838012695e-01
1.068031787872314453e+00
3.938251361250877380e-02
7.062427699565887451e-02
7.340366020798683167e-03
1.625053212046623230e-02
2.045967988669872284e-02
3.301507234573364258e-02
8.754242658615112305e-01
1.257284641265869141e+00
4.555140435695648193e-01
3.032816410064697266e+00
8.314806967973709106e-02
4.936238527297973633e-01
1.366898417472839355e-02
8.601189255714416504e-01
2.287977933883666992e-02
3.184051811695098877e-01
3.699467778205871582e-01
3.578882217407226562e+00
1.950830817222595215e+00
1.288883537054061890e-01
2.447559386491775513e-01
9.387305378913879395e-01
1.143891960382461548e-01
4.794076085090637207e-02
1.464228052645921707e-02
5.452641285955905914e-03
1.108628988265991211e+00
9.372356534004211426e-02
1.203189194202423096e-01
1.376552134752273560e-02
3.773851692676544189e-02
1.352468039840459824e-03
6.549847722053527832e-01
1.145418882369995117e+00
1.507520489394664764e-02
5.816913326270878315e-04
1.136997640132904053e-01
6.597259044647216797e-01
5.153616666793823242e-01
3.632037714123725891e-02
9.299713969230651855e-01
4.878759849816560745e-03
1.874535828828811646e-01
2.572423592209815979e-02
7.614538073539733887e-02
3.543623387813568115e-01
1.901434361934661865e-01
9.175198525190353394e-02
8.714331388473510742e-01
2.305255271494388580e-02
7.345482707023620605e-02
2.248041145503520966e-02
1.140255760401487350e-02
8.501755446195602417e-02
7.532645948231220245e-03
1.540868878364562988e-01
1.352081537246704102e+00
4.211551845073699951e-01
2.091916278004646301e-02
3.324743807315826416e-01
3.287008106708526611e-01
1.118836179375648499e-01
1.410485506057739258e-01
1.300485879182815552e-01
2.826388226822018623e-03
9.153650701045989990e-02
5.613955855369567871e-01
1.959786517545580864e-03
1.555003374814987183e-01
9.693991541862487793e-01
7.668727636337280273e-01
4.897058606147766113e-01
8.907392621040344238e-02
2.069487795233726501e-02
9.813885688781738281e-01
4.316136613488197327e-02
1.039090752601623535e-01
4.648035764694213867e-02
3.683904558420181274e-02
8.611046522855758667e-02
2.133771032094955444e-02
2.827719151973724365e-01
5.969908088445663452e-03
7.068325281143188477e-01
8.217709511518478394e-02
1.001752018928527832e-01
2.534655630588531494e-01
6.942644119262695312e-01
2.007780410349369049e-02
6.245344132184982300e-02
9.931836128234863281e-01
7.802336812019348145e-01
9.410563707351684570e-01
1.144345290958881378e-02
1.476742327213287354e-01
7.668580394238233566e-03
3.214847743511199951e-01
5.133987590670585632e-02
1.006298780441284180e+00
6.849972605705261230e-01
7.998347878456115723e-01
5.477995052933692932e-02
3.469996154308319092e-03
4.003842473030090332e-01
8.797258487902581692e-05
1.035248301923274994e-02
4.505679011344909668e-02
2.314368337392807007e-01
6.236194074153900146e-02
1.371514648199081421e-01
1.655531764030456543e+00
1.416295170783996582e+00
5.023071914911270142e-02
6.971312686800956726e-04
5.176070928573608398e-01
3.295982256531715393e-02
2.199502289295196533e-01
1.782777190208435059e+00
4.370580673217773438e+00
7.818587124347686768e-02
7.655160129070281982e-02
7.603015899658203125e-01
2.540908157825469971e-01
3.022108078002929688e-01
3.162890672683715820e-01
2.469944000244140625e+00
3.322501659393310547e+00
2.815800011157989502e-01
4.681014120578765869e-01
1.935341060161590576e-01
1.934495009481906891e-02
4.458831623196601868e-02
3.354490920901298523e-02
1.942891743965446949e-03
5.846105217933654785e-01
2.165831392630934715e-03
1.926161944866180420e-01
2.619821429252624512e-01
3.981608524918556213e-02
2.316651582717895508e+00
2.036074161529541016e+00
1.101125846616923809e-03
6.325650215148925781e-01
1.629262268543243408e-01
3.323222100734710693e-01
3.132769763469696045e-01
6.192589998245239258e-01
2.338539600372314453e+00
4.094608128070831299e-01
5.367497801780700684e-01
1.086598145775496960e-03
1.135826185345649719e-01
2.777479887008666992e-01
3.154304577037692070e-03
2.374616414308547974e-01
4.292269051074981689e-01
1.039070822298526764e-02
1.852753877639770508e+00
1.599856652319431305e-02
1.771293173078447580e-04
2.893516063690185547e+00
8.998810499906539917e-02
2.780149877071380615e-02
4.367838501930236816e-01
3.674781084060668945e+00
1.788106858730316162e-01
1.134808044298551977e-04
1.178143993020057678e-01
1.090094726532697678e-02
4.948523044586181641e-01
3.002740070223808289e-02
1.488600373268127441e-01
2.661598920822143555e-01
1.253488287329673767e-02
4.995734095573425293e-01
1.740995235741138458e-02
2.507444024085998535e-01
6.618332862854003906e-01
1.706206798553466797e-02
2.247155010700225830e-01
4.312389791011810303e-01
1.823822408914566040e-02
2.483129799365997314e-01
2.463667094707489014e-01
1.211958080530166626e-01
9.675733000040054321e-02
2.377891540527343750e+00
4.524965286254882812e+00
2.086032368242740631e-02
1.277489542961120605e+00
1.120407104492187500e+00
9.893312118947505951e-03
8.117572963237762451e-02
1.003584116697311401e-01
3.427941584959626198e-03
6.363906711339950562e-02
5.189327001571655273e-01
6.570047698915004730e-03
6.615505814552307129e-01
6.767997890710830688e-02
7.343699336051940918e-01
3.187260031700134277e-01
1.963786333799362183e-01
2.598807811737060547e-01
1.101090088486671448e-01
1.173004388809204102e+00
4.782570600509643555e-01
8.628522604703903198e-02
9.707267745397984982e-04
5.531462654471397400e-02
1.279965159483253956e-03
1.818076125346124172e-03
2.765760421752929688e-01
1.262456327676773071e-01
1.484596356749534607e-02
1.345539689064025879e+00
6.527726650238037109e-01
3.223530530929565430e+00
4.212698936462402344e-01
5.901502445340156555e-04
2.502447962760925293e-01
2.673506969586014748e-04
9.039604067802429199e-01
1.463695049285888672e+00
3.150640130043029785e-01
5.776971578598022461e-03
3.740928173065185547e+00
2.144250273704528809e-01
2.908911406993865967e-01
2.550806701183319092e-01
2.190537564456462860e-02
1.640905499458312988e+00
1.271767616271972656e-01
1.782675266265869141e+00
1.015735268592834473e+00
3.253572806715965271e-02
1.677412986755371094e+00
5.571905374526977539e-01
1.291635036468505859e+00
5.509214401245117188e-01
1.495906263589859009e-01
9.132835865020751953e-01
2.956995368003845215e-01
1.027648970484733582e-01
1.177959918975830078e+00
1.584497839212417603e-01
8.811643347144126892e-04
2.610715329647064209e-01
1.550578922033309937e-01
2.987980246543884277e-01
5.622127056121826172e-01
2.421339899301528931e-01
1.840735413134098053e-02
2.099097473546862602e-03
2.204718887805938721e-01
1.307779550552368164e+00
2.729520201683044434e-04
1.726721823215484619e-01
4.784951359033584595e-02
1.390164017677307129e+00
8.280736207962036133e-01
7.867503882152959704e-05
1.408657175488770008e-03
3.699565231800079346e-01
6.094860434532165527e-01
7.397817075252532959e-02
6.832292675971984863e-02
1.163765601813793182e-02
8.248318731784820557e-02
7.280509471893310547e-01
1.652305480092763901e-03
5.776141211390495300e-02
2.358665913343429565e-01
1.337616145610809326e-01
5.278291553258895874e-02
1.123335435986518860e-01
1.180251598358154297e+00
1.000978946685791016e+00
1.335826050490140915e-02
5.279022455215454102e-01
4.250202327966690063e-02
1.423537638038396835e-02
2.699251651763916016e+00
7.821837789379060268e-04
1.478772401809692383e+00
1.664596349000930786e-01
4.204994440078735352e-01
1.015280842781066895e+00
1.934961974620819092e-01
1.146524176001548767e-01
1.112670898437500000e+00
3.603039309382438660e-03
1.423795372247695923e-01
1.194995284080505371e+00
8.491102457046508789e-01
2.535701729357242584e-03
4.672339186072349548e-02
3.572840243577957153e-02
1.838038297137245536e-04
5.364319682121276855e-02
2.511153742671012878e-02
4.043173491954803467e-01
1.960297115147113800e-02
6.896804571151733398e-01
3.192924894392490387e-03
1.566437482833862305e+00
2.134986519813537598e-01
1.132771465927362442e-02
4.073417559266090393e-02
1.289131164550781250e+00
6.383296847343444824e-01
1.064024209976196289e+00
8.894054591655731201e-02
1.736205769702792168e-03
1.114197298884391785e-01
1.143933296203613281e+00
1.042822673916816711e-01
9.255361743271350861e-03
8.869658708572387695e-01
1.250787675380706787e-01
1.194966956973075867e-01
1.548128575086593628e-01
3.809543251991271973e-01
3.589712828397750854e-02
1.460637450218200684e-01
2.975620329380035400e-02
2.637774050235748291e-01
2.508133351802825928e-01
1.095167756080627441e+00
1.705137193202972412e-01
2.189309895038604736e-01
4.481562599539756775e-02
1.571595966815948486e-01
8.091288805007934570e-02
2.406215108931064606e-02
1.934727132320404053e-01
8.071699142456054688e-01
5.270398035645484924e-02
3.061675429344177246e-01
1.454383041709661484e-02
2.119475230574607849e-02
2.336749993264675140e-02
5.264000296592712402e-01
3.754334896802902222e-02
1.210558176040649414e+00
3.977622091770172119e-02
2.499077558517456055e+00
1.347576361149549484e-02
1.250107139348983765e-01
1.225071072578430176e+00
4.238102734088897705e-01
5.731314793229103088e-02
7.917354702949523926e-01
1.005274534225463867e+00
7.808675616979598999e-02
3.494754731655120850e-01
7.514194250106811523e-01
2.677523493766784668e-01
2.354822307825088501e-02
4.521486461162567139e-01
8.178447186946868896e-02
2.864714264869689941e-01
4.281410202383995056e-02
1.819253414869308472e-01
1.533832121640443802e-02
8.687525391578674316e-01
2.200298756361007690e-02
5.300441384315490723e-02
1.440098047256469727e+00
3.175303339958190918e-01
9.175284951925277710e-02
8.601776361465454102e-01
6.207180976867675781e+00
8.177100419998168945e-01
3.142849728465080261e-02
2.074034363031387329e-01
1.027173474431037903e-01
7.202424854040145874e-02
4.868611693382263184e-02
1.826233789324760437e-02
5.119649693369865417e-02
3.219814300537109375e+00
8.584027737379074097e-02
7.683402299880981445e-02
3.498865664005279541e-01
1.026305332779884338e-01
1.117683481425046921e-02
1.954035162925720215e-01
3.062425851821899414e-01
6.599197983741760254e-01
2.014803886413574219e-01
4.620203971862792969e-01
1.676717698574066162e-01
8.978549242019653320e-01
2.563168993219733238e-03
7.148641161620616913e-03
5.078363895416259766e+00
1.039045676589012146e-01
2.881824597716331482e-02
1.945964805781841278e-02
1.592852547764778137e-02
2.710178308188915253e-02
1.114423424005508423e-01
3.563484642654657364e-03
2.922289073467254639e-01
9.306785464286804199e-02
2.998552918434143066e-01
1.354467749595642090e+00
9.219290316104888916e-02
4.709342960268259048e-03
2.744857668876647949e-01
2.046530246734619141e+00
1.483772993087768555e+00
2.676363848149776459e-02
2.837225794792175293e-01
3.218135237693786621e-01
1.314128935337066650e-01
2.043190002441406250e+00
2.067712880671024323e-02
1.158093139529228210e-01
5.026720762252807617e-01
4.199599266052246094e+00
3.151577711105346680e-01
1.273014545440673828e-01
1.210332941263914108e-02
2.844932256266474724e-03
2.754467539489269257e-03
1.099924087524414062e+00
8.717836439609527588e-02
3.472628593444824219e-01
1.175938248634338379e+00
3.054012954235076904e-01
2.227594375610351562e+00
7.450559735298156738e-01
6.793766617774963379e-01
3.150704503059387207e-02
6.792827248573303223e-01
1.040052399039268494e-01
7.993730716407299042e-03
1.143210381269454956e-01
2.315226569771766663e-02
1.014132261276245117e+00
8.513584733009338379e-03
5.338963121175765991e-02
3.092549741268157959e-01
1.939453333616256714e-01
1.579110044986009598e-03
1.416536867618560791e-01
1.090566348284482956e-02
3.052302598953247070e-01
2.472224645316600800e-02
3.777839541435241699e-01
1.147864535450935364e-01
5.950945615768432617e-01
7.357288151979446411e-03
1.500074267387390137e+00
3.013763949275016785e-02
4.226141571998596191e-01
3.918605446815490723e-01
1.806354522705078125e-01
5.013917088508605957e-01
8.826775550842285156e-01
7.243538498878479004e-01
6.292100995779037476e-02
2.360529154539108276e-01
2.212649583816528320e-01
2.573980391025543213e-02
9.367869496345520020e-01
3.818127792328596115e-03
2.510802745819091797e-01
2.183328151702880859e+00
1.034691214561462402e+00
2.835590243339538574e-01
5.306682083755731583e-03
3.994728326797485352e-01
1.270690263481810689e-04
4.487580806016921997e-02
1.553736686706542969e+00
3.756240755319595337e-02
1.530568487942218781e-02
6.249521300196647644e-02
2.018961310386657715e-02
3.038197755813598633e-01
1.313144899904727936e-02
2.578650601208209991e-02
2.258819043636322021e-01
1.175334546132944524e-04
1.324134180322289467e-03
1.286422088742256165e-02
5.762896686792373657e-02
1.306332707405090332e+00
5.035812500864267349e-03
8.282546997070312500e-01
3.037825524806976318e-01
5.758363753557205200e-03
1.874876767396926880e-01
1.644060373306274414e+00
1.036552190780639648e+00
1.713236868381500244e-01
1.480379793792963028e-02
9.593412280082702637e-02
1.736960709095001221e-01
2.234146185219287872e-02
2.860288619995117188e-01
7.425920367240905762e-01
1.020786762237548828e+00
8.925547450780868530e-02
1.572239995002746582e+00
7.523389458656311035e-01
1.428555399179458618e-01
1.116563566029071808e-02
1.509324461221694946e-01
1.262305397540330887e-02
1.059007197618484497e-01
7.402908802032470703e-01
1.481845080852508545e-01
1.328474096953868866e-02
3.321811091154813766e-04
9.900078773498535156e-01
5.307687819004058838e-02
5.540965590626001358e-03
4.050384163856506348e-01
2.477190457284450531e-02
6.630135327577590942e-02
7.072016596794128418e-01
3.393488470464944839e-03
2.470680952072143555e+00
4.664830490946769714e-02
1.211809217929840088e-01
4.840973854064941406e+00
9.631820023059844971e-02
2.335628747940063477e+00
3.130299737676978111e-03
1.916478271596133709e-03
7.177165243774652481e-03
9.600374698638916016e-01
3.648320436477661133e-01
3.873374685645103455e-02
1.685390365310013294e-03
2.096746265888214111e-01
3.763267025351524353e-02
9.369892627000808716e-02
2.870502471923828125e-01
9.039887785911560059e-01
3.565689086914062500e+00
3.692833473905920982e-03
1.719846725463867188e-01
1.589772701263427734e-01
2.712500095367431641e-01
5.787512660026550293e-01
1.454206835478544235e-02
2.095862105488777161e-02
1.681991666555404663e-01
1.132630091160535812e-02
4.466150403022766113e-01
1.492196917533874512e-01
1.941177606582641602e+00
9.055354595184326172e-01
1.124512672424316406e+00
6.147722005844116211e-01
5.961692333221435547e-02
4.937835503369569778e-03
1.191288232803344727e-01
2.873871922492980957e-01
1.433295458555221558e-01
1.710912585258483887e+00
4.436619579792022705e-02
4.704295992851257324e-01
9.038987159729003906e-01
1.845588684082031250e+00
7.064527273178100586e-02
1.116978153586387634e-01
2.670600116252899170e-01
1.593603380024433136e-02
3.000997006893157959e-03
2.939591929316520691e-02
5.569440126419067383e-01
3.054691292345523834e-02
1.483779400587081909e-01
4.177942574024200439e-01
2.047328501939773560e-01
1.109589412808418274e-01
3.905334472656250000e-01
1.142954640090465546e-02
6.206787228584289551e-01
4.116598665714263916e-01
6.733525395393371582e-01
2.921746075153350830e-01
6.715639233589172363e-01
4.942051172256469727e-01
1.768455505371093750e-01
2.235415624454617500e-03
5.248852446675300598e-02
2.033424973487854004e-01
5.004721283912658691e-01
1.687361955642700195e+00
1.047845780849456787e-01
2.647677063941955566e-01
8.319393396377563477e-01
2.731706500053405762e-01
5.457437634468078613e-01
1.188353538513183594e+00
1.372349858283996582e+00
8.103619813919067383e-01
1.037230435758829117e-02
7.661123871803283691e-01
3.102919161319732666e-01
5.838693976402282715e-01
9.900730103254318237e-02
1.702761277556419373e-02
1.458586215972900391e+00
2.657919935882091522e-02
4.341309964656829834e-01
8.259061574935913086e-01
9.695058315992355347e-02
7.238590624183416367e-03
3.127686977386474609e-01
7.615432888269424438e-02
3.805215060710906982e-01
9.235645993612706661e-04
9.343113750219345093e-03
8.168958425521850586e-01
3.078498840332031250e-01
1.247945070266723633e+00
2.004715681076049805e+00
2.519124448299407959e-01
2.341529726982116699e-01
2.500087320804595947e-01
1.561902165412902832e+00
5.427677631378173828e-01
7.987015843391418457e-01
3.962678313255310059e-01
4.168869927525520325e-02
6.790444850921630859e-01
5.867813155055046082e-02
3.318068385124206543e-01
8.242873474955558777e-03
2.039316147565841675e-01
7.970545291900634766e-01
2.053185738623142242e-02
4.025611653923988342e-02
1.672776699066162109e+00
7.473612576723098755e-02
3.052515983581542969e-01
3.252033591270446777e-01
5.831958055496215820e-01
3.383271163329482079e-03
1.330575823783874512e+00
3.629856109619140625e-01
7.908494025468826294e-02
5.615681409835815430e-01
1.392118446528911591e-02
1.216058135032653809e+00
2.684325352311134338e-02
7.842087652534246445e-04
3.821552395820617676e-01
4.797020927071571350e-03
1.612789273262023926e+00
8.390908688306808472e-02
2.866090973839163780e-03
2.674084663391113281e+00
2.278308391571044922e+00
9.382136631757020950e-04
8.282780647277832031e-02
6.173071861267089844e-01
4.827193543314933777e-02
8.060308173298835754e-03
1.724534988403320312e+00
4.158681631088256836e-01
1.876281946897506714e-01
2.614296507090330124e-03
7.075934112071990967e-02
4.803521931171417236e-01
1.911832392215728760e-02
2.144208431243896484e+00
5.824028700590133667e-02
8.165611624717712402e-01
9.741484373807907104e-02
5.149434786289930344e-03
1.239138126373291016e+00
1.485879868268966675e-01
1.381428599357604980e+00
2.186766592785716057e-03
5.846283212304115295e-02
1.458977341651916504e+00
4.844146966934204102e-01
1.812806911766529083e-02
2.846312709152698517e-04
6.398705840110778809e-01
2.137634038925170898e+00
9.832966327667236328e-01
8.344302477780729532e-05
3.973803482949733734e-03
2.619418501853942871e-01
1.476894103689119220e-04
1.677519083023071289e-01
1.379599273204803467e-01
6.428870838135480881e-03
4.765505716204643250e-02
9.565249681472778320e-01
2.896301262080669403e-02
2.554648399353027344e+00
2.602488696575164795e-01
5.486064031720161438e-02
1.831511557102203369e-01
4.549040496349334717e-01
1.180920191109180450e-02
7.579435408115386963e-02
2.311825379729270935e-02
3.437789902091026306e-02
1.894942484796047211e-03
5.583864450454711914e-02
5.071502923965454102e-02
4.531471990048885345e-03
4.304170608520507812e-01
7.697840780019760132e-02
3.709730133414268494e-02
1.538028717041015625e-01
4.810078144073486328e-01
1.573768556118011475e-01
1.393476247787475586e+00
8.729274384677410126e-03
9.041501283645629883e-01
6.809591650962829590e-01
9.194359928369522095e-02
6.205127835273742676e-01
7.341150939464569092e-02
8.006466086953878403e-04
2.936640009284019470e-02
1.979891806840896606e-01
3.520019054412841797e-01
1.012573361396789551e+00
7.346402108669281006e-02
1.755368858575820923e-01
8.667095750570297241e-02
3.932988941669464111e-01
1.785189509391784668e-01
2.188585847616195679e-01
3.589586541056632996e-02
6.951975077390670776e-02
2.026016712188720703e-01
1.961281299591064453e+00
7.722518593072891235e-02
2.571506500244140625e-01
1.496742725372314453e+00
5.913230031728744507e-02
1.772164553403854370e-02
1.722762703895568848e+00
2.339459210634231567e-01
1.336713075637817383e+00
2.118517607450485229e-01
3.504468873143196106e-02
2.839316606521606445e+00
1.700212508440017700e-01
2.683037146925926208e-02
9.806115413084626198e-04
6.330340504646301270e-01
1.162018626928329468e-01
1.207824330776929855e-02
9.673505090177059174e-03
2.712915539741516113e-01
2.150187045335769653e-01
1.693564504384994507e-01
4.731144309043884277e-01
8.346659541130065918e-01
1.341229975223541260e-01
3.850137814879417419e-02
1.399242412298917770e-02
7.893242239952087402e-01
1.219262838363647461e+00
6.581015586853027344e-01
7.164493203163146973e-01
2.433144807815551758e+00
8.679748773574829102e-01
1.752985119819641113e-01
1.984593719244003296e-01
3.243985772132873535e-01
2.077065780758857727e-02
5.001665279269218445e-02
5.903645157814025879e-01
5.763661861419677734e-02
6.830307841300964355e-01
8.647356629371643066e-01
3.889394551515579224e-02
4.986473359167575836e-04
2.499805092811584473e-01
8.645001053810119629e-02
4.544691741466522217e-01
7.302799820899963379e-01
3.825715780258178711e+00
1.126379966735839844e-01
3.241753280162811279e-01
1.336851000785827637e+00
8.491856604814529419e-02
9.032460860908031464e-03
1.978761106729507446e-01
3.076076805591583252e-01
1.737902879714965820e+00
1.046486496925354004e+00
4.861677065491676331e-03
2.667204439640045166e-01
2.992841899394989014e-01
8.335683941841125488e-01
1.659570813179016113e+00
5.622012615203857422e-01
2.163361907005310059e-01
2.907091984525322914e-04
1.494356244802474976e-01
4.728047177195549011e-02
1.155281439423561096e-02
1.381584443151950836e-02
2.112285941839218140e-01
3.540225327014923096e-01
2.502120472490787506e-02
7.747837342321872711e-03
5.687611103057861328e-01
1.377090692520141602e+00
1.875022411346435547e+00
2.984390966594219208e-02
8.002241849899291992e-01
1.195057868957519531e+00
4.741856157779693604e-01
1.188287162221968174e-03
2.285435348749160767e-01
1.593371778726577759e-01
1.665567979216575623e-02
1.055771559476852417e-01
1.069423481822013855e-01
3.204945847392082214e-02
5.782081931829452515e-02
9.071726351976394653e-02
1.662105172872543335e-01
1.531760990619659424e-01
4.005352093372493982e-05
7.670339941978454590e-01
4.176701605319976807e-01
3.194605588912963867e+00
5.623570680618286133e-01
6.456879973411560059e-01
3.748965024948120117e+00
6.994768977165222168e-01
7.640936225652694702e-02
8.205162882804870605e-01
5.733901262283325195e-01
4.964880645275115967e-03
5.066811293363571167e-02
4.107057750225067139e-01
5.637016147375106812e-02
1.365494132041931152e-01
6.923603415489196777e-01
4.313875436782836914e-01
8.800766430795192719e-03
2.719722390174865723e-01
8.894785493612289429e-02
8.528796583414077759e-02
1.014579609036445618e-01
4.481264913920313120e-04
2.468502894043922424e-02
3.373517692089080811e-01
4.331069439649581909e-02
4.179948940873146057e-02
4.323510229587554932e-01
1.169951446354389191e-02
1.519703745841979980e+00
4.446676671504974365e-01
4.350603818893432617e-01
2.776764929294586182e-01
3.266725242137908936e-01
8.496367931365966797e-02
2.578260004520416260e-01
2.465969175100326538e-01
1.329556293785572052e-02
3.048715889453887939e-01
6.935293227434158325e-02
1.240879774093627930e+00
1.125751510262489319e-01
2.416478544473648071e-01
6.079488957766443491e-05
5.203750915825366974e-03
1.296211183071136475e-01
2.078252583742141724e-01
4.457475543022155762e-01
1.113193780183792114e-01
2.238583564758300781e-01
4.289438128471374512e-01
1.631901144981384277e+00
1.227467786520719528e-02
5.771756649017333984e+00
1.048992201685905457e-02
6.127974018454551697e-03
7.929959148168563843e-02
3.309894236735999584e-04
1.996974706649780273e+00
3.032951802015304565e-02
2.992568910121917725e-01
2.461780421435832977e-02
4.554930701851844788e-02
1.001438125967979431e-01
6.596920490264892578e-01
1.201805546879768372e-01
1.177123561501502991e-01
3.069168305955827236e-04
1.015909295529127121e-02
1.016576886177062988e+00
7.837592959403991699e-01
1.071372509002685547e+00
9.681198000907897949e-02
1.902718663215637207e+00
4.221449494361877441e-01
8.242270350456237793e-02
3.814327530562877655e-03
3.580167144536972046e-02
3.577438592910766602e-01
1.872283034026622772e-02
6.321026682853698730e-01
1.139732599258422852e+00
3.395346999168395996e-01
2.990538021549582481e-03
2.377246469259262085e-01
4.552069306373596191e-01
3.047362267971038818e-01
1.035260129719972610e-02
8.028971031308174133e-03
8.750290870666503906e-01
1.190285682678222656e+00
1.161009296774864197e-01
1.538285054266452789e-03
4.566479474306106567e-02
7.484733941964805126e-04
2.128340154886245728e-01
9.351150989532470703e-01
8.365128040313720703e-01
4.168115183711051941e-02
1.884578913450241089e-02
1.053090453147888184e+00
5.349109768867492676e-01
9.046046994626522064e-03
4.000186622142791748e-01
6.537684239447116852e-04
1.500581979751586914e+00
5.285686627030372620e-02
6.463337689638137817e-03
1.963266171514987946e-02
1.214254833757877350e-02
8.463730812072753906e-01
4.506551194936037064e-03
7.914937287569046021e-02
7.004915475845336914e-01
3.331707790493965149e-03
7.792995870113372803e-02
2.611824683845043182e-02
7.041874341666698456e-03
5.912690609693527222e-02
1.513144224882125854e-01
3.706478774547576904e-01
2.519840002059936523e-01
2.071383476257324219e+00
3.185015916824340820e-01
6.922832727432250977e-01
6.022545695304870605e-02
2.943458035588264465e-02
1.875979065895080566e+00
3.607380867004394531e+00
3.268403708934783936e-01
7.699692156165838242e-03
7.146669179201126099e-02
7.369828820228576660e-01
1.065093185752630234e-02
2.051176875829696655e-02
5.248914957046508789e-01
1.093080565333366394e-01
4.513803869485855103e-02
2.433957415632903576e-04
4.612520802766084671e-03
2.816537022590637207e-02
4.230521023273468018e-01
6.212614849209785461e-02
9.413101943209767342e-04
6.195595860481262207e-01
1.250580418854951859e-02
2.415224909782409668e-01
2.363142967224121094e+00
3.893289864063262939e-01
1.197459340095520020e+00
3.459407016634941101e-02
8.041033521294593811e-03
4.052675962448120117e-01
3.682086765766143799e-01
1.374122858047485352e+00
4.403598308563232422e-01
2.192018582718446851e-04
1.456793397665023804e-01
4.031322598457336426e-01
3.869776427745819092e-01
5.339150666259229183e-04
2.455907016992568970e-01
2.744949102401733398e+00
2.408350110054016113e-01
5.285392701625823975e-02
1.106472034007310867e-02
5.940496921539306641e-02
1.299943216145038605e-02
2.935521900653839111e-01
1.196127310395240784e-01
1.714267611503601074e+00
1.765886880457401276e-02
7.105556782335042953e-03
8.973390795290470123e-03
3.388441503047943115e-01
1.779320240020751953e-01
6.540644913911819458e-02
1.498348574386909604e-04
2.438103556632995605e-01
3.796980157494544983e-02
1.857603549957275391e+00
1.063124015927314758e-01
1.095443069934844971e-01
1.180694580078125000e+00
1.339214205741882324e+00
3.954325318336486816e-01
1.797044128179550171e-01
6.337079405784606934e-02
3.655035972595214844e+00
8.811330199241638184e-01
6.761948019266128540e-02
1.725852489471435547e-03
1.381994009017944336e+00
3.195051476359367371e-02
1.396597456187009811e-02
1.031152486801147461e+00
2.544976538047194481e-03
5.271517857909202576e-02
3.474398255348205566e-01
4.478701576590538025e-02
5.006622672080993652e-01
8.677152395248413086e-01
1.861521899700164795e-01
2.491295710206031799e-02
8.507196605205535889e-02
7.980030030012130737e-02
3.136925995349884033e-01
1.718394085764884949e-02
4.188054800033569336e-02
3.675826638936996460e-02
1.335265338420867920e-01
3.183732628822326660e-01
9.223546981811523438e-01
1.218144521117210388e-01
5.024923682212829590e-01
3.735708305612206459e-03
4.971747398376464844e-01
2.914609611034393311e-01
1.010032463818788528e-02
3.060347795486450195e+00
7.217554450035095215e-01
3.426616638898849487e-02
9.008718132972717285e-01
7.663412252441048622e-04
4.910898208618164062e-02
8.640521764755249023e-01
4.362028539180755615e-01
9.639796614646911621e-01
1.914479136466979980e-01
1.757028996944427490e-01
4.355210438370704651e-02
1.884869694709777832e+00
1.288563944399356842e-02
2.072551995515823364e-01
2.166990016121417284e-04
2.515963045880198479e-03
7.209506630897521973e-01
5.823730230331420898e-01
3.023225441575050354e-02
5.875347256660461426e-01
3.165474859997630119e-03
1.843263395130634308e-02
2.943120300769805908e-01
5.214046686887741089e-04
2.293662428855895996e-01
1.213489286601543427e-02
1.073469281196594238e+00
2.694646418094635010e-01
4.574188590049743652e-01
2.700640261173248291e-01
3.408503293991088867e+00
2.349732518196105957e-01
2.004758222028613091e-03
3.345291316509246826e-02
2.485756576061248779e-01
8.185418844223022461e-01
1.765113882720470428e-02
2.319537699222564697e-01
6.348515152931213379e-01
3.340767323970794678e-01
1.389253302477300167e-03
6.393975615501403809e-01
6.589094549417495728e-02
2.757933177053928375e-02
7.321066409349441528e-02
2.866129204630851746e-02
1.712104976177215576e-01
4.486280381679534912e-01
1.865898966789245605e-01
1.217140164226293564e-02
3.797003254294395447e-02
1.075499296188354492e+00
3.902440192177891731e-03
1.544292569160461426e-01
1.117649197578430176e+00
1.173881366848945618e-01
7.157334685325622559e-02
2.115989569574594498e-03
6.096931640058755875e-03
4.722721576690673828e-01
1.073150560259819031e-01
8.747481107711791992e-01
7.104032039642333984e-01
3.011455992236733437e-03
4.498624801635742188e-02
4.293607547879219055e-02
2.273436069488525391e+00
3.589867651462554932e-01
1.438039075583219528e-02
7.151819020509719849e-02
8.395040780305862427e-02
4.256875813007354736e-01
2.729624211788177490e-01
1.856707692146301270e+00
6.040768232196569443e-03
3.939270675182342529e-01
1.098207104951143265e-02
3.950293175876140594e-03
3.270718827843666077e-02
8.751778602600097656e-01
2.722530961036682129e-01
5.764156579971313477e-01
4.226597845554351807e-01
6.948857903480529785e-01
1.376418590545654297e+00
1.241113066673278809e+00
8.655767887830734253e-03
2.868457138538360596e-01
1.105966806411743164e+00
2.168947644531726837e-02
1.575494050979614258e+00
1.268887817859649658e-01
1.229005828499794006e-01
6.168630123138427734e-01
2.941154502332210541e-02
1.503846943378448486e-01
9.639148600399494171e-03
1.022878408432006836e+00
1.904674619436264038e-02
4.396345466375350952e-02
2.000221610069274902e-01
2.798955202102661133e+00
3.550614346750080585e-04
1.105271577835083008e+00
4.678097367286682129e-01
5.133423954248428345e-03
7.385674118995666504e-01
3.081763982772827148e-01
8.441296964883804321e-02
1.621066927909851074e-01
7.364466786384582520e-01
1.457520872354507446e-01
4.555477201938629150e-02
2.394868373870849609e+00
1.682260632514953613e-01
4.566559791564941406e-01
4.478306509554386139e-03
4.587241709232330322e-01
6.455746293067932129e-02
4.747081995010375977e-01
1.924851179122924805e+00
4.203176125884056091e-03
7.034424543380737305e-01
4.564224742352962494e-03
2.304628491401672363e-01
2.080288156867027283e-02
3.576221466064453125e-01
1.707049668766558170e-03
9.983467310667037964e-02
6.223115324974060059e-01
1.110932528972625732e-01
1.553329546004533768e-02
4.817083477973937988e-02
1.385732650756835938e+00
2.100105285644531250e+00
1.269407570362091064e-01
1.674579858779907227e+00
3.227375075221061707e-02
5.619707703590393066e-02
1.606260180473327637e+00
5.550036439672112465e-04
9.331275224685668945e-01
1.083744525909423828e+00
7.644901424646377563e-02
2.323154807090759277e-01
2.337940692901611328e+00
3.457943201065063477e-01
1.080590207129716873e-02
6.508629322052001953e-01
6.878258585929870605e-01
7.513597141951322556e-03
9.291749000549316406e-01
2.651467323303222656e-01
3.964893519878387451e-02
8.048838973045349121e-01
1.269214972853660583e-02
1.045318469405174255e-01
1.795283108949661255e-01
1.273516267538070679e-01
3.690170645713806152e-01
2.669483125209808350e-01
6.478463858366012573e-02
3.376488983631134033e-01
6.366983056068420410e-02
1.813183426856994629e-01
4.130286164581775665e-03
1.065780818462371826e-01
1.542248606681823730e+00
8.425738196820020676e-04
5.908618569374084473e-01
1.513262510299682617e+00
4.187679588794708252e-01
6.994169205427169800e-03
2.674841582775115967e-01
1.501924270996823907e-04
6.089988946914672852e-01
2.774731814861297607e-01
6.854299135738983750e-05
7.106828093528747559e-01
7.113745063543319702e-02
3.044888675212860107e-01
1.345431208610534668e+00
3.288900256156921387e-01
1.050183642655611038e-02
2.942212343215942383e+00
1.652453184127807617e+00
4.595778286457061768e-01
5.821263790130615234e-01
7.308085560798645020e-01
3.930045291781425476e-02
1.955808326601982117e-02
1.959999650716781616e-01
1.660307049751281738e-01
1.585976965725421906e-02
3.040769323706626892e-02
1.870379000902175903e-01
1.884132623672485352e+00
1.602109968662261963e-01
1.722451001405715942e-01
2.512551546096801758e-01
1.593457311391830444e-01
2.756409049034118652e-01
1.747386306524276733e-01
2.613700926303863525e-01
1.877101212739944458e-01
6.732009649276733398e-01
2.836541831493377686e-01
2.031526295468211174e-03
2.415681362152099609e+00
7.358958125114440918e-01
7.454834580421447754e-01
1.734000295400619507e-01
1.773351728916168213e-01
2.536923289299011230e-01
4.721093475818634033e-01
1.624357849359512329e-01
2.422459796071052551e-02
1.100182458758354187e-01
1.253827810287475586e+00
3.521859273314476013e-02
2.270732633769512177e-02
1.075689196586608887e+00
4.144710600376129150e-01
1.423878073692321777e-01
1.016816616058349609e+00
1.669982739258557558e-04
2.585879527032375336e-03
1.590529456734657288e-02
1.753517985343933105e-02
1.095520973205566406e+00
1.300966292619705200e-01
1.550972014665603638e-01
8.149229921400547028e-03
5.936453938484191895e-01
1.736696362495422363e+00
2.147132009267807007e-01
5.551990587264299393e-03
3.369961678981781006e-01
8.804169297218322754e-01
1.817281723022460938e+00
1.811354279518127441e+00
8.961106538772583008e-01
8.319260925054550171e-02
4.182179400231689215e-04
2.968818247318267822e-01
2.995367348194122314e-01
3.851652145385742188e-02
9.005834460258483887e-01
4.765106830745935440e-03
1.812471628189086914e+00
5.583071708679199219e-01
4.330751299858093262e-01
2.385306358337402344e-01
1.927067525684833527e-03
5.240956544876098633e-01
2.444138983264565468e-03
1.246871892362833023e-02
3.546588897705078125e+00
2.833271399140357971e-02
1.621233241166919470e-05
3.223219886422157288e-02
1.599420666694641113e+00
1.100055351853370667e-01
1.568328589200973511e-02
7.279397845268249512e-01
4.689652323722839355e-01
2.315741628408432007e-01
3.095386200584471226e-04
1.675890088081359863e-01
8.587724878452718258e-04
1.643315106630325317e-01
1.008943840861320496e-01
8.059036731719970703e-02
1.117203086614608765e-01
1.229635179042816162e-01
1.197989378124475479e-02
4.503154754638671875e-01
1.201444625854492188e+00
4.832994639873504639e-01
7.609971761703491211e-01
3.185082674026489258e-01
2.403875999152660370e-02
8.942242264747619629e-01
4.145424365997314453e-01
3.350191190838813782e-02
2.263476252555847168e-01
1.449272129684686661e-02
7.805722951889038086e-01
3.024184703826904297e-01
1.595227867364883423e-01
1.366645336151123047e+00
2.865377580747008324e-03
1.173606872558593750e+00
6.154428124427795410e-01
2.135486342012882233e-02
1.170472621917724609e+00
1.907562464475631714e-01
6.802695244550704956e-02
3.112070262432098389e-04
4.182134568691253662e-01
6.256517954170703888e-03
1.380675554275512695e+00
1.502025770605541766e-05
3.622255921363830566e-01
4.242190361022949219e+00
8.601169288158416748e-02
3.186664581298828125e-01
4.746598191559314728e-03
2.829096317291259766e-01
2.078373908996582031e+00
1.570063680410385132e-01
9.177808463573455811e-02
2.870632112026214600e-01
8.948899060487747192e-02
1.382021754980087280e-01
9.617306292057037354e-03
1.142035424709320068e-02
3.527058959007263184e-01
1.515550771728157997e-03
7.811478376388549805e-01
1.040958520025014877e-02
5.592411756515502930e-01
1.025998126715421677e-02
7.712707668542861938e-02
1.859154701232910156e+00
5.636914819478988647e-02
5.724234133958816528e-02
2.755738969426602125e-04
1.131464540958404541e-01
8.644214272499084473e-02
2.150898575782775879e-01
1.295582801103591919e-01
7.472296953201293945e-01
8.891637325286865234e-01
3.159382581710815430e+00
6.246016174554824829e-02
9.349712133407592773e-01
9.475538730621337891e-01
1.263538579223677516e-04
1.897902414202690125e-02
1.008943796157836914e+00
9.182207584381103516e-01
1.837453395128250122e-01
1.061947047710418701e-01
1.243451118469238281e+00
4.038579761981964111e-01
2.224566638469696045e-01
6.108037382364273071e-02
6.906983256340026855e-02
4.049380123615264893e-02
4.281277656555175781e-01
5.777111649513244629e-01
2.222739011049270630e-01
3.681250289082527161e-02
3.998623490333557129e-01
4.918309450149536133e-01
6.125485990196466446e-03
4.930705428123474121e-01
1.273169834166765213e-02
1.620115339756011963e-02
1.104493379592895508e+00
8.530547469854354858e-02
2.063426077365875244e-01
1.295132756233215332e+00
6.058388352394104004e-01
1.077730357646942139e-01
4.183370911050587893e-04
1.363306939601898193e-01
1.071497518569231033e-02
8.441363461315631866e-03
2.224475860595703125e+00
1.315114736557006836e+00
1.003643423318862915e-01
5.789872407913208008e-01
2.956717491149902344e+00
1.341398715972900391e+00
9.541030973196029663e-03
9.667406266089528799e-05
6.853376980870962143e-04
5.079524964094161987e-02
8.411810733377933502e-03
8.451244831085205078e-01
3.099458813667297363e-01
1.566537618637084961e-01
9.236116707324981689e-02
9.701499342918395996e-01
1.221347078680992126e-01
1.415579915046691895e-01
1.133390143513679504e-01
3.411260843276977539e+00
3.395336493849754333e-02
2.073670029640197754e-01
3.154065832495689392e-02
5.225383043289184570e-01
3.370915306732058525e-03
4.614202082157135010e-01
1.311609447002410889e-01
1.912789884954690933e-03
1.171447802335023880e-02
3.038097321987152100e-01
8.180806636810302734e-01
1.242328047752380371e+00
1.845692396163940430e-01
4.383371770381927490e-01
5.330004096031188965e-01
1.421386934816837311e-02
6.471792608499526978e-02
3.455740632489323616e-03
2.247343510389328003e-01
4.906870722770690918e-01
4.964442923665046692e-02
3.136688172817230225e-01
5.485730171203613281e-01
6.602988392114639282e-02
3.942694049328565598e-03
4.100931286811828613e-01
1.225516080856323242e+00
1.625453352928161621e+00
1.043968647718429565e-01
4.033225774765014648e-02
1.454047918319702148e+00
4.389388561248779297e-01
3.871137201786041260e-01
1.822159886360168457e-01
2.726173261180520058e-03
4.339314103126525879e-01
2.316893339157104492e-01
1.973836272954940796e-01
1.199928000569343567e-01
8.829007856547832489e-03
7.398642301559448242e-01
1.373989701271057129e+00
1.201116681098937988e+00
4.243815839290618896e-01
5.170371532440185547e-01
3.962607681751251221e-01
1.159803152084350586e+00
9.799227863550186157e-02
2.029241323471069336e-01
1.073013544082641602e+00
8.372134566307067871e-01
5.211271047592163086e-01
1.343500494956970215e+00
3.884198069572448730e-01
6.497780233621597290e-02
2.597631812095642090e-01
5.525357723236083984e-01
1.377363409847021103e-02
9.387041628360748291e-02
9.740035235881805420e-02
1.298059225082397461e-01
2.307551383972167969e+00
9.187237173318862915e-02
2.536534098908305168e-03
9.414326399564743042e-03
8.239102959632873535e-01
2.206823378801345825e-01
9.423749893903732300e-02
3.190455958247184753e-02
7.175877094268798828e-01
1.513368636369705200e-01
2.982456004247069359e-03
1.771591454744338989e-01
6.758804898709058762e-03
6.103795170783996582e-01
1.506416685879230499e-02
4.912123680114746094e-01
6.635891646146774292e-02
3.376266956329345703e+00
3.670046851038932800e-02
1.192252803593873978e-02
4.230510890483856201e-01
7.482417672872543335e-02
7.420830428600311279e-02
9.807484149932861328e-01
3.762227594852447510e-01
7.052409462630748749e-03
1.032371148467063904e-01
1.108605973422527313e-02
5.126762390136718750e-02
9.512107074260711670e-02
6.788406055420637131e-03
9.084388730116188526e-04
4.764914512634277344e-02
1.931171755131799728e-05
4.120811820030212402e-02
6.798381209373474121e-01
4.926803521811962128e-03
5.860517174005508423e-02
7.234315872192382812e-01
2.319815605878829956e-01
1.404977798461914062e+00
1.336694210767745972e-01
9.649097919464111328e-02
3.192306756973266602e-01
2.607794664800167084e-02
3.956146538257598877e-01
5.813372731208801270e-01
4.178880751132965088e-01
4.507992416620254517e-02
2.550084292888641357e-01
1.927284747362136841e-01
8.572596907615661621e-01
5.066531896591186523e-01
3.713244944810867310e-02
1.243062466382980347e-01
1.233864650130271912e-01
2.586692333221435547e+00
1.823868602514266968e-01
5.094714760780334473e-01
3.945356309413909912e-01
3.050369739532470703e+00
2.765864878892898560e-02
3.757648169994354248e-01
7.235652208328247070e-02
7.109220027923583984e-01
1.821371793746948242e+00
2.479633331298828125e+00
1.582773774862289429e-02
6.797387031838297844e-04
1.429370255209505558e-03
1.339566521346569061e-02
1.614890098571777344e+00
1.103295326232910156e+00
6.122693791985511780e-02
2.575293183326721191e-02
2.421214804053306580e-02
2.128981798887252808e-01
1.065530419349670410e+00
1.004072488285601139e-03
2.930926857516169548e-04
1.483330488204956055e+00
1.008102148771286011e-01
5.508542656898498535e-01
3.560290113091468811e-02
7.132232189178466797e-01
4.775546956807374954e-03
2.106974832713603973e-02
3.591359555721282959e-01
7.696714997291564941e-02
7.302609086036682129e-01
5.078096985816955566e-01
5.482210516929626465e-01
2.514966763556003571e-02
1.037919282913208008e+00
1.600204229354858398e+00
2.494915854185819626e-03
6.151607632637023926e-02
1.958730816841125488e-02
6.536368280649185181e-02
5.982668995857238770e-01
1.004508137702941895e-01
1.563333719968795776e-01
2.613583113998174667e-03
1.644814200699329376e-02
3.500020802021026611e-01
3.096896708011627197e-01
6.278976798057556152e-01
1.776060671545565128e-04
6.616300344467163086e-02
1.881482124328613281e+00
6.726779043674468994e-02
2.735502123832702637e-01
2.650880336761474609e+00
3.314735174179077148e+00
3.289430588483810425e-02
2.889595925807952881e-02
6.404588930308818817e-03
2.950564026832580566e-01
1.067266985774040222e-01
2.039724826812744141e+00
1.064639538526535034e-01
4.937618970870971680e-01
1.008120737969875336e-02
5.750122666358947754e-01
8.478381037712097168e-01
6.066343933343887329e-02
1.860607743263244629e+00
1.395045686513185501e-02
2.017297446727752686e-01
6.617639660835266113e-01
3.891449272632598877e-01
1.463637650012969971e-01
9.565539360046386719e-01
6.863270401954650879e-01
4.509063437581062317e-02
9.954658150672912598e-02
2.335560740903019905e-03
4.140284538269042969e+00
3.127557754516601562e+00
3.270410001277923584e-01
9.969872981309890747e-02
4.971475005149841309e-01
2.886167727410793304e-02
1.482828497886657715e+00
3.210323452949523926e-01
3.541924238204956055e+00
2.106496319174766541e-02
3.820057213306427002e-02
1.102757900953292847e-01
2.644879221916198730e-01
9.710096567869186401e-02
5.392905473709106445e-01
1.318552970886230469e+00
1.122687608003616333e-01
1.638339400291442871e+00
3.046739995479583740e-01
3.326436042785644531e+00
3.434910252690315247e-02
1.909177750349044800e-01
8.987916517071425915e-04
2.353576570749282837e-02
1.548947393894195557e-01
4.912091791629791260e-01
1.598276346921920776e-01
4.298898279666900635e-01
1.601889580488204956e-01
1.426915228366851807e-01
1.002087369561195374e-01
8.903040736913681030e-02
5.552256703376770020e-01
1.140578389167785645e-01
5.632054805755615234e-01
2.451203167438507080e-01
5.687246099114418030e-03
1.168384402990341187e-02
4.128476232290267944e-02
1.862068660557270050e-02
1.785245537757873535e-02
2.305449247360229492e-01
3.420721332076936960e-04
1.002796962857246399e-01
2.123583294451236725e-02
4.706878960132598877e-01
4.550511017441749573e-02
2.389316214248538017e-03
2.176559567451477051e-01
4.731978416442871094e+00
2.322087064385414124e-02
3.448063507676124573e-02
9.834387898445129395e-01
1.057768613100051880e-01
9.166496992111206055e-02
1.002101786434650421e-02
5.052299238741397858e-03
6.694718599319458008e-01
3.057569032534956932e-03
5.285200476646423340e-02
1.763555854558944702e-01
2.536565065383911133e-01
3.251345828175544739e-02
7.901128381490707397e-03
1.072861552238464355e+00
4.846638441085815430e-02
1.624525338411331177e-02
5.194983095861971378e-04
2.090864777565002441e-01
1.280356049537658691e+00
2.642953097820281982e-01
1.975364685058593750e-01
1.436368766007944942e-04
5.451336968690156937e-03
2.132977545261383057e-02
7.290664911270141602e-01
1.589961946010589600e-01
1.094704791903495789e-01
1.786121368408203125e+00
1.370696537196636200e-02
1.941569149494171143e-01
2.670746296644210815e-02
1.875547319650650024e-02
1.495696544647216797e+00
7.593221031129360199e-03
7.128188610076904297e-01
1.025725483894348145e+00
6.609902381896972656e-01
4.667814821004867554e-03
1.433839797973632812e-01
9.868046045303344727e-01
3.569067455828189850e-03
1.194327592849731445e+00
5.280336141586303711e-01
6.494960747659206390e-03
1.088381633162498474e-01
8.673494681715965271e-03
5.693006678484380245e-04
1.751667141914367676e+00
1.762408390641212463e-02
2.742044441401958466e-02
3.667772747576236725e-03
3.983181086368858814e-04
1.459560990333557129e-01
5.296465158462524414e-01
1.462762355804443359e-01
1.490151789039373398e-02
1.298703104257583618e-01
6.351025104522705078e-01
1.867549866437911987e-01
1.346235722303390503e-01
3.121129237115383148e-02
1.025880426168441772e-01
8.773825131356716156e-03
2.256706124171614647e-03
2.062977999448776245e-01
5.035213008522987366e-02
1.232460257597267628e-03
1.759686350822448730e+00
1.097068428993225098e+00
1.609135568141937256e-01
9.709036350250244141e-02
1.232232302427291870e-01
6.887478381395339966e-02
1.099390983581542969e+00
3.640831634402275085e-02
9.706826210021972656e-01
6.889926642179489136e-02
1.631632819771766663e-02
3.558085858821868896e-01
3.600571751594543457e-01
3.678926229476928711e-01
1.711166143417358398e+00
1.981435865163803101e-01
4.498955793678760529e-03
9.519802778959274292e-02
1.248998403549194336e+00
2.982954978942871094e-01
7.883387617766857147e-03
3.047372698783874512e-01
8.513142168521881104e-02
2.746057510375976562e-02
1.466614723205566406e+00
8.386711478233337402e-01
1.354930102825164795e-01
2.918718941509723663e-02
2.721379756927490234e+00
1.432551741600036621e-01
1.304849684238433838e-01
4.783712700009346008e-02
5.227239131927490234e-01
6.324309825897216797e+00
2.503937244415283203e+00
7.052751183509826660e-01
1.211525127291679382e-01
3.458511829376220703e-01
5.585345029830932617e-01
6.260372698307037354e-02
2.800228819251060486e-02
1.590375751256942749e-01
6.553892493247985840e-01
3.233499526977539062e-01
8.210465312004089355e-01
3.237658739089965820e-02
4.853535890579223633e-01
1.505794376134872437e-02
5.339527502655982971e-03
1.927335858345031738e-01
2.000826746225357056e-01
5.507752299308776855e-01
1.370632171630859375e+00
4.016450420022010803e-02
1.016532182693481445e-01
1.549354405142366886e-03
3.001829143613576889e-03
1.501754764467477798e-02
8.692496269941329956e-02
2.786561965942382812e+00
1.789525449275970459e-01
3.056301832199096680e+00
4.008067771792411804e-02
1.539817690849304199e+00
1.306506872177124023e+00
2.042970180511474609e+00
1.497701883316040039e+00
1.877894759178161621e+00
1.421451270580291748e-01
2.494605630636215210e-01
9.783650748431682587e-03
3.328948318958282471e-01
1.005988717079162598e+00
1.893552541732788086e+00
2.049049586057662964e-01
3.084539413452148438e+00
1.171310395002365112e-01
3.634040476754307747e-03
9.471874684095382690e-02
1.616434156894683838e-01
1.357748806476593018e-01
4.809715319424867630e-03
1.483797747641801834e-02
1.084139943122863770e+00
8.337453007698059082e-03
1.253700163215398788e-02
9.231334179639816284e-02
3.404789865016937256e-01
1.035678833723068237e-01
3.543458506464958191e-02
5.826075747609138489e-02
1.242568716406822205e-01
1.385429035872220993e-02
2.911615669727325439e-01
3.352024033665657043e-02
2.834379076957702637e-01
4.230481013655662537e-02
2.291876673698425293e-01
1.734010279178619385e-01
1.045523956418037415e-02
5.635011792182922363e-01
3.610946416854858398e+00
8.379183709621429443e-03
7.607536390423774719e-03
3.498678207397460938e-01
2.527596950531005859e-01
1.349564671516418457e+00
9.642332792282104492e-01
1.558281132020056248e-03
4.690881371498107910e-01
6.974368542432785034e-02
3.822492659091949463e-01
1.706155896186828613e+00
2.277563065290451050e-01
2.908283770084381104e-01
7.388527970761060715e-03
3.379857242107391357e-01
1.685985364019870758e-03
2.663756953552365303e-03
1.271954476833343506e-01
7.924723625183105469e-01
2.956545446068048477e-03
1.015756130218505859e+00
1.077558025717735291e-01
5.617713183164596558e-02
1.052853539586067200e-01
3.261836469173431396e-01
9.045561403036117554e-02
6.441912055015563965e-01
4.739005118608474731e-03
3.845067694783210754e-02
3.204926382750272751e-03
1.037741303443908691e+00
1.685073226690292358e-01
1.114580392837524414e+00
6.161792278289794922e-01
6.778460461646318436e-03
1.508084125816822052e-02
9.461642503738403320e-01
4.123791004531085491e-04
3.101230226457118988e-02
8.895418643951416016e-01
2.421057224273681641e+00
1.310681342147290707e-03
2.381684482097625732e-01
2.321586199104785919e-02
6.523807048797607422e-01
1.504643540829420090e-02
8.383005112409591675e-02
1.363618969917297363e-01
4.642971605062484741e-02
7.945071458816528320e-01
6.022564172744750977e-01
9.504898451268672943e-03
5.314224958419799805e-01
2.494121156632900238e-02
1.435613036155700684e-01
4.105824977159500122e-02
1.161676868796348572e-01
1.119567632675170898e+00
2.735908702015876770e-02
1.194058284163475037e-01
2.695916593074798584e-01
9.001839905977249146e-02
3.369738757610321045e-01
2.104651927947998047e-02
2.403916120529174805e+00
3.065039813518524170e-01
1.358756542205810547e+00
4.901195466518402100e-01
1.624736562371253967e-02
2.700378417968750000e+00
1.799037097953259945e-03
9.241541847586631775e-03
2.928714752197265625e-01
1.927722930908203125e+00
1.070719584822654724e-01
3.096376173198223114e-02
1.296709626913070679e-01
6.584808230400085449e-02
4.720139503479003906e-01
8.412051200866699219e-02
2.983379662036895752e-01
2.492355706635862589e-04
1.299252151511609554e-03
6.532028317451477051e-01
1.175334546132944524e-04
2.189849503338336945e-02
9.044038131833076477e-03
1.451626271009445190e-01
2.144176214933395386e-01
5.548182725906372070e-01
4.963592067360877991e-02
2.532134531065821648e-03
1.601994186639785767e-01
1.725052475929260254e+00
1.849613785743713379e-01
6.256276369094848633e-01
1.513402223587036133e+00
8.783980458974838257e-02
4.113194048404693604e-01
6.944902241230010986e-02
2.057168632745742798e-01
2.919344045221805573e-02
2.103142207488417625e-03
9.097906760871410370e-03
2.180235385894775391e-01
3.627737984061241150e-02
1.292522400617599487e-01
2.163809258490800858e-03
8.608739376068115234e-01
7.611976265907287598e-01
4.353639483451843262e-01
3.776454627513885498e-01
7.330871373414993286e-02
3.152214586734771729e-01
8.866950869560241699e-01
3.343355178833007812e+00
3.300737440586090088e-01
8.444318547844886780e-03
1.522078663110733032e-01
3.573035299777984619e-01
2.396077979938127100e-05
1.902552127838134766e+00
1.300190389156341553e-02
1.971541903913021088e-02
2.442117314785718918e-03
1.378063112497329712e-03
2.929824590682983398e-01
3.468208611011505127e-01
2.853745937347412109e+00
4.470948595553636551e-03
7.213729619979858398e-01
1.149111558333970606e-04
1.022516712546348572e-01
9.101372957229614258e-01
1.093785464763641357e-02
2.712672762572765350e-02
1.832355163060128689e-03
3.921677917242050171e-02
5.878888964653015137e-01
4.061245918273925781e-01
7.886753082275390625e-01
9.295872412621974945e-03
9.657659381628036499e-02
2.377418518066406250e+00
1.760005950927734375e-03
1.638618879951536655e-03
1.526482962071895599e-02
1.218975424766540527e+00
6.826146692037582397e-02
1.012289547361433506e-03
2.301431894302368164e-01
7.849293947219848633e-01
1.221854537725448608e-01
1.916456341743469238e+00
6.892240140587091446e-03
6.298572290688753128e-03
1.249843277037143707e-03
3.845709264278411865e-01
2.340133637189865112e-01
7.769063860177993774e-02
1.826186850666999817e-02
1.767037063837051392e-01
2.243367023766040802e-02
1.750432699918746948e-01
1.327425599098205566e+00
5.174452438950538635e-02
2.466141991317272186e-02
7.115454645827412605e-04
7.987772226333618164e-01
1.541919708251953125e+00
4.980538506060838699e-03
8.596438914537429810e-03
2.411589473485946655e-01
2.840124666690826416e-01
2.616778910160064697e-01
3.048886917531490326e-02
3.195434510707855225e-01
2.724767029285430908e-01
2.157771773636341095e-02
5.910869836807250977e-01
5.462690815329551697e-02
4.517262279987335205e-01
3.036467544734477997e-02
8.323512673377990723e-01
6.305750012397766113e-01
1.654910296201705933e-02
6.199439242482185364e-02
2.755922973155975342e-01
1.819522827863693237e-01
1.450610607862472534e-01
3.607364743947982788e-02
7.068712115287780762e-01
2.200431227684020996e-01
1.539061427116394043e+00
1.367110875435173512e-03
1.448597759008407593e-01
2.001240551471710205e-01
1.428725868463516235e-01
3.407707810401916504e-01
2.045734412968158722e-02
7.555010169744491577e-02
1.440917551517486572e-01
9.755211472511291504e-01
1.134384199976921082e-01
8.146014809608459473e-02
4.479121565818786621e-01
5.602141022682189941e-01
6.859107613563537598e-01
3.567666709423065186e-01
2.301424294710159302e-01
3.835734128952026367e-01
3.577081859111785889e-01
7.440651953220367432e-02
1.128364324569702148e+00
5.862202644348144531e-01
4.378884434700012207e-01
2.195587381720542908e-02
8.669908274896442890e-04
8.145619183778762817e-02
1.169269323348999023e+00
1.358533501625061035e-01
5.304598016664385796e-04
1.535659790039062500e+00
3.846822679042816162e-02
7.449341416358947754e-01
1.363929957151412964e-01
9.107440710067749023e-02
5.191759020090103149e-02
2.017852813005447388e-01
5.404614210128784180e-01
9.071880578994750977e-01
9.523874521255493164e-01
1.972668766975402832e-01
5.534557104110717773e-01
1.976574957370758057e-01
6.418266296386718750e-01
5.771019458770751953e-01
1.599377155303955078e+00
7.960827946662902832e-01
1.762437522411346436e-01
9.901259094476699829e-02
2.101439022226259112e-04
7.154959440231323242e-02
7.133711576461791992e-01
2.006127834320068359e+00
1.324749737977981567e-01
3.184189081192016602e+00
4.002078473567962646e-01
1.249765232205390930e-01
3.061126768589019775e-01
3.923458755016326904e-01
2.312896959483623505e-02
1.741768270730972290e-01
2.678360641002655029e-01
1.095496490597724915e-01
2.793141901493072510e-01
2.167981266975402832e-01
8.231181651353836060e-02
7.898094058036804199e-01
6.421663761138916016e-01
8.992251753807067871e-02
4.614656325429677963e-03
7.170883566141128540e-02
4.472118914127349854e-01
1.956557631492614746e-01
7.354684639722108841e-03
1.997501123696565628e-03
1.124284788966178894e-02
4.075143635272979736e-01
7.864259481430053711e-01
1.547526121139526367e-01
1.800461530685424805e+00
6.740253418684005737e-02
5.125165358185768127e-02
1.103442236781120300e-01
4.529606699943542480e-01
4.802416265010833740e-02
5.051971673965454102e-01
7.700666785240173340e-02
1.718491613864898682e-01
2.188714027404785156e+00
1.805353879928588867e+00
6.446246057748794556e-02
1.270212829113006592e-01
4.387138783931732178e-02
1.093269661068916321e-01
1.514201611280441284e-01
3.035225905478000641e-03
2.800806522369384766e+00
1.018830984830856323e-01
8.112978190183639526e-02
1.499540376244112849e-04
1.589039340615272522e-02
1.370012760162353516e+00
8.658013306558132172e-03
4.768369719386100769e-02
3.746229112148284912e-01
5.790416598320007324e-01
2.755918025970458984e+00
3.763944655656814575e-02
6.081883795559406281e-03
1.493081003427505493e-01
2.854577064514160156e+00
5.670801922678947449e-02
7.950561046600341797e-01
6.765672471374273300e-03
1.745919734239578247e-01
8.056744337081909180e-01
1.178787834942340851e-02
1.632331758737564087e-01
8.438366651535034180e-01
2.410808354616165161e-01
2.148750573396682739e-01
6.318275332450866699e-01
2.699132449924945831e-02
7.008439302444458008e-02
1.505886763334274292e-01
5.894339457154273987e-02
6.377620249986648560e-02
6.288921833038330078e-02
3.869095742702484131e-01
3.043391108512878418e-01
2.385582476854324341e-01
2.762279212474822998e-01
4.041718840599060059e-01
4.991569556295871735e-03
2.742740213871002197e-01
2.708699405193328857e-01
4.885710030794143677e-02
8.073513507843017578e-01
2.600326389074325562e-02
7.994321174919605255e-03
9.315353035926818848e-01
2.548369811847805977e-04
6.457791477441787720e-02
4.215229153633117676e-01
1.690454967319965363e-02
9.194194078445434570e-01
3.180238008499145508e-01
8.254007697105407715e-01
1.158579349517822266e+00
2.603002548217773438e+00
1.113305330276489258e+00
3.603752003982663155e-03
1.763375997543334961e-01
2.658474683761596680e+00
1.402490139007568359e-01
7.865925133228302002e-02
2.051169872283935547e+00
5.420273635536432266e-03
1.986090898513793945e+00
3.254743516445159912e-01
1.666101336479187012e+00
3.558733165264129639e-01
9.521711468696594238e-01
7.483491301536560059e-02
9.178979992866516113e-01
1.443764716386795044e-01
1.467449218034744263e-01
2.532224953174591064e-01
3.260069340467453003e-02
1.135940030217170715e-01
1.944877579808235168e-02
5.037354305386543274e-03
2.002791129052639008e-02
1.096389591693878174e-01
3.108178079128265381e-01
2.144165992736816406e+00
1.626691818237304688e+00
1.054926291108131409e-01
1.716487556695938110e-01
2.411639094352722168e-01
7.718674540519714355e-01
1.207454204559326172e-01
6.087332963943481445e-02
1.491399526596069336e+00
1.600480079650878906e+00
2.257345616817474365e-01
1.083526480942964554e-02
1.459788680076599121e-01
2.226477116346359253e-01
1.101990267634391785e-01
8.703933954238891602e-01
2.899126894772052765e-02
1.872073560953140259e-01
7.424871921539306641e-01
5.156906321644783020e-03
4.525710940361022949e-01
1.785354018211364746e-01
1.972897723317146301e-02
1.775212049484252930e+00
6.794954836368560791e-02
1.361368894577026367e+00
6.164843440055847168e-01
1.924571841955184937e-01
1.168843917548656464e-02
7.538727670907974243e-02
3.119629025459289551e-01
6.702122837305068970e-02
8.010150492191314697e-02
1.704402081668376923e-02
5.136600811965763569e-04
2.008539810776710510e-02
3.817296586930751801e-03
2.324848920106887817e-01
1.032460331916809082e-01
1.538681834936141968e-01
3.330797255039215088e-01
4.631267786026000977e-01
8.685117959976196289e-01
2.492652833461761475e-01
1.137058287858963013e-01
3.573462599888443947e-03
1.760719926096498966e-03
3.062679432332515717e-03
3.427676483988761902e-02
2.942000329494476318e-01
3.019115538336336613e-04
1.621687039732933044e-02
5.598620325326919556e-02
5.852433443069458008e-01
4.519967138767242432e-01
5.194539427757263184e-01
2.298137359321117401e-02
8.820343762636184692e-02
1.718000620603561401e-01
3.305797651410102844e-02
2.485667467117309570e+00
2.041511088609695435e-01
1.605294412001967430e-03
1.388979196548461914e+00
5.164350271224975586e-01
1.479789018630981445e-01
1.452582539059221745e-03
3.550047278404235840e-01
2.246403694152832031e-01
1.270407140254974365e-01
9.079949259757995605e-01
3.349672257900238037e-02
8.616766333580017090e-02
1.152458041906356812e-01
1.830751821398735046e-02
1.925830543041229248e-02
2.310941694304347038e-03
8.509189635515213013e-02
5.069130659103393555e-01
1.650863587856292725e-01
7.653083186596632004e-03
3.157093524932861328e-01
1.741884946823120117e+00
1.277086287736892700e-01
5.529759451746940613e-02
3.833286091685295105e-02
2.690928280353546143e-01
1.282479520887136459e-02
5.057280883193016052e-03
1.755078077316284180e+00
1.769964694976806641e-01
5.617059394717216492e-02
5.496863741427659988e-03
8.220949023962020874e-02
2.455841749906539917e-01
5.048673152923583984e-01
3.352169990539550781e-01
9.539006650447845459e-02
1.572002321481704712e-01
2.318651042878627777e-02
2.498585917055606842e-02
1.417227625846862793e+00
1.806239224970340729e-02
2.141208155080676079e-03
5.198718979954719543e-02
4.352905228734016418e-02
1.130409836769104004e+00
9.038305282592773438e-01
8.167874813079833984e-01
4.289781674742698669e-02
9.707370400428771973e-02
1.718228459358215332e-01
2.597412792965769768e-03
3.920325040817260742e-01
1.199688196182250977e+00
3.127599507570266724e-02
1.142826527357101440e-01
2.879540324211120605e-01
8.200926780700683594e-01
1.308070570230484009e-01
9.875882416963577271e-02
3.058142960071563721e-01
2.406193017959594727e+00
6.989529728889465332e-01
4.820445179939270020e-01
1.767461895942687988e+00
3.130236864089965820e-01
5.587931275367736816e-01
5.695612430572509766e-01
1.813197392039000988e-03
5.551789402961730957e-01
6.622467637062072754e-01
1.333430171012878418e+00
8.663904666900634766e-01
1.158328875899314880e-01
2.534393919631838799e-03
1.975442022085189819e-01
8.569530397653579712e-02
1.024550557136535645e+00
6.177687048912048340e-01
3.578556701540946960e-02
5.680520534515380859e-01
1.440294086933135986e-01
4.793667048215866089e-02
2.031895667314529419e-01
5.020781755447387695e-01
5.216880440711975098e-01
1.336790204048156738e+00
1.471975445747375488e-01
1.830974519252777100e-01
3.665282726287841797e-01
4.480810463428497314e-02
5.053098872303962708e-02
1.033199429512023926e+00
1.821247301995754242e-02
1.406740248203277588e-01
1.165559664368629456e-01
1.284439206123352051e+00
1.185906827449798584e-01
4.418503940105438232e-01
8.021976351737976074e-01
7.561211287975311279e-02
4.698778688907623291e-01
1.688316017389297485e-01
3.649914562702178955e-01
1.990695953369140625e+00
1.300287842750549316e+00
1.369741410017013550e-01
1.464581847190856934e+00
1.619175672531127930e+00
3.611248433589935303e-01
5.750009417533874512e-01
6.252209097146987915e-02
4.506409168243408203e-01
3.190310439094901085e-03
1.182820081710815430e+00
4.522641599178314209e-01
4.424839094281196594e-02
1.207273527979850769e-01
2.438366115093231201e-01
1.954978466033935547e+00
3.632462620735168457e-01
1.229426413774490356e-01
1.326607465744018555e+00
2.682054340839385986e-01
5.285535007715225220e-04
6.617097258567810059e-01
5.720197688788175583e-03
3.506549000740051270e-01
4.828482270240783691e-01
2.016695976257324219e+00
8.087066560983657837e-02
4.293401911854743958e-02
3.702928777784109116e-03
5.963197946548461914e-01
5.153984203934669495e-02
3.468480706214904785e-02
6.067986488342285156e-01
3.118915855884552002e-01
7.705233097076416016e-01
9.823701381683349609e-01
6.768956035375595093e-02
1.625217497348785400e-02
1.990010738372802734e+00
1.142116189002990723e-01
3.763049095869064331e-02
9.545087814331054688e-01
1.311072111129760742e+00
5.445216968655586243e-02
2.863001450896263123e-02
5.635985732078552246e-01
4.664698541164398193e-01
4.959068610332906246e-04
1.956632137298583984e-01
1.906838454306125641e-02
1.620627939701080322e-01
1.779911965131759644e-01
6.341733387671411037e-05
4.747012257575988770e-01
1.961138844490051270e-02
1.722044311463832855e-03
1.314610010012984276e-03
4.545613527297973633e-01
7.605263817822560668e-05
1.627669553272426128e-03
9.458851069211959839e-02
4.419617354869842529e-01
6.416558623313903809e-01
3.241099715232849121e-01
3.260638117790222168e-01
1.484483829699456692e-03
2.149091005325317383e+00
1.856984138488769531e+00
1.237842082977294922e+00
4.431465268135070801e-02
3.272391855716705322e-02
4.431579262018203735e-02
9.332334995269775391e-01
1.367951184511184692e-01
1.862185478210449219e+00
6.231995299458503723e-03
5.285019427537918091e-02
6.722059845924377441e-01
6.876093894243240356e-02
8.674322627484798431e-03
1.459752116352319717e-02
1.705072820186614990e-01
1.484054565429687500e+00
1.286999136209487915e-01
5.401900410652160645e-01
5.981636419892311096e-02
1.122484922409057617e+00
2.756312191486358643e-01
4.802779853343963623e-02
2.010509073734283447e-01
2.578665494918823242e+00
4.013017714023590088e-01
2.269310876727104187e-02
2.189581096172332764e-02
1.629941940307617188e+00
5.361866950988769531e-01
2.037586420774459839e-01
2.429624348878860474e-01
8.552245497703552246e-01
4.172238186583854258e-05
2.019917249679565430e+00
5.532341003417968750e-01
1.170665025711059570e-03
8.368740081787109375e-01
3.658814132213592529e-01
3.302157521247863770e-01
3.831784473732113838e-03
7.020709514617919922e-01
6.953620910644531250e-02
8.240480720996856689e-02
1.722161024808883667e-01
1.595363207161426544e-02
1.529899332672357559e-02
1.697529852390289307e-01
2.097397804260253906e+00
1.806473359465599060e-02
2.593486309051513672e-01
2.258760941913351417e-04
4.421702772378921509e-02
4.669142514467239380e-02
2.193542957305908203e+00
2.662225365638732910e-01
1.746490299701690674e-01
1.129150986671447754e-01
5.561145767569541931e-02
1.024396538734436035e+00
2.219980239868164062e+00
9.743265509605407715e-01
1.020990461111068726e-01
1.867337850853800774e-03
5.920211076736450195e-01
3.566277325153350830e-01
2.734211683273315430e-01
1.013320460915565491e-01
3.537021875381469727e-01
3.000425398349761963e-01
3.769835829734802246e-01
2.147971466183662415e-02
1.656470936723053455e-03
3.050706982612609863e-01
2.660291492938995361e-01
1.478278398513793945e+00
2.121068388223648071e-01
8.452592417597770691e-03
3.992969095706939697e-01
5.465083569288253784e-02
8.352591097354888916e-02
7.346822321414947510e-02
2.761023044586181641e-01
7.280950993299484253e-02
9.863997697830200195e-01
1.009003400802612305e+00
2.210099101066589355e-01
4.017469659447669983e-02
4.240094218403100967e-03
7.718678116798400879e-01
2.237080829218029976e-03
4.852951765060424805e-01
3.773955255746841431e-02
1.017416477203369141e+00
2.032068371772766113e-02
2.286046504974365234e+00
4.888908565044403076e-01
1.933764696121215820e+00
2.376389980316162109e+00
2.466333508491516113e-01
2.147280126810073853e-01
1.910575330257415771e-01
4.454214125871658325e-02
1.445122003555297852e+00
3.033086657524108887e-03
1.032175421714782715e-01
9.173907637596130371e-01
3.786383569240570068e-01
6.203637719154357910e-01
6.738135218620300293e-01
2.762126207351684570e+00
1.812947541475296021e-02
1.032635644078254700e-01
2.292446136474609375e+00
4.485495015978813171e-02
3.970606029033660889e-01
3.276673555374145508e-01
1.697709970176219940e-02
4.617986679077148438e-01
3.766539096832275391e-01
4.026282727718353271e-01
3.283755108714103699e-02
1.238934844732284546e-01
3.932564854621887207e-01
9.923524856567382812e-01
9.375124424695968628e-02
1.296189520508050919e-02
2.829628065228462219e-04
9.333462715148925781e-01
3.644567355513572693e-02
1.578093320131301880e-01
8.388146013021469116e-02
1.366179436445236206e-01
1.820415109395980835e-01
9.072980843484401703e-03
2.608830928802490234e-01
1.461628556251525879e+00
4.801257327198982239e-02
5.602965597063302994e-03
8.720786124467849731e-02
2.579289972782135010e-01
7.246475219726562500e-01
2.165256142616271973e-01
5.889124870300292969e-01
2.435781620442867279e-02
7.039980497211217880e-03
5.357065796852111816e-01
1.357502490282058716e-02
8.021098375320434570e-02
2.922061383724212646e-01
1.586716249585151672e-02
1.869599819183349609e-01
3.434991240501403809e-01
4.694131612777709961e-01
1.205006986856460571e-01
1.754813194274902344e+00
1.230245351791381836e+00
2.474489361047744751e-01
2.383162260055541992e+00
1.697846531867980957e+00
1.273461222648620605e+00
1.302105188369750977e+00
2.364637330174446106e-02
2.316293539479374886e-03
5.123766660690307617e-01
1.863637208938598633e+00
5.365246161818504333e-02
1.915726363658905029e-01
3.649444580078125000e-01
3.415348473936319351e-03
4.155333638191223145e-01
2.598631978034973145e-01
8.462800830602645874e-02
7.404976058751344681e-03
3.407500684261322021e-01
2.061862498521804810e-03
3.446002602577209473e-01
7.221831679344177246e-01
3.810442984104156494e-01
2.017923891544342041e-01
1.828913539648056030e-01
9.225478395819664001e-03
2.775051593780517578e-01
3.394231498241424561e-01
1.334030866622924805e+00
6.334725618362426758e-01
3.051661886274814606e-02
2.067703723907470703e+00
3.281290531158447266e-01
9.998429566621780396e-02
8.044107817113399506e-03
2.693490982055664062e+00
6.368369460105895996e-01
3.065761029720306396e-01
4.508049413561820984e-02
1.247401721775531769e-02
6.473055481910705566e-02
7.453157901763916016e-01
3.144995689392089844e+00
1.487974524497985840e+00
4.996199533343315125e-02
1.409674882888793945e+00
4.185478091239929199e-01
1.078373100608587265e-02
4.482168878894299269e-05
6.916539371013641357e-02
1.772170662879943848e-01
1.581118404865264893e-01
6.988343000411987305e-01
5.602249875664710999e-02
7.731378823518753052e-02
3.858258947730064392e-02
1.171232983469963074e-01
1.195975422859191895e+00
2.610814571380615234e-01
1.493487134575843811e-02
1.766996085643768311e-01
1.926294565200805664e-01
2.560893893241882324e-01
1.320143461227416992e+00
9.050247073173522949e-01
1.102333545684814453e+00
2.167860269546508789e-01
1.106191873550415039e-01
1.425038129091262817e-01
1.092016100883483887e-01
2.189221829175949097e-01
2.378025092184543610e-02
1.740157961845397949e+00
1.205939054489135742e-01
8.950054645538330078e-02
9.987512975931167603e-02
8.378905057907104492e-02
6.953965127468109131e-02
3.548888862133026123e-01
4.612250924110412598e-01
4.857762251049280167e-03
1.104184798896312714e-02
1.435093581676483154e-01
6.245159506797790527e-01
7.622922211885452271e-02
1.173760741949081421e-03
1.233478933572769165e-01
8.284844458103179932e-03
2.657292127609252930e+00
1.586876392364501953e+00
5.973282456398010254e-01
1.256683170795440674e-01
1.671776771545410156e+00
4.220405220985412598e-01
2.297988831996917725e-01
2.442645467817783356e-02
1.556124836206436157e-01
6.885648965835571289e-01
2.121217846870422363e-01
7.561519145965576172e-01
1.541798710823059082e-01
1.312215566635131836e+00
6.815022975206375122e-02
7.891660332679748535e-01
3.305786103010177612e-02
9.313296079635620117e-01
2.905486524105072021e-01
8.373116701841354370e-02
1.121497988700866699e+00
7.174974083900451660e-01
1.500953912734985352e+00
1.492920398712158203e+00
1.022226139903068542e-01
8.750138431787490845e-02
1.395926356315612793e+00
2.033102512359619141e+00
2.250877320766448975e-01
3.315864205360412598e-01
1.872364990413188934e-02
2.384952306747436523e+00
1.508013248443603516e+00
1.106857299804687500e+00
7.251657247543334961e-01
2.735676616430282593e-02
1.798279404640197754e+00
1.097170487046241760e-01
3.751246929168701172e+00
1.337461080402135849e-02
3.457663697190582752e-04
1.463782973587512970e-04
1.822716789320111275e-03
7.228954434394836426e-01
1.254642307758331299e-01
1.253052614629268646e-02
1.481261253356933594e+00
2.044850494712591171e-03
4.506178498268127441e-01
4.132628440856933594e-02
1.067309826612472534e-01
1.397131681442260742e+00
1.140919446945190430e+00
1.828327178955078125e+00
9.931272268295288086e-01
8.354597091674804688e-01
4.322865009307861328e+00
7.260328531265258789e-01
3.741476833820343018e-01
2.342101885005831718e-03
4.188920855522155762e-01
1.088993176817893982e-01
9.692667424678802490e-02
3.190509080886840820e-01
1.074274852871894836e-01
7.572927474975585938e-01
5.705144722014665604e-03
7.605263817822560668e-05
2.526308177039027214e-03
1.746332883834838867e+00
1.975061893463134766e+00
9.040039777755737305e-02
1.509514003992080688e-01
2.436118274927139282e-01
3.367203176021575928e-01
2.205073684453964233e-01
1.138204988092184067e-02
1.483457069844007492e-02
1.136055961251258850e-01
9.260004758834838867e-01
3.306579589843750000e-01
3.252805173397064209e-01
1.249619007110595703e+00
1.635025858879089355e+00
1.560952782630920410e+00
2.338112741708755493e-01
2.149440050125122070e-01
1.667401790618896484e-01
4.606018662452697754e-01
1.349442303180694580e-01
1.027975976467132568e-01
1.960752308368682861e-01
4.623007774353027344e-01
1.412712186574935913e-01
2.747468948364257812e-01
2.639794945716857910e-01
3.093222156167030334e-03
1.656232867389917374e-03
2.785257296636700630e-03
4.121075198054313660e-02
2.564395032823085785e-02
4.901976883411407471e-01
1.540477424860000610e-01
3.150297403335571289e-01
3.168071508407592773e+00
9.822788415476679802e-04
4.267578125000000000e-01
2.359427660703659058e-01
7.181867957115173340e-02
1.418426632881164551e+00
2.245322942733764648e+00
1.600517988204956055e+00
5.762209296226501465e-01
9.074895381927490234e-01
3.843761920928955078e+00
2.997906878590583801e-03
1.159495830535888672e+00
1.034959778189659119e-01
8.684321492910385132e-02
5.007482320070266724e-02
6.427567917853593826e-03
7.633812725543975830e-02
2.994859457015991211e+00
3.441192209720611572e-01
1.647069215774536133e+00
8.129484020173549652e-03
1.348962187767028809e-01
5.313701927661895752e-02
4.362061619758605957e-01
4.271948039531707764e-01
2.436869442462921143e-01
1.691997289657592773e+00
5.626318044960498810e-03
3.906142115592956543e-01
2.658396027982234955e-02
8.775479160249233246e-03
1.772928535938262939e-01
2.141762256622314453e+00
5.335742235183715820e-02
1.111750677227973938e-01
2.826935648918151855e-01
3.489066362380981445e-01
2.845050999894738197e-03
8.583032467868179083e-06
6.373745799064636230e-01
3.770478665828704834e-01
7.986280135810375214e-03
3.324652835726737976e-02
1.409490227699279785e+00
6.631696820259094238e-01
6.442818045616149902e-01
1.152198761701583862e-01
2.106852829456329346e-01
1.174948215484619141e+00
1.204120367765426636e-01
2.510107308626174927e-02
6.003754585981369019e-02
2.990807533264160156e+00
4.070168943144381046e-04
4.866658896207809448e-02
1.345835626125335693e-02
2.128133028745651245e-01
5.043759569525718689e-02
1.475566774606704712e-01
8.942903578281402588e-02
9.177286992780864239e-04
1.935453116893768311e-01
1.902300305664539337e-02
3.128068149089813232e-01
1.470733404159545898e+00
8.995541930198669434e-02
8.565887063741683960e-02
3.328632116317749023e-01
3.193939626216888428e-01
1.354451179504394531e-01
7.609592676162719727e-01
7.095865011215209961e-01
4.167532175779342651e-02
1.267684809863567352e-02
1.433417550288140774e-03
5.053144693374633789e-01
1.186639666557312012e+00
1.577338874340057373e-01
1.163091301918029785e+00
1.092830449342727661e-01
3.440843343734741211e+00
4.171339794993400574e-02
8.302836418151855469e-01
5.120997503399848938e-02
8.204211480915546417e-03
2.179237455129623413e-01
1.871195062994956970e-02
9.759672731161117554e-02
1.770005673170089722e-01
3.311017453670501709e-01
5.585188865661621094e-01
2.839387953281402588e-01
1.755356974899768829e-02
2.496971189975738525e-01
1.248303800821304321e-01
4.753063619136810303e-01
2.805502898991107941e-02
1.416888356208801270e+00
6.064650416374206543e-01
1.057080104947090149e-01
8.808325976133346558e-02
1.167524326592683792e-02
8.594026416540145874e-02
5.425980091094970703e-01
1.919328607618808746e-02
8.545258641242980957e-02
2.987882792949676514e-01
1.368210166692733765e-01
1.490228325128555298e-01
7.446384429931640625e-02
2.153630256652832031e+00
3.949241340160369873e-02
6.535910069942474365e-02
5.193552002310752869e-03
3.292120397090911865e-01
9.537606500089168549e-03
6.997924298048019409e-02
8.218181878328323364e-02
1.232745528221130371e+00
6.056298017501831055e-01
1.752662844955921173e-02
4.676992446184158325e-02
1.312913149595260620e-01
9.739853441715240479e-03
2.539665400981903076e-01
2.151958942413330078e+00
5.423651933670043945e-01
1.538081746548414230e-02
5.802844166755676270e-01
2.338974364101886749e-02
3.674626052379608154e-01
1.266556382179260254e-01
1.261498689651489258e+00
3.384006023406982422e-01
2.724817991256713867e-01
1.315091550350189209e-01
3.260774072259664536e-03
4.961005449295043945e-01
1.483638525009155273e+00
3.799998387694358826e-02
7.157801389694213867e-01
2.992334663867950439e-01
2.542590796947479248e-01
2.659151256084442139e-01
5.876738578081130981e-02
1.554307490587234497e-01
4.171167314052581787e-01
2.579998224973678589e-02
2.100349217653274536e-01
5.563141405582427979e-02
1.154444832354784012e-02
2.152184844017028809e-01
1.767725683748722076e-02
6.448324769735336304e-02
1.951904296875000000e+00
1.816693544387817383e+00
6.988173723220825195e-01
4.001986235380172729e-02
1.857580542564392090e-01
3.380347788333892822e-01
3.751452863216400146e-01
2.454120159149169922e+00
5.609745159745216370e-02
2.460668561980128288e-03
1.597276859683915973e-04
1.927058398723602295e-02
1.276801973581314087e-01
1.351444840431213379e+00
1.013123197481036186e-03
3.184689879417419434e-01
4.552253708243370056e-02
8.054111385717988014e-04
1.453208178281784058e-02
4.909287691116333008e-01
1.878165639936923981e-03
1.148474514484405518e-01
4.126966372132301331e-02
2.838241755962371826e-01
5.372965242713689804e-03
1.276663184165954590e+00
6.223074197769165039e-01
9.564409963786602020e-03
7.578286528587341309e-02
1.364581845700740814e-02
5.960462772236496676e-07
7.640779949724674225e-04
3.177344799041748047e-01
1.493213474750518799e-01
1.522561628371477127e-02
1.457806348800659180e+00
3.613277912139892578e+00
1.077720522880554199e+00
7.371043562889099121e-01
1.181744877249002457e-02
5.429965257644653320e-01
3.627337515354156494e-01
7.036832394078373909e-04
2.582478225231170654e-01
4.789665341377258301e-03
2.683730563148856163e-03
6.353157013654708862e-02
2.189644128084182739e-01
1.019319519400596619e-02
1.644219160079956055e-01
6.967853754758834839e-02
1.163856685161590576e-01
7.891321182250976562e-02
8.889964222908020020e-01
3.393803909420967102e-02
4.379910528659820557e-01
1.944688558578491211e-01
2.068752050399780273e-02
2.708403207361698151e-02
2.032713174819946289e+00
7.747600786387920380e-03
7.397019863128662109e-02
1.632276892662048340e+00
4.790477752685546875e-01
2.636886900290846825e-03
3.200627863407135010e-02
2.225825339555740356e-01
2.448776736855506897e-03
1.504243002273142338e-03
8.448067307472229004e-02
1.158605694770812988e+00
3.111691951751708984e+00
7.648469209671020508e-01
7.065374255180358887e-01
2.031960964202880859e+00
6.565207242965698242e-02
5.027153994888067245e-03
1.065077066421508789e+00
3.860043287277221680e-01
4.006902873516082764e-01
1.772923469543457031e-01
1.714445091784000397e-02
5.816187858581542969e-01
3.755852937698364258e+00
1.959864497184753418e-01
1.729440838098526001e-01
3.929330408573150635e-01
2.210851758718490601e-02
2.643069485202431679e-03
1.575311571359634399e-01
3.323127031326293945e-01
6.317288498394191265e-04
4.214798212051391602e-01
4.287714883685112000e-02
4.973505139350891113e-01
4.286504164338111877e-02
4.589452510117553174e-05
1.372591972351074219e+00
1.388885453343391418e-02
7.040278315544128418e-01
4.637508839368820190e-02
6.114048957824707031e-01
5.072531700134277344e-01
1.328180074691772461e+00
1.729711443185806274e-01
2.606517076492309570e-02
2.036130726337432861e-01
2.116996496915817261e-01
2.712808251380920410e-01
5.958075821399688721e-02
1.951521784067153931e-01
1.391412019729614258e+00
3.997141122817993164e-02
1.864737719297409058e-01
3.808731585741043091e-02
2.225519895553588867e+00
2.142895944416522980e-02
6.275184750556945801e-01
5.331820622086524963e-02
3.524397616274654865e-04
8.492073044180870056e-03
3.101916611194610596e-01
2.344075292348861694e-01
4.456950351595878601e-02
2.384183062531519681e-06
2.799932956695556641e-01
7.002549767494201660e-01
1.259183406829833984e+00
3.946055471897125244e-02
2.578701376914978027e-01
1.479631900787353516e+00
7.004320621490478516e-01
8.747118525207042694e-03
2.556970156729221344e-02
1.744865894317626953e+00
4.331585466861724854e-01
1.154996678233146667e-01
8.657068014144897461e-03
5.747703462839126587e-02
3.327663421630859375e+00
3.257299959659576416e-02
1.636350899934768677e-01
1.108339905738830566e+00
9.088338911533355713e-02
4.888564944267272949e-01
1.157786488533020020e+00
7.887090742588043213e-02
1.124058812856674194e-01
7.388833761215209961e-01
1.361171528697013855e-02
2.659919559955596924e-01
1.979361772537231445e+00
6.922074556350708008e-01
2.067096997052431107e-03
1.047906931489706039e-02
1.081235051155090332e+00
1.645013689994812012e-02
4.287303611636161804e-02
4.753982067108154297e+00
3.883309662342071533e-01
4.979459643363952637e-01
7.465824484825134277e-02
5.305300354957580566e-01
3.898996626958250999e-03
7.655444145202636719e-01
6.216516494750976562e-01
5.750541109591722488e-03
5.533639714121818542e-02
4.222815632820129395e-01
1.090342365205287933e-02
4.583234786987304688e+00
4.814342129975557327e-03
7.254180312156677246e-01
7.262013554573059082e-01
2.277318239212036133e-01
2.895637273788452148e+00
1.221121549606323242e+00
1.279401183128356934e+00
1.954966597259044647e-02
8.896947838366031647e-03
3.141416981816291809e-02
4.605511128902435303e-01
2.543430775403976440e-03
5.756510496139526367e-01
1.476644538342952728e-02
2.315803021192550659e-01
8.652624487876892090e-01
4.894925951957702637e-01
2.678855955600738525e-01
1.391589455306529999e-02
2.514025010168552399e-02
1.386660486459732056e-01
2.729325890541076660e-01
7.414330840110778809e-01
1.356377601623535156e+00
2.868933081626892090e-01
3.923872709274291992e-01
7.572776079177856445e-01
3.156506717205047607e-01
3.385848760604858398e+00
2.947914600372314453e-01
8.092945441603660583e-03
1.642441153526306152e-01
5.278106927871704102e-01
1.168002128601074219e+00
3.077223002910614014e-01
1.880783354863524437e-03
1.103746443986892700e-01
1.232098415493965149e-01
2.417108565568923950e-01
2.533816695213317871e-01
3.664092123508453369e-01
9.282191842794418335e-02
1.857197523117065430e+00
3.460946679115295410e-01
1.538761076517403126e-03
2.322320081293582916e-02
3.215564250946044922e+00
7.215102761983871460e-02
2.714370489120483398e-01
3.737064823508262634e-02
6.806232333183288574e-01
1.500363200902938843e-01
9.251089692115783691e-01
3.062680549919605255e-02
2.314679138362407684e-02
5.230509042739868164e-01
9.851417690515518188e-02
6.262656301259994507e-02
3.249115049839019775e-01
4.781580448150634766e+00
2.739643491804599762e-02
8.787319660186767578e-01
3.939576148986816406e-01
2.892757579684257507e-02
1.012412309646606445e-01
1.675544492900371552e-02
5.083660781383514404e-02
2.816108241677284241e-02
1.396432220935821533e-01
3.082277253270149231e-04
2.604321949183940887e-02
9.684703499078750610e-02
1.395153850317001343e-01
4.989077895879745483e-02
6.914042830467224121e-01
3.259198367595672607e-01
1.140199676156044006e-01
4.220184683799743652e-02
1.693390369415283203e+00
1.476343274116516113e-01
4.022615253925323486e-01
3.733769059181213379e-02
1.177774190902709961e+00
1.823986291885375977e+00
2.703321166336536407e-02
2.436967611312866211e+00
5.574267506599426270e-01
4.947393536567687988e-01
6.349982693791389465e-03
5.694233179092407227e-01
7.566206902265548706e-02
4.604521393775939941e-01
1.925931870937347412e-01
5.484833940863609314e-02
8.050013780593872070e-01
8.756986260414123535e-02
2.608511447906494141e-01
7.463290542364120483e-02
2.252825498580932617e-01
3.624599799513816833e-02
7.373852729797363281e-01
2.770516322925686836e-03
1.153816655278205872e-01
8.429801464080810547e-01
1.256619673222303391e-02
5.341212078928947449e-02
2.290960773825645447e-02
4.797246307134628296e-02
4.024123027920722961e-02
1.674600541591644287e-01
7.519986014813184738e-03
8.583555929362773895e-03
1.098216250538825989e-01
3.585409224033355713e-01
2.306302189826965332e-01
1.868047267198562622e-01
1.088158190250396729e-01
1.364617228507995605e+00
3.685371875762939453e-01
3.844384849071502686e-01
4.810228943824768066e-01
3.978172838687896729e-01
4.959769174456596375e-02
4.270776733756065369e-02
2.865396440029144287e-01
1.494297478348016739e-02
1.567719876766204834e-01
3.873923122882843018e-01
3.803500533103942871e-01
1.833875626325607300e-01
9.435378313064575195e-01
1.256101671606302261e-02
2.281943112611770630e-01
1.810465566813945770e-02
3.686751425266265869e-01
6.308286637067794800e-02
7.108626514673233032e-02
3.813493490219116211e+00
1.095282938331365585e-02
1.221850700676441193e-02
3.886734321713447571e-02
6.373600959777832031e-01
1.040616352111101151e-02
3.674100935459136963e-01
7.027649879455566406e-01
7.007457017898559570e-01
7.208529394119977951e-03
5.577862262725830078e-01
1.150955319404602051e+00
3.578945398330688477e-01
1.128262877464294434e-01
9.508193731307983398e-01
1.416232734918594360e-01
1.028877019882202148e+00
8.355014026165008545e-02
6.707282066345214844e-01
1.428894116543233395e-03
3.088824916630983353e-03
1.275733709335327148e-01
1.977789849042892456e-01
1.229604557156562805e-01
3.630667030811309814e-01
9.085102081298828125e-01
3.987420499324798584e-01
4.476037621498107910e-01
1.336884684860706329e-02
2.356611937284469604e-01
1.503149420022964478e-01
1.728541254997253418e+00
5.052131414413452148e-01
2.411144524812698364e-01
3.280363082885742188e-01
1.767572462558746338e-01
3.376990079879760742e+00
2.116636991500854492e+00
4.650321304798126221e-01
5.585778853856027126e-04
1.665192842483520508e-02
2.834383770823478699e-02
1.287214994430541992e+00
3.139530122280120850e-01
3.511340022087097168e-01
1.484690327197313309e-02
7.891943454742431641e-01
2.702997922897338867e-01
3.851545453071594238e-01
1.727372646331787109e+00
2.808621823787689209e-01
4.270925000309944153e-02
4.790286421775817871e-01
2.343737632036209106e-01
6.139758825302124023e-01
2.231686562299728394e-02
2.357065975666046143e-01
2.696359157562255859e-02
3.171813189983367920e-01
3.091449260711669922e+00
2.972237169742584229e-01
1.451996415853500366e-01
2.510084807872772217e-01
5.112398862838745117e-01
2.055071830749511719e+00
3.097081184387207031e-02
7.283207494765520096e-03
1.288775238208472729e-03
3.357237279415130615e-01
4.633570909500122070e-01
1.620310544967651367e-01
9.949272274971008301e-01
1.822054944932460785e-02
5.004151463508605957e-01
1.664859801530838013e-01
3.711130321025848389e-01
4.749848842620849609e-01
2.609502375125885010e-01
2.199720859527587891e+00
3.884628415107727051e-03
3.243901301175355911e-03
4.763163998723030090e-02
1.759374281391501427e-04
1.750842900946736336e-03
1.201664377003908157e-02
9.619726915843784809e-05
4.955980181694030762e-02
2.977645210921764374e-02
7.831743278075009584e-05
1.075989723205566406e+00
1.028015762567520142e-01
1.812816977500915527e+00
8.072794228792190552e-02
2.142816066741943359e+00
1.407741103321313858e-02
2.615418672561645508e+00
1.282871723175048828e+00
2.118560969829559326e-01
3.571504950523376465e-01
3.743355870246887207e-01
1.366491198539733887e+00
2.258609281852841377e-03
2.046013176441192627e-01
5.634210631251335144e-02
2.846405804157257080e-01
3.857132792472839355e-01
2.135379472747445107e-03
1.662418097257614136e-01
9.306687861680984497e-02
8.280943147838115692e-03
3.230653330683708191e-02
5.153021961450576782e-02
1.404139399528503418e-01
1.348216295242309570e+00
7.060047984123229980e-01
6.776472926139831543e-01
5.144858360290527344e-02
2.305714130401611328e+00
5.439498424530029297e-01
1.411395147442817688e-03
1.182341456413269043e+00
4.482440277934074402e-02
8.679436147212982178e-02
3.962282180786132812e+00
1.247107386589050293e-01
1.126473903656005859e+00
1.011155247688293457e+00
1.078184414654970169e-02
2.678023884072899818e-03
1.854956746101379395e-01
7.182999849319458008e-01
8.997976779937744141e-01
8.067048788070678711e-01
6.467396160587668419e-04
6.435415148735046387e-02
9.602464851923286915e-04
3.317944526672363281e+00
8.136247396469116211e-01
6.222635973244905472e-03
1.149156838655471802e-01
1.364647030830383301e+00
1.533394575119018555e+00
1.228972250828519464e-04
6.393176317214965820e-02
6.270259618759155273e-03
3.379704058170318604e-01
2.205114811658859253e-02
5.058391392230987549e-02
2.833642251789569855e-02
6.366166472434997559e-02
9.231345355510711670e-02
7.901015132665634155e-02
9.069609045982360840e-01
1.705081582069396973e+00
1.049300312995910645e+00
3.190352022647857666e-02
1.998461782932281494e-01
4.472611248493194580e-01
4.127995669841766357e-02
1.007861085236072540e-02
1.565303537063300610e-03
1.390389323234558105e+00
5.850571673363447189e-03
2.264720096718519926e-04
4.307686328887939453e+00
1.323721464723348618e-02
5.226906016469001770e-02
2.277858257293701172e+00
1.302453160285949707e+00
1.437072753906250000e+00
1.174831509590148926e+00
3.707323223352432251e-03
1.171836629509925842e-02
1.601500868797302246e+00
1.151308894157409668e+00
1.051440313458442688e-01
2.283026091754436493e-02
2.075170576572418213e-01
1.026374578475952148e+00
4.825678765773773193e-01
5.470209871418774128e-04
8.526004850864410400e-02
1.164034962654113770e+00
4.395472351461648941e-04
1.156800910830497742e-01
5.493662785738706589e-03
1.465505242347717285e+00
2.216384513303637505e-03
1.737307459115982056e-01
1.986610144376754761e-01
5.251691490411758423e-02
1.103465631604194641e-02
3.979030996561050415e-02
1.042192205786705017e-01
2.096464157104492188e+00
1.045020937919616699e+00
3.204911202192306519e-02
1.172829717397689819e-01
1.074838161468505859e+00
9.069821238517761230e-02
4.999579978175461292e-04
1.322783231735229492e-01
1.280984841287136078e-02
2.736410498619079590e-01
2.038936689496040344e-02
5.376001447439193726e-02
5.924551486968994141e-01
2.496669441461563110e-01
2.938754320144653320e+00
7.841754704713821411e-03
9.947862625122070312e-01
1.276889070868492126e-02
3.803821802139282227e-01
1.171951889991760254e-01
2.338531799614429474e-02
3.489562571048736572e-01
4.793354868888854980e-01
1.724728643894195557e-01
1.979741930961608887e+00
5.845949519425630569e-03
7.506640553474426270e-01
2.355566471815109253e-01
3.517247387208044529e-04
2.270112186670303345e-01
6.435661017894744873e-02
3.737127184867858887e-01
4.354044329375028610e-03
4.227927327156066895e-01
3.021900057792663574e-01
3.278654217720031738e-01
6.092745065689086914e-01
8.206619322299957275e-02
1.972192227840423584e-01
1.056574955582618713e-01
9.164223819971084595e-02
1.451858282089233398e-01
3.301350176334381104e-01
1.433704495429992676e-01
2.997664269059896469e-04
2.337949536740779877e-02
5.637440085411071777e-01
2.402992453426122665e-03
1.222286466509103775e-02
9.058198928833007812e-01
1.228399574756622314e-01
1.154326926916837692e-02
2.885347232222557068e-03
1.037062034010887146e-01
2.909451425075531006e-01
1.379437923431396484e+00
1.520451068878173828e+00
1.226373553276062012e+00
3.836610994767397642e-04
4.115080460906028748e-02
1.025389671325683594e+00
8.844265341758728027e-02
1.124101042747497559e+00
1.193526084534823895e-03
2.279086560010910034e-01
2.888588421046733856e-02
1.701517850160598755e-01
2.081610262393951416e-03
1.507747769355773926e+00
1.477195024490356445e+00
2.500951588153839111e-01
1.645268946886062622e-01
8.293635845184326172e-01
7.151550292968750000e+00
7.683249190449714661e-03
4.029172658920288086e-02
7.109944820404052734e-01
1.010327506810426712e-02
7.430525869131088257e-02
6.663838867098093033e-03
1.743542909622192383e+00
6.553170969709753990e-04
5.860955640673637390e-02
8.765907026827335358e-03
5.314997434616088867e-01
9.750896692276000977e-01
1.521334350109100342e-01
6.814198940992355347e-02
6.398867815732955933e-02
5.953080952167510986e-03
5.010903812944889069e-03
2.603192115202546120e-04
6.466772407293319702e-03
3.720399141311645508e-01
3.074407875537872314e-01
7.109837234020233154e-02
2.198246307671070099e-02
2.981435060501098633e-01
1.291593164205551147e-01
7.577841170132160187e-03
2.711458504199981689e-01
1.446369737386703491e-01
1.478262245655059814e-01
2.229945808649063110e-01
2.426559209823608398e+00
2.740201540291309357e-03
1.009600088000297546e-01
1.269177675247192383e+00
1.052490845322608948e-01
1.896674185991287231e-02
1.077292442321777344e+00
9.562031179666519165e-02
4.088486433029174805e-01
2.950127236545085907e-03
3.732930868864059448e-02
1.745147854089736938e-01
1.341176927089691162e-01
5.125539004802703857e-02
4.737378120422363281e+00
2.502987384796142578e-01
2.408268213272094727e+00
1.105746775865554810e-01
5.630712509155273438e-01
3.626442253589630127e-01
1.626479439437389374e-03
1.701565086841583252e-01
3.902083961293101311e-03
3.325692713260650635e-01
6.989165395498275757e-02
1.991328448057174683e-01
7.237790822982788086e-01
1.307135522365570068e-01
9.451288729906082153e-03
9.294101037085056305e-03
1.154028654098510742e+00
8.441480807960033417e-03
1.237216964364051819e-01
3.673115000128746033e-02
1.158218458294868469e-01
8.346581459045410156e-02
4.660427570343017578e-01
1.509317308664321899e-01
5.258894059807062149e-03
1.481458544731140137e-01
5.133113265037536621e-01
8.238997459411621094e-01
1.092129424214363098e-01
1.331624388694763184e-01
1.299368888139724731e-01
1.413337290287017822e-01
1.333414763212203979e-01
1.923526823520660400e-02
1.886375597678124905e-03
2.039773702621459961e+00
6.189029216766357422e-01
2.969557046890258789e-01
6.533744186162948608e-02
1.596866995096206665e-01
1.651839911937713623e-01
2.509244680404663086e-01
3.187465295195579529e-02
4.651635289192199707e-01
5.634154379367828369e-02
4.861060902476310730e-02
4.864240065217018127e-02
1.303330421447753906e+00
5.645284429192543030e-03
1.449671745300292969e+00
4.587306380271911621e-01
9.539451450109481812e-02
3.761510550975799561e-02
3.270279616117477417e-03
4.244433641433715820e-01
4.095332697033882141e-02
1.041772216558456421e-01
3.287994265556335449e-01
3.526831045746803284e-02
4.023784697055816650e-01
1.256620138883590698e-01
1.032071113586425781e-01
5.921658277511596680e-01
3.551805857568979263e-04
9.202269315719604492e-01
7.044601440429687500e-01
4.252666234970092773e-01
1.301680749747902155e-04
3.100933134555816650e-01
2.977146506309509277e-01
3.471540519967675209e-03
1.869299635291099548e-02
8.368142152903601527e-05
4.603383596986532211e-03
1.624518930912017822e-01
2.953331172466278076e-02
3.938984870910644531e-02
2.666421234607696533e-01
1.902031339704990387e-02
2.401746064424514771e-01
4.558656215667724609e-01
3.255662918090820312e-01
5.342254880815744400e-03
7.439468172378838062e-04
1.400277137756347656e+00
5.657256580889225006e-03
1.007304430007934570e+00
7.061950117349624634e-02
5.125250220298767090e-01
9.593106508255004883e-01
2.833372354507446289e-01
1.209592103958129883e+00
6.004755496978759766e-01
1.722073554992675781e-02
1.027586936950683594e+00
4.078853875398635864e-02
1.360313128679990768e-02
1.199601531028747559e+00
7.605096101760864258e-01
7.774104177951812744e-02
4.728326573967933655e-03
1.955094933509826660e-01
9.342834819108247757e-04
1.293894601985812187e-03
2.969738561660051346e-03
3.190667135640978813e-03
9.088121354579925537e-02
2.357187420129776001e-01
2.232549153268337250e-02
6.760107353329658508e-03
1.085828170180320740e-01
7.392327189445495605e-01
1.760813295841217041e-01
1.018314212560653687e-01
1.168234944343566895e+00
4.947928190231323242e-01
8.845127373933792114e-02
5.187502503395080566e-01
7.040771245956420898e-01
1.120363473892211914e+00
3.407878875732421875e-01
1.127918839454650879e+00
3.733194991946220398e-02
5.834948420524597168e-01
9.247170686721801758e-01
5.442462116479873657e-02
4.298627376556396484e-01
1.188532263040542603e-01
1.526977401226758957e-03
5.303134322166442871e-01
3.277345001697540283e-01
7.820438593626022339e-02
1.006078999489545822e-02
1.526858424767851830e-03
6.309352349489927292e-03
1.307340562343597412e-01
1.644705682992935181e-01
4.062166437506675720e-02
1.249461174011230469e-01
3.896915912628173828e-02
6.195269059389829636e-03
1.435970980674028397e-02
2.548582255840301514e-01
2.918576002120971680e+00
8.282495290040969849e-02
9.377965331077575684e-01
1.382713168859481812e-01
6.004955768585205078e-01
1.470767408609390259e-01
1.584368646144866943e-01
2.495426684617996216e-01
1.154561996459960938e+00
8.251610398292541504e-01
8.549280464649200439e-03
1.784449070692062378e-02
1.022968664765357971e-01
4.258140623569488525e-01
8.447553515434265137e-01
5.428581833839416504e-01
3.954293131828308105e-01
9.449577331542968750e-01
3.171554565429687500e+00
2.417519539594650269e-01
1.908824145793914795e-01
2.687563002109527588e-01
1.289658434689044952e-02
2.206320496043190360e-04
5.547108650207519531e-01
1.534828662872314453e+00
2.130561880767345428e-02
8.431298732757568359e-01
2.867870032787322998e-01
5.113556236028671265e-02
5.382220745086669922e-01
8.497628383338451385e-03
5.017707943916320801e-01
6.762494146823883057e-02
1.228508114814758301e+00
1.580658197402954102e+00
7.722750306129455566e-02
1.607191860675811768e-01
1.030210405588150024e-02
3.354100883007049561e-01
1.423744708299636841e-01
5.352353764465078712e-05
4.011771082878112793e-01
2.569789290428161621e-01
6.530990600585937500e-01
5.767144560813903809e-01
3.825886233244091272e-04
6.519558429718017578e-01
7.271740287251304835e-06
1.296783685684204102e+00
1.423894427716732025e-03
8.339463919401168823e-02
2.782898426055908203e+00
6.185048841871321201e-04
1.764352619647979736e-02
7.372983694076538086e-01
7.733497768640518188e-02
1.035970151424407959e-01
3.290203586220741272e-02
3.045014858245849609e+00
3.978628516197204590e-01
1.189555823802947998e-01
4.357342259027063847e-04
8.411567211151123047e-01
2.090924046933650970e-02
2.483086287975311279e-02
6.124252453446388245e-02
1.707856953144073486e-01
3.550442308187484741e-02
8.597344756126403809e-01
1.549820043146610260e-02
1.806414872407913208e-02
4.639955982565879822e-02
1.072917699813842773e+00
5.961636304855346680e-01
4.843821749091148376e-02
7.303127646446228027e-02
1.632266119122505188e-02
2.924693003296852112e-02
1.769388839602470398e-02
3.370321122929453850e-03
3.404180984944105148e-03
8.505258709192276001e-02
6.071200370788574219e-01
1.725005507469177246e-01
3.756067156791687012e-01
1.196902617812156677e-01
8.184101581573486328e-01
1.288804858922958374e-01
1.745669394731521606e-01
2.947282195091247559e-01
2.011545449495315552e-01
4.255720600485801697e-02
5.611970424652099609e-01
1.109665870666503906e+00
2.689905166625976562e-01
5.009001731872558594e+00
9.606570005416870117e-02
3.251057118177413940e-02
1.084708929061889648e+00
1.376933157444000244e-01
8.173064142465591431e-02
9.560673236846923828e-01
6.882176734507083893e-03
1.545770406723022461e+00
6.721996665000915527e-01
7.750568389892578125e-01
2.586051821708679199e-01
1.052265539765357971e-01
5.508266687393188477e-01
1.322416663169860840e-01
5.546873211860656738e-01
4.066591262817382812e-01
5.383942723274230957e-01
8.071517944335937500e-01
9.681382030248641968e-02
2.854092121124267578e-01
2.382017970085144043e-01
4.647295922040939331e-02
4.959428682923316956e-02
1.890622675418853760e-01
1.562913179397583008e+00
1.308538368903100491e-03
2.730932533740997314e-01
6.693797651678323746e-03
3.366162767633795738e-03
3.326121866703033447e-01
6.565060615539550781e-01
3.966829925775527954e-02
2.323645204305648804e-01
4.725607633590698242e-01
1.655110001564025879e+00
5.943498015403747559e-01
3.904367983341217041e-02
1.826787590980529785e-01
3.879234939813613892e-02
1.282677412033081055e+00
1.043691396713256836e+00
7.556273341178894043e-01
1.283454746007919312e-01
1.120215654373168945e+00
2.519863843917846680e-01
6.753309280611574650e-04
2.740242958068847656e+00
1.326486110687255859e+00
5.232804920524358749e-03
9.072110652923583984e-01
1.030013799667358398e+00
5.509655475616455078e-01
1.056271910667419434e+00
1.671966612339019775e-01
2.496644295752048492e-02
4.785275552421808243e-03
3.670631170272827148e+00
1.286145567893981934e+00
8.914773464202880859e-01
2.249437093734741211e+00
2.202149182558059692e-01
2.246239455416798592e-03
1.158145666122436523e+00
7.087802048772573471e-03
5.125833675265312195e-03
1.042458564043045044e-01
3.421407425776124001e-03
3.785137832164764404e-01
6.405979394912719727e-02
3.867169320583343506e-01
1.795104704797267914e-02
1.916949599981307983e-01
1.150809049606323242e+00
2.683232128620147705e-01
1.424947261810302734e+00
2.345495223999023438e-01
8.229039907455444336e-01
2.843514643609523773e-02
2.789644896984100342e-02
3.491422176361083984e+00
3.119736313819885254e-01
4.747897759079933167e-02
4.088741540908813477e-02
8.706210553646087646e-02
1.765294551849365234e+00
2.500713616609573364e-02
4.448984146118164062e+00
1.272804941982030869e-02
2.062445580959320068e-01
6.408316642045974731e-02
4.326032474637031555e-03
4.996077157557010651e-03
5.374340713024139404e-02
3.622564673423767090e-02
1.316412210464477539e+00
9.238292841473594308e-05
1.447556138038635254e+00
1.355483978986740112e-01
1.101584509015083313e-01
1.815895080566406250e+00
3.074937462806701660e-01
2.079982906579971313e-01
4.443963244557380676e-02
1.074853181838989258e+00
4.808070659637451172e-01
2.551119327545166016e+00
9.165942668914794922e-02
8.268141746520996094e-02
1.300237774848937988e-01
2.266816096380352974e-03
3.479195237159729004e-01
5.183972045779228210e-02
1.539161920547485352e+00
2.025193125009536743e-01
1.050592511892318726e-01
1.233158826828002930e+00
8.192121982574462891e-01
4.908464550971984863e-01
2.037301473319530487e-02
2.069951966404914856e-03
9.394084811210632324e-01
2.469607815146446228e-02
2.117052555084228516e+00
1.815359108150005341e-02
2.942650616168975830e-01
1.435790657997131348e-01
6.904613226652145386e-02
1.516984224319458008e+00
4.338693916797637939e-01
4.754275083541870117e-02
1.856969356536865234e+00
8.341251313686370850e-02
2.867744863033294678e-01
1.453999757766723633e+00
3.681616783142089844e+00
2.075013667345046997e-01
2.881396003067493439e-02
1.060995622538030148e-03
5.124387145042419434e-01
6.628517806529998779e-02
5.108992569148540497e-03
1.925610303878784180e-01
9.001980535686016083e-03
1.591510474681854248e-01
7.971260696649551392e-03
5.418212413787841797e-01
2.615270137786865234e+00
1.157696604728698730e+00
8.964071422815322876e-02
5.322835221886634827e-02
1.451299309730529785e+00
9.373732209205627441e-01
8.967220783233642578e-02
3.005556464195251465e-01
9.833570569753646851e-02
4.571319743990898132e-02
4.294085502624511719e-01
1.802939772605895996e-01
1.884135752916336060e-01
2.551046236476395279e-05
8.944562636315822601e-03
2.535701096057891846e-01
1.035018861293792725e-01
7.601711899042129517e-02
1.942106522619724274e-02
8.120254427194595337e-02
9.644819498062133789e-01
6.377553194761276245e-02
9.067241102457046509e-02
3.970978021621704102e+00
3.667772747576236725e-03
4.844669103622436523e-01
8.124504685401916504e-01
3.478668397292494774e-03
1.655226759612560272e-02
3.242440288886427879e-05
5.431330204010009766e-02
2.725435197353363037e-01
6.055648555047810078e-05
1.378896413370966911e-03
1.284187585115432739e-01
7.863236963748931885e-02
1.754531986080110073e-03
8.049192838370800018e-03
1.357729911804199219e+00
1.124508678913116455e-02
1.202012747526168823e-01
1.212371349334716797e+00
2.881427049636840820e+00
5.593699812889099121e-01
3.271705470979213715e-03
2.641145229339599609e+00
2.960758805274963379e-01
2.771942876279354095e-03
3.116518817842006683e-02
2.720315456390380859e-01
1.550661921501159668e+00
3.236046731472015381e-01
4.529651999473571777e-01
5.218309164047241211e-01
1.092146430164575577e-02
1.649720506975427270e-04
1.435708105564117432e-01
6.589775532484054565e-02
2.265903800725936890e-01
8.684026002883911133e-01
1.193807739764451981e-02
3.272345662117004395e-02
6.460919976234436035e-01
9.494143724441528320e-01
1.637190813198685646e-03
3.781932890415191650e-01
9.962039440870285034e-02
5.748936533927917480e-01
1.410397607833147049e-02
7.239033579826354980e-01
1.886905083665624261e-04
1.161647215485572815e-01
2.166467607021331787e-01
3.292332291603088379e-01
2.057892084121704102e-02
1.921526789665222168e-01
1.757051050662994385e-01
3.492508828639984131e-02
1.750666946172714233e-01
2.028886079788208008e-01
1.080024763941764832e-01
3.599023818969726562e-01
1.215648204088211060e-01
4.563951119780540466e-02
2.121201455593109131e-01
1.692930698394775391e+00
4.891228079795837402e-01
2.888794541358947754e-01
4.371081590652465820e-01
1.343801140785217285e+00
2.503886520862579346e-01
3.491291999816894531e-01
5.512987263500690460e-03
8.061247318983078003e-02
4.345829784870147705e-01
1.393060237169265747e-01
9.392945468425750732e-02
2.232384383678436279e-01
8.513207733631134033e-02
1.035386562347412109e+00
4.072354733943939209e-01
6.699190288782119751e-02
8.105327188968658447e-02
4.489656984806060791e-01
3.714127838611602783e-01
4.209784418344497681e-02
2.093492262065410614e-02
9.418395161628723145e-01
2.253951132297515869e-01
3.534851595759391785e-02
1.558559983968734741e-01
1.079169988632202148e+00
7.922801375389099121e-02
2.270667999982833862e-01
4.195370078086853027e-01
4.804089665412902832e-01
7.820880413055419922e-01
4.386805812828242779e-05
6.398639678955078125e-01
5.434776544570922852e-01
6.576403975486755371e-02
1.116054803133010864e-01
3.767968118190765381e-01
3.198965489864349365e-01
1.728089898824691772e-01
8.449539542198181152e-01
3.914989829063415527e-01
1.112979173660278320e+00
1.814531326293945312e+00
1.475080149248242378e-03
1.386880427598953247e-01
2.524769067764282227e+00
1.756032824516296387e+00
7.535399496555328369e-02
3.045846819877624512e-01
7.581752538681030273e-01
1.149093061685562134e-01
1.645811088383197784e-02
2.843166887760162354e-02
8.201017975807189941e-01
2.089336328208446503e-02
4.429872930049896240e-01
2.533983252942562103e-02
8.681767620146274567e-03
8.771343156695365906e-03
4.708058834075927734e+00
9.764775037765502930e-01
6.132091879844665527e-01
8.128064684569835663e-03
1.523399829864501953e+00
2.566440105438232422e-01
2.750163152813911438e-02
5.163903348147869110e-03
3.945832550525665283e-01
3.005199730396270752e-01
7.216034084558486938e-02
2.233036793768405914e-03
3.049816191196441650e-01
7.375645637512207031e-01
1.076099157333374023e+00
3.396496176719665527e-01
1.285829186439514160e+00
1.174440011382102966e-01
7.128409743309020996e-01
4.792638719081878662e-01
8.845520019531250000e-02
1.098829746246337891e+00
1.500159054994583130e-01
1.165943667292594910e-01
1.096448376774787903e-01
2.659638039767742157e-02
4.728808999061584473e-02
6.660668253898620605e-01
8.927312679588794708e-03
1.055827140808105469e+00
2.293053150177001953e+00
5.891178846359252930e-01
9.371043741703033447e-02
1.623866260051727295e-01
1.775279827415943146e-02
3.964882194995880127e-01
9.243779629468917847e-02
3.764187991619110107e-01
4.220151901245117188e-01
5.842561125755310059e-01
2.465306082740426064e-03
5.042138695716857910e-02
3.799531757831573486e-01
6.798859238624572754e-01
6.991838216781616211e-01
1.485735643655061722e-02
7.597224712371826172e-01
3.324660778045654297e+00
6.094316840171813965e-01
1.869872957468032837e-02
1.409566253423690796e-01
7.894097268581390381e-02
1.172143816947937012e-01
9.645536541938781738e-02
1.196786239743232727e-01
1.590545773506164551e+00
1.593674719333648682e-01
2.227258533239364624e-01
7.152473926544189453e-01
3.112300634384155273e-01
5.778788472525775433e-04
7.191196680068969727e-01
3.664460480213165283e-01
1.093981089070439339e-03
2.526271045207977295e-01
2.470458030700683594e+00
3.478206694126129150e-01
1.711249947547912598e-01
2.515826933085918427e-02
3.320962935686111450e-02
5.551740899682044983e-02
2.994485795497894287e-01
2.626491524279117584e-02
4.154148045927286148e-03
6.016666889190673828e-01
4.965111613273620605e-01
1.706313192844390869e-01
1.022888463921844959e-03
1.112909436225891113e+00
1.212274879217147827e-01
2.300444096326828003e-01
1.240266952663660049e-02
3.336621448397636414e-02
1.995567798614501953e+00
3.378332555294036865e-01
5.990751385688781738e-01
4.256708323955535889e-01
2.017766088247299194e-01
1.147353172302246094e+00
2.821172475814819336e-01
2.300691306591033936e-01
1.214091539382934570e+00
1.885610818862915039e-01
1.070879516191780567e-03
1.279044389724731445e+00
9.745637886226177216e-03
5.419598221778869629e-01
6.015790700912475586e-01
5.658086389303207397e-03
2.111632004380226135e-02
3.694554790854454041e-02
4.589598178863525391e-01
6.691429764032363892e-03
1.252618074417114258e+00
1.293071269989013672e+00
1.040309574455022812e-02
3.018819689750671387e-01
4.581243991851806641e-01
3.955647945404052734e-01
8.040417432785034180e-01
9.425072930753231049e-03
2.557564258575439453e+00
4.879473447799682617e-01
6.622747052460908890e-03
1.303967460989952087e-02
2.176136970520019531e+00
2.201728373765945435e-01
4.358763396739959717e-01
5.820824299007654190e-03
6.917101796716451645e-03
4.428223706781864166e-03
1.069763768464326859e-02
3.920195579528808594e+00
4.719259738922119141e-01
1.263383030891418457e-01
4.091841876506805420e-01
1.037700653076171875e+00
3.050251901149749756e-01
7.584546804428100586e-01
3.893556445837020874e-02
1.231351137161254883e+00
5.646221339702606201e-02
2.163809258490800858e-03
6.530059128999710083e-02
1.477775931358337402e+00
2.349653393030166626e-01
3.453195095062255859e-01
2.584540471434593201e-02
4.302722513675689697e-01
9.507229924201965332e-02
1.095473344321362674e-04
4.553227722644805908e-01
2.291079377755522728e-03
1.157538056373596191e+00
3.529611229896545410e-01
9.277031570672988892e-02
1.957186937332153320e+00
1.070100426673889160e+00
7.141376733779907227e-01
1.159464754164218903e-02
1.951558828353881836e+00
6.641981601715087891e-01
5.639588832855224609e-01
2.098011523485183716e-01
3.606776297092437744e-01
1.650439381599426270e+00
2.059541195631027222e-01
3.205015137791633606e-02
1.115455385297536850e-02
2.509026229381561279e-02
3.658964633941650391e-01
1.293934285640716553e-01
4.239816591143608093e-02
7.950289845466613770e-01
1.826701872050762177e-02
1.308310747146606445e+00
1.173674687743186951e-01
6.194521784782409668e-01
1.747874766588211060e-01
3.433644175529479980e-01
1.398613303899765015e-01
9.140107035636901855e-02
5.953841805458068848e-01
1.052208065986633301e+00
2.433452606201171875e+00
1.446816511452198029e-02
1.723353401757776737e-03
1.130508445203304291e-02
3.158017158508300781e+00
2.183761261403560638e-02
5.113239213824272156e-02
6.043959036469459534e-02
9.589795954525470734e-03
1.024874448776245117e-01
2.213664203882217407e-01
1.048576593399047852e+00
3.117875754833221436e-01
3.337824046611785889e-01
2.642988562583923340e-01
9.175274521112442017e-02
2.935540303587913513e-02
1.167140483856201172e+00
9.098025038838386536e-03
1.602199077606201172e+00
2.765553295612335205e-01
2.359795719385147095e-01
1.365769561380147934e-02
1.667769104242324829e-01
1.191211462020874023e+00
2.768654823303222656e-01
5.621664524078369141e-01
2.221298776566982269e-02
2.495087683200836182e-01
3.343867659568786621e-01
7.939023635117337108e-05
1.365175992250442505e-01
6.911922246217727661e-02
3.650312777608633041e-03
6.565397232770919800e-02
9.190043434500694275e-03
8.177691102027893066e-01
7.118931971490383148e-03
2.817916125059127808e-02
1.207143902778625488e+00
4.678471013903617859e-02
1.447412669658660889e-01
7.808940112590789795e-02
3.713449954986572266e+00
1.133126169443130493e-01
1.746677909977734089e-03
1.139181777834892273e-01
2.799962088465690613e-02
2.400898486375808716e-01
8.574585616588592529e-02
1.014012336730957031e+00
8.527800440788269043e-02
2.654499113559722900e-01
1.945836097002029419e-02
2.384194545447826385e-02
6.042556464672088623e-02
6.468507647514343262e-02
2.644569873809814453e-01
6.153423711657524109e-02
1.028080284595489502e-01
2.435293048620223999e-02
5.431352257728576660e-01
7.612900733947753906e-01
1.552085399627685547e+00
8.559963107109069824e-01
1.687092483043670654e-01
4.376265704631805420e-01
5.522314459085464478e-02
7.064247727394104004e-01
5.818610191345214844e-01
1.545218974351882935e-01
5.967300850898027420e-03
4.532956704497337341e-02
1.593973875045776367e+00
2.798047959804534912e-01
1.649211160838603973e-03
5.204527378082275391e-01
1.364033699035644531e+00
1.069069862365722656e+00
1.444488065317273140e-03
1.219020411372184753e-01
5.378522276878356934e-01
1.811041235923767090e-01
6.388870626688003540e-02
5.312917232513427734e-01
6.109775602817535400e-02
9.398178458213806152e-01
1.344662666320800781e+00
6.476039290428161621e-01
8.836727738380432129e-01
8.070520758628845215e-01
4.436574131250381470e-02
4.879913330078125000e+00
2.106649130582809448e-01
1.576874554157257080e-01
7.496553659439086914e-02
1.859378218650817871e+00
2.491722106933593750e+00
8.798325061798095703e-01
4.671235755085945129e-02
4.271238744258880615e-01
9.739344120025634766e-01
2.913659252226352692e-02
2.431000024080276489e-02
3.139832317829132080e-01
2.091881185770034790e-01
1.828924298286437988e+00
6.576710343360900879e-01
9.105764329433441162e-02
2.487766444683074951e-01
1.709151387214660645e+00
1.633447557687759399e-01
2.215407639741897583e-01
9.136534295976161957e-03
1.883995952084660530e-03
2.350921742618083954e-02
1.762279495596885681e-02
7.584584876894950867e-03
1.197129487991333008e-02
7.905014753341674805e-01
5.251114442944526672e-02
6.113438010215759277e-01
2.432963401079177856e-01
6.129511073231697083e-02
1.969122327864170074e-02
3.097446858882904053e-01
8.809178689261898398e-05
3.612084984779357910e-01
9.961413592100143433e-02
2.441108226776123047e-04
6.217778660356998444e-03
5.880694985389709473e-01
9.130195379257202148e-01
2.768520116806030273e-01
3.013266026973724365e-01
1.188903823494911194e-01
1.059995815157890320e-01
5.521060824394226074e-01
9.390764832496643066e-01
1.204896047711372375e-01
2.704785168170928955e-01
7.603302597999572754e-02
4.180233776569366455e-01
6.870021224021911621e-01
4.088374078273773193e-01
5.077780038118362427e-02
1.613625674508512020e-03
7.801234126091003418e-01
3.874475881457328796e-02
4.040768742561340332e-01
6.979414820671081543e-01
6.424725055694580078e-03
4.623569250106811523e-01
1.448697745800018311e-01
5.352671146392822266e-01
1.237609982490539551e+00
2.739834070205688477e+00
1.173167955130338669e-02
8.117990195751190186e-02
4.037020683288574219e+00
1.539356191642582417e-03
3.813969960901886225e-04
6.332749128341674805e-02
1.658251881599426270e-02
1.114288344979286194e-02
2.583616077899932861e-01
4.723581019788980484e-03
4.846561849117279053e-01
1.523489713668823242e+00
1.908358681248500943e-04
2.983363519888371229e-04
2.278714813292026520e-02
1.155753850936889648e+00
7.813185453414916992e-01
8.357130736112594604e-02
5.516121536493301392e-02
1.449403405189514160e+00
3.318044124171137810e-03
1.675240844488143921e-01
4.330430626869201660e-01
1.719155013561248779e-01
1.081730276346206665e-01
2.129193861037492752e-03
2.484749071300029755e-02
1.078939661383628845e-01
1.897680200636386871e-02
1.039450944517739117e-04
1.648719757795333862e-01
1.743378400802612305e+00
4.315293133258819580e-01
1.255691051483154297e+00
1.301296427845954895e-02
4.677663091570138931e-03
1.912228614091873169e-01
6.096440926194190979e-02
1.053266882896423340e+00
3.235298097133636475e-01
4.279548674821853638e-02
6.349872350692749023e-01
4.217389822006225586e-01
4.972735643386840820e-01
5.623755455017089844e-01
7.548807859420776367e-01
8.153387159109115601e-02
1.080614402890205383e-01
1.022397518157958984e+00
6.566257029771804810e-02
3.829362243413925171e-02
8.548979461193084717e-02
2.461087465286254883e+00
2.114546000957489014e-01
2.009088918566703796e-02
9.397155791521072388e-02
3.007177496328949928e-03
1.692628720775246620e-04
1.677487939596176147e-01
6.907512433826923370e-03
1.160407438874244690e-01
5.722714066505432129e-01
2.563384175300598145e-02
4.488093778491020203e-02
1.629665344953536987e-01
1.523145288228988647e-01
1.613677859306335449e+00
1.496018171310424805e-01
1.273722052574157715e-01
1.045698598027229309e-01
2.512130141258239746e-02
1.697496652603149414e+00
3.557761907577514648e-01
1.722753047943115234e-02
1.411800235509872437e-01
1.263858795166015625e+00
1.729718595743179321e-01
1.230168566107749939e-01
4.165966808795928955e-01
4.014003276824951172e-01
7.634921669960021973e-01
4.142110422253608704e-02
4.170683622360229492e-01
2.887974493205547333e-02
5.210984963923692703e-03
2.982291281223297119e-01
2.010128833353519440e-02
2.056378722190856934e-01
4.289587587118148804e-02
3.076263368129730225e-01
8.025305345654487610e-03
5.234576389193534851e-02
4.395044967532157898e-02
2.479556202888488770e-01
9.259032011032104492e-01
1.165485940873622894e-02
5.934038162231445312e-01
2.467723749577999115e-02
4.611614346504211426e-02
1.733238697052001953e+00
6.728618592023849487e-02
1.167047992348670959e-01
3.024370409548282623e-02
6.617299281060695648e-03
8.315059542655944824e-01
2.517389832064509392e-03
1.131935834884643555e+00
9.542109966278076172e-01
3.369856253266334534e-02
2.393240574747323990e-03
2.514559775590896606e-02
2.842991352081298828e-01
1.272599995136260986e-01
9.077245742082595825e-02
1.281577110290527344e+00
1.260883361101150513e-01
4.215361922979354858e-02
1.132710933685302734e+00
3.384815761819481850e-03
8.088078349828720093e-02
8.535035699605941772e-02
1.576372504234313965e+00
5.475932955741882324e-01
1.785947591997683048e-03
2.443187637254595757e-03
2.672315167728811502e-04
8.319501578807830811e-02
3.667263984680175781e-01
4.923628330230712891e+00
9.985613822937011719e-02
3.732630610466003418e-01
1.162087619304656982e-01
1.294308900833129883e+00
2.290424257516860962e-01
3.570378571748733521e-02
3.728938754647970200e-03
7.348294369876384735e-03
2.636429965496063232e-01
4.349058959633111954e-03
2.212087810039520264e-02
2.827259004116058350e-01
1.925769805908203125e+00
4.414391517639160156e-02
5.026178359985351562e-01
6.797841191291809082e-01
2.237062454223632812e-01
9.988570213317871094e-02
3.603726327419281006e-01
3.864255249500274658e-01
6.512387990951538086e-01
1.673680543899536133e-02
6.362657528370618820e-03
5.021686553955078125e-01
3.338235616683959961e-02
2.240914404392242432e-01
2.113243341445922852e-01
1.665908396244049072e-01
2.809826284646987915e-02
7.060221862047910690e-03
1.939203357324004173e-03
1.821837782859802246e+00
3.112322390079498291e-01
1.093490701168775558e-02
2.940880775451660156e+00
1.629051208496093750e+00
1.856079548597335815e-01
5.470704287290573120e-02
1.403535455465316772e-01
1.213465724140405655e-02
1.281799077987670898e-01
3.864176869392395020e-01
3.908377606421709061e-03
3.398592472076416016e-01
1.375801279209554195e-03
8.537498116493225098e-02
5.658349990844726562e-01
2.177007347345352173e-01
3.913839813321828842e-03
1.069604530930519104e-01
1.570331603288650513e-01
3.673436865210533142e-02
7.061121463775634766e-01
1.601915955543518066e-01
6.288696313276886940e-04
1.995020732283592224e-02
1.872495889663696289e+00
3.395907282829284668e-01
1.199955702759325504e-03
1.486433595418930054e-01
2.447810888290405273e+00
8.450181782245635986e-02
2.483865432441234589e-02
1.946198567748069763e-02
4.329712130129337311e-03
5.125482380390167236e-02
3.399093151092529297e-01
7.576259374618530273e-01
1.441061377525329590e+00
3.207428008317947388e-02
7.287102192640304565e-02
1.812231689691543579e-01
4.827859811484813690e-05
7.188120507635176182e-04
3.532000303268432617e+00
3.485532477498054504e-02
1.588652849197387695e+00
1.446378082036972046e-01
2.516157925128936768e-01
3.522653505206108093e-02
1.908651180565357208e-02
2.651021182537078857e-01
2.811704017221927643e-02
6.106200814247131348e-01
1.287560462951660156e+00
1.178929209709167480e-02
1.430647633969783783e-02
4.544156193733215332e-01
7.380216121673583984e-01
1.037729382514953613e-01
9.774442762136459351e-03
5.083807930350303650e-02
5.720079410821199417e-03
8.521386422216892242e-03
1.073031723499298096e-01
2.777190820779651403e-04
6.886621564626693726e-02
4.927159287035465240e-03
2.825803756713867188e+00
3.868005990982055664e+00
8.940865099430084229e-02
1.592559390701353550e-03
8.468507230281829834e-02
3.893625363707542419e-02
3.371882438659667969e-01
3.616333380341529846e-02
1.865910016931593418e-03
9.834653139114379883e-01
1.840395182371139526e-01
7.229586690664291382e-02
5.454721394926309586e-04
2.780820429325103760e-01
3.988859802484512329e-02
4.444134607911109924e-02
6.309754848480224609e-01
1.081960678100585938e+00
4.610806331038475037e-02
1.861133575439453125e+00
2.369375713169574738e-02
7.556214928627014160e-02
3.166700601577758789e-01
9.344210028648376465e-01
2.345763641642406583e-04
4.723828434944152832e-01
3.351254463195800781e-01
1.156263242592103779e-04
4.331845417618751526e-02
1.522080227732658386e-02
1.410585641860961914e-02
8.816837333142757416e-03
5.839849710464477539e-01
4.630683362483978271e-01
7.547703981399536133e-01
8.133634328842163086e-01
1.233045220375061035e+00
5.607268214225769043e-01
4.213029053062200546e-03
1.822429522871971130e-02
2.578164567239582539e-04
1.018124865368008614e-03
5.963992476463317871e-01
1.008409619331359863e+00
1.330572515726089478e-01
1.105068996548652649e-02
2.153455093502998352e-02
1.212789535522460938e+00
1.500686071813106537e-02
4.075701236724853516e-01
2.150200605392456055e-01
8.385449647903442383e-03
1.145570650696754456e-01
7.767850905656814575e-02
2.669728696346282959e-01
1.260857470333576202e-02
5.168181657791137695e-01
1.308306008577346802e-01
1.965323463082313538e-02
4.919506609439849854e-01
2.332068420946598053e-02
4.536240100860595703e-01
3.264915198087692261e-02
1.431667685508728027e+00
1.503239721059799194e-01
2.904395945370197296e-02
1.530801504850387573e-01
5.048487782478332520e-01
1.833920180797576904e-01
5.151594877243041992e-01
3.051870130002498627e-02
2.105093300342559814e-01
1.667021773755550385e-02
1.200744628906250000e+00
4.184430465102195740e-02
8.724026083946228027e-01
5.849374532699584961e-01
2.474462613463401794e-03
1.729384809732437134e-02
1.460568457841873169e-01
7.863635197281837463e-03
1.663016504608094692e-03
1.814441680908203125e+00
7.101322412490844727e-01
1.319611966609954834e-01
1.312442779541015625e+00
1.677865266799926758e+00
1.941730733960866928e-04
7.936608977615833282e-03
5.324325561523437500e-01
2.308784984052181244e-02
7.688262462615966797e-01
2.535179257392883301e-01
4.362184405326843262e-01
2.839482203125953674e-02
8.426350541412830353e-03
1.315839122980833054e-02
5.296947956085205078e-01
7.468900084495544434e-02
1.422899961471557617e-01
1.793923079967498779e-01
9.670755267143249512e-02
1.663968665525317192e-03
8.932372927665710449e-02
2.273693978786468506e-01
1.176653504371643066e+00
1.538217663764953613e+00
9.194675087928771973e-02
8.195146918296813965e-01
4.402323067188262939e-02
3.951359391212463379e-01
1.346008658409118652e+00
4.618335049599409103e-03
3.376736771315336227e-03
9.632366299629211426e-01
2.560843229293823242e-01
6.060519218444824219e-01
9.878863394260406494e-02
9.815882146358489990e-02
1.002993106842041016e+00
2.949592657387256622e-02
1.989410957321524620e-03
4.845849871635437012e-01
1.674361228942871094e+00
2.550126016139984131e-01
4.165213704109191895e-01
2.405656501650810242e-02
1.808080705814063549e-03
1.712381094694137573e-01
1.115768432617187500e+00
2.889155782759189606e-02
1.423148214817047119e-01
9.505997295491397381e-04
1.827650144696235657e-02
3.853785619139671326e-02
8.888077735900878906e-02
6.938830018043518066e-01
6.770303845405578613e-02
1.387837648391723633e+00
3.236493095755577087e-02
2.244189381599426270e-01
1.879451870918273926e+00
9.810336828231811523e-01
8.392387535423040390e-04
7.507777214050292969e-01
8.475069999694824219e-01
3.303975239396095276e-02
2.705978229641914368e-02
1.268438156694173813e-02
3.726851642131805420e-01
2.232074260711669922e+00
1.557447791099548340e+00
1.630326807498931885e-01
6.422500610351562500e-01
2.525713527575135231e-03
1.954745054244995117e-01
2.047290652990341187e-01
1.377779692411422729e-01
2.719777822494506836e-01
1.976388335227966309e+00
1.046465516090393066e+00
4.365358054637908936e-01
4.688746333122253418e-01
6.306053996086120605e-01
2.000489272177219391e-02
1.250433444976806641e+00
6.428071260452270508e-01
3.359943255782127380e-02
1.890224963426589966e-01
1.267720013856887817e-01
3.801113367080688477e-01
1.237315882463008165e-04
7.544270753860473633e-01
1.889961510896682739e-01
8.689961433410644531e-01
1.836766898632049561e-01
2.474992536008358002e-02
1.821169862523674965e-03
3.715186193585395813e-02
6.686023622751235962e-02
2.812598831951618195e-03
1.016227379441261292e-01
1.550885140895843506e-01
5.142536759376525879e-02
1.278560422360897064e-02
6.571544408798217773e-01
3.120562992990016937e-02
2.526954412460327148e-01
2.132768630981445312e-01
6.302992696873843670e-04
1.131628453731536865e-01
1.238493546843528748e-01
2.697572410106658936e-01
5.857821106910705566e-01
1.929644584655761719e+00
1.373621076345443726e-01
7.345925271511077881e-02
3.373291343450546265e-03
2.612730488181114197e-02
1.687541127204895020e+00
7.686797995120286942e-03
7.400961220264434814e-02
2.981510013341903687e-02
2.269487304147332907e-04
1.608485460281372070e+00
4.235086217522621155e-02
8.148048073053359985e-03
1.315177798271179199e+00
9.548470377922058105e-03
1.971946507692337036e-01
2.562671434134244919e-04
7.287262678146362305e-01
3.140237331390380859e-01
7.953742891550064087e-02
1.253329515457153320e+00
1.908238232135772705e-01
5.875291535630822182e-04
7.292216420173645020e-01
4.490282014012336731e-02
5.360530018806457520e-01
1.014954447746276855e+00
2.743887016549706459e-03
1.767668426036834717e-01
1.244505718350410461e-01
6.721573472023010254e-01
3.017739951610565186e-01
2.040998786687850952e-01
1.806386947631835938e+00
5.179645419120788574e-01
3.281962871551513672e-01
2.637484669685363770e-01
1.338192820549011230e-01
4.483648226596415043e-04
4.251713454723358154e-01
1.097672343254089355e+00
1.232322216033935547e+00
1.453618526458740234e+00
1.051988545805215836e-02
7.773268967866897583e-03
3.579659759998321533e-01
1.643081456422805786e-01
1.105402037501335144e-01
4.659049510955810547e-01
1.101660251617431641e+00
6.339284032583236694e-02
1.657672226428985596e-01
2.752758860588073730e-01
4.351603984832763672e-02
5.989266633987426758e-01
1.079904556274414062e+00
1.994407735764980316e-03
3.136717015877366066e-03
1.939462125301361084e-01
1.734777092933654785e-01
3.700231552124023438e+00
4.101099446415901184e-02
1.892886161804199219e+00
1.809063196182250977e+00
1.100278854370117188e+00
5.116274580359458923e-02
1.210652589797973633e+00
6.187919378280639648e-01
1.067938730120658875e-01
2.072093309834599495e-03
1.792836040258407593e-01
4.571555554866790771e-01
2.379272580146789551e-01
9.120118920691311359e-04
9.941560711013153195e-05
1.082443952560424805e+00
5.893485620617866516e-02
2.142475098371505737e-01
5.409673452377319336e-01
7.350976020097732544e-02
2.948248982429504395e-01
1.494062185287475586e+00
2.205128694185987115e-04
6.023702025413513184e-01
1.688588857650756836e-01
4.652541875839233398e-02
4.584919214248657227e-01
6.602022796869277954e-03
4.737523198127746582e-01
4.577776417136192322e-02
1.312702000141143799e-01
1.533493399620056152e+00
7.203382849693298340e-01
3.626634553074836731e-02
1.935582421720027924e-02
9.043617844581604004e-01
1.127754330635070801e+00
1.123344421386718750e+00
2.026713639497756958e-01
2.988081984221935272e-02
1.593424677848815918e-01
4.148972332477569580e-01
7.768568396568298340e-01
1.259361505508422852e-01
7.346434891223907471e-02
8.717978745698928833e-02
6.850208640098571777e-01
2.895819842815399170e-01
6.989036202430725098e-01
4.980458691716194153e-02
1.521032333374023438e+00
1.737586036324501038e-02
2.541882693767547607e-01
3.849540650844573975e-01
1.721636295318603516e+00
1.362492442131042480e-01
2.220870852470397949e-01
1.606062054634094238e-01
1.654609680175781250e+00
2.770831584930419922e-01
1.438003871589899063e-02
3.704829141497612000e-03
4.721208009868860245e-03
6.462981700897216797e-01
1.507340669631958008e-01
1.057143092155456543e+00
2.055706024169921875e+00
1.728878170251846313e-01
3.343585133552551270e-02
8.682572841644287109e-02
3.569948375225067139e-01
8.021786212921142578e-01
1.660154610872268677e-01
8.934675455093383789e-01
1.104913204908370972e-01
4.002010524272918701e-01
4.979947805404663086e-01
9.013203904032707214e-03
1.495196968317031860e-01
1.537311077117919922e-01
4.986299574375152588e-02
2.374449729919433594e+00
6.981217116117477417e-02
3.454474687576293945e+00
3.572505712509155273e-01
2.133970558643341064e-01
1.524358871392905712e-03
2.467127144336700439e-01
2.504778861999511719e+00
3.467196947894990444e-04
1.619157314300537109e+00
4.833509027957916260e-02
3.750222325325012207e-01
9.713903814554214478e-02
1.429846393875777721e-03
1.842356681823730469e+00
1.089087277650833130e-01
3.166307210922241211e-01
6.053614020347595215e-01
1.531685292720794678e-01
8.590291738510131836e-01
2.505311012268066406e+00
3.926125168800354004e-02
8.895207047462463379e-01
6.986900568008422852e-01
1.018916070461273193e-01
2.969363033771514893e-01
3.099381178617477417e-02
7.276919484138488770e-01
1.084253787994384766e-01
6.511095166206359863e-02
1.295323367230594158e-03
6.628882884979248047e-01
8.807940483093261719e-01
1.956211626529693604e-01
3.455887138843536377e-01
1.966322422027587891e+00
9.018354862928390503e-02
3.993735551834106445e+00
1.190980300307273865e-01
3.987044811248779297e+00
3.284942507743835449e-01
2.414642423391342163e-01
4.102506861090660095e-02
7.726799696683883667e-02
2.288187593221664429e-01
2.516278743743896484e+00
9.509429335594177246e-01
5.302413366734981537e-03
2.699424624443054199e-01
2.221848368644714355e-01
2.395929545164108276e-01
4.665082097053527832e-01
1.289014518260955811e-01
1.192310452461242676e-01
1.121756359934806824e-01
1.042052030563354492e+00
4.030040800571441650e-01
5.234982967376708984e-01
2.485204895492643118e-04
5.115246772766113281e-01
7.548865079879760742e-01
3.221303597092628479e-02
3.747120797634124756e-01
2.183722108602523804e-01
5.609125271439552307e-02
1.235785961151123047e+00
3.214943408966064453e-02
1.321908473968505859e+00
2.858327031135559082e-01
6.641955971717834473e-01
2.316425293684005737e-01
2.252164036035537720e-01
2.597809076309204102e+00
3.951060771942138672e-01
9.108310937881469727e-02
1.477760449051856995e-02
7.690890431404113770e-01
1.445282220840454102e+00
2.522025406360626221e-01
1.872937202453613281e+00
1.498197019100189209e-01
6.565790176391601562e-01
3.282842636108398438e-01
4.979589488357305527e-03
2.710329182446002960e-02
1.341918949037790298e-02
1.060682177543640137e+00
8.669129014015197754e-02
1.053639966994524002e-02
3.130205571651458740e-01
5.006989464163780212e-03
1.666055768728256226e-01
2.428365796804428101e-01
2.555378153920173645e-02
1.366424858570098877e-01
3.376777172088623047e-01
6.382048875093460083e-02
3.819386661052703857e-01
3.015929222106933594e+00
4.196009337902069092e-01
1.260731965303421021e-01
3.039375005755573511e-04
1.824543029069900513e-01
3.822806775569915771e-01
4.206224381923675537e-01
1.204890757799148560e-01
2.686695456504821777e-01
1.290782094001770020e+00
3.144250214099884033e-01
1.587881326675415039e+00
3.730335086584091187e-02
6.661825347691774368e-03
1.471387386322021484e+00
8.374942541122436523e-01
1.621229574084281921e-02
6.712898015975952148e-01
5.806505307555198669e-02
8.471637964248657227e-01
2.624186873435974121e-01
2.809258364140987396e-02
1.378747671842575073e-01
7.367228157818317413e-03
1.194533824920654297e+00
3.861602246761322021e-01
4.384178519248962402e-01
5.444268509745597839e-02
2.138753682374954224e-01
1.189072243869304657e-02
1.147534996271133423e-01
1.876401342451572418e-02
4.184104502201080322e-01
2.684023603796958923e-02
2.317276597023010254e-02
5.606877617537975311e-03
1.517711281776428223e-01
3.545991778373718262e-01
1.896530628204345703e+00
4.013770818710327148e-02
5.377978459000587463e-02
3.596552312374114990e-01
7.312319707125425339e-03
5.631905198097229004e-01
3.233937621116638184e-01
8.997217416763305664e-01
1.925722360610961914e-01
4.792778491973876953e-01
1.042360886931419373e-01
2.613746821880340576e-01
1.645112186670303345e-01
8.861009478569030762e-01
8.359277844429016113e-01
1.775370597839355469e+00
5.958650261163711548e-03
8.881915127858519554e-04
7.586497068405151367e-02
1.115197658538818359e+00
7.927933335304260254e-02
2.537637054920196533e-01
1.145980000495910645e+00
1.073678433895111084e-01
1.684805303812026978e-01
4.646954238414764404e-01
1.465914249420166016e-01
1.473419904708862305e+00
5.626638233661651611e-02
1.201580286026000977e+00
4.827572405338287354e-01
5.916029214859008789e-01
2.586745023727416992e-01
4.870743751525878906e-01
9.391748309135437012e-01
1.256808191537857056e-01
1.823182255029678345e-01
1.260744571685791016e+00
1.179122686386108398e+00
1.029876708984375000e+00
7.962406426668167114e-02
1.794132962822914124e-02
1.216804087162017822e-01
4.476957395672798157e-02
1.500512957572937012e-01
7.231476306915283203e-01
1.122513175010681152e+00
8.408214896917343140e-02
6.246956810355186462e-02
2.571848919615149498e-03
1.292738169431686401e-01
2.574778795242309570e+00
1.050254423171281815e-02
8.591665625572204590e-01
3.625177145004272461e-01
2.841510064899921417e-02
2.608380019664764404e-01
1.074679493904113770e+00
8.651769161224365234e-02
5.692077279090881348e-01
6.607407331466674805e-02
2.442203462123870850e-02
3.939369227737188339e-03
2.400989830493927002e-02
7.947146892547607422e-01
1.232584834098815918e+00
1.774319447576999664e-02
3.280854551121592522e-03
3.298028230667114258e+00
7.677087932825088501e-02
4.759889245033264160e-01
2.174091935157775879e-01
1.414519101381301880e-01
7.327411174774169922e-01
1.256867777556180954e-03
9.828527569770812988e-01
1.028043270111083984e+00
3.983896225690841675e-03
5.107332020998001099e-03
1.648367382586002350e-02
1.563200950622558594e+00
9.510524570941925049e-02
9.077136963605880737e-02
2.460533976554870605e-01
2.561915516853332520e-01
1.566891372203826904e-01
2.459676414728164673e-01
1.571238338947296143e-01
2.549433112144470215e-01
7.889371365308761597e-02
1.534377932548522949e-01
3.127196133136749268e-01
2.476221472024917603e-01
4.567194581031799316e-01
1.802725950255990028e-03
1.108303740620613098e-01
1.679870299994945526e-02
2.057822048664093018e-02
5.783474445343017578e-01
4.290779586881399155e-03
7.160330414772033691e-01
5.355452895164489746e-01
1.131250988692045212e-02
3.909331932663917542e-02
1.389370322227478027e+00
1.267901539802551270e+00
2.961305081844329834e-01
2.807487268000841141e-03
2.284847736358642578e+00
6.758493930101394653e-02
6.461724638938903809e-02
1.305792331695556641e-01
2.762131690979003906e-01
9.060080051422119141e-01
3.880801498889923096e-01
1.222422048449516296e-01
1.092279195785522461e+00
8.437955379486083984e-02
6.918830424547195435e-02
1.859387040138244629e+00
1.176273599267005920e-01
3.535289466381072998e-01
2.735108435153961182e-01
1.061494648456573486e-01
1.316983103752136230e-01
2.936168909072875977e+00
3.282463252544403076e-01
8.136100769042968750e-01
7.670485973358154297e-02
3.738282248377799988e-02
8.893167600035667419e-03
3.733010962605476379e-02
6.773712038993835449e-01
9.189781546592712402e-02
2.022225260734558105e-01
1.167949661612510681e-01
1.299799084663391113e-01
2.220855839550495148e-02
3.346617147326469421e-02
5.024591088294982910e-02
3.193590641021728516e-01
4.679971337318420410e-01
8.506166338920593262e-01
4.044718444347381592e-01
7.210166752338409424e-02
3.722002804279327393e-01
9.226303696632385254e-01
4.175398498773574829e-02
1.193675756454467773e+00
2.206152491271495819e-02
6.622983608394861221e-03
7.729154229164123535e-01
1.850987970829010010e-01
2.826979011297225952e-02
4.791666939854621887e-02
1.365021020174026489e-01
3.290710970759391785e-02
1.576388925313949585e-01
6.669375300407409668e-02
1.896162629127502441e-01
4.003623872995376587e-02
3.363397121429443359e-01
8.321188688278198242e-01
6.275992989540100098e-01
8.239060044288635254e-01
2.162222663173452020e-04
1.097222864627838135e-01
4.700595140457153320e-02
1.259282231330871582e+00
2.412685379385948181e-02
2.654502689838409424e-01
2.194362878799438477e-02
6.176557391881942749e-02
5.594074726104736328e-03
3.196898847818374634e-02
1.632670015096664429e-01
7.693580538034439087e-02
5.681366845965385437e-02
9.230793453752994537e-03
5.695943236351013184e-01
5.449528992176055908e-02
3.602710366249084473e-01
1.799195259809494019e-01
5.477634072303771973e-02
2.405707359313964844e+00
9.653557091951370239e-02
1.218517962843179703e-02
7.415357828140258789e-01
1.018701910972595215e+00
3.846627771854400635e-01
5.870526074431836605e-04
2.591943368315696716e-03
3.019300056621432304e-03
1.035626888275146484e+00
8.499795198440551758e-01
2.095160037279129028e-01
4.663510620594024658e-02
1.999204605817794800e-01
7.347456812858581543e-01
2.883577942848205566e-01
2.480818703770637512e-02
4.833681285381317139e-01
7.199463248252868652e-02
5.082402229309082031e-01
2.617924213409423828e-01
7.722996175289154053e-03
5.242291837930679321e-03
2.692831493914127350e-02
6.813189387321472168e-01
4.988964647054672241e-02
2.306571789085865021e-02
3.305508792400360107e-01
1.585190743207931519e-01
3.029555678367614746e-01
9.108469486236572266e-01
3.904161602258682251e-02
1.883192807435989380e-01
1.408516895025968552e-02
7.807903602952137589e-05
1.146902918815612793e+00
4.299620985984802246e-01
3.728794455528259277e-01
4.275281131267547607e-01
2.951179146766662598e-01
2.055640220642089844e-01
1.853819191455841064e-02
5.182093009352684021e-02
9.241160005331039429e-02
1.378986597061157227e+00
9.532245397567749023e-01
6.106927245855331421e-02
3.880472155287861824e-03
2.164357602596282959e-01
3.064264357089996338e-02
2.879044786095619202e-02
5.954493284225463867e-01
9.257068037986755371e-01
4.891898155212402344e+00
5.348353832960128784e-02
6.660006642341613770e-01
2.125241756439208984e-01
8.635313808917999268e-02
4.438706487417221069e-02
5.877118557691574097e-03
4.637230038642883301e-01
1.121249437332153320e+00
2.871676981449127197e-01
8.148486912250518799e-02
7.762986421585083008e-01
1.367626428604125977e+00
2.250308096408843994e-01
9.020810127258300781e-01
6.896390765905380249e-02
1.290097981691360474e-01
5.396898835897445679e-02
1.475105881690979004e-01
9.441055655479431152e-01
1.595827937126159668e+00
2.222878694534301758e+00
3.765550255775451660e-01
8.916846662759780884e-02
5.182641558349132538e-03
9.001227617263793945e-01
7.056471109390258789e-01
1.123353559523820877e-02
9.617529511451721191e-01
7.582819461822509766e-01
4.559118747711181641e-01
6.486742198467254639e-02
1.945905387401580811e-01
2.817642092704772949e-01
1.977802664041519165e-01
1.102646112442016602e+00
8.422122150659561157e-02
1.259956359863281250e-01
4.099121987819671631e-01
1.593720726668834686e-02
1.516746282577514648e+00
7.247230038046836853e-03
2.215284407138824463e-01
1.132806837558746338e-01
1.375177502632141113e-01
2.997983396053314209e-01
4.235096573829650879e-01
3.829970583319664001e-02
4.282472655177116394e-02
7.343022298300638795e-05
1.380190968513488770e+00
3.915258566848933697e-04
1.310991775244474411e-02
8.851667642593383789e-01
1.611286997795104980e-01
2.331633120775222778e-01
1.575518250465393066e-01
2.070293389260768890e-02
2.893724143505096436e-01
2.775291725993156433e-02
1.437608003616333008e-01
3.794326782226562500e-01
4.023695946671068668e-04
4.918456822633743286e-02
9.589087218046188354e-03
9.006972541101276875e-04
6.810696721076965332e-01
1.466505229473114014e-01
3.934500738978385925e-03
6.231705546379089355e-01
9.966193884611129761e-02
3.242090344429016113e-01
1.121032759547233582e-01
4.645722866058349609e+00
5.220966041088104248e-02
3.820864260196685791e-01
1.443197578191757202e-02
8.120378479361534119e-03
7.669644895941019058e-03
2.704388648271560669e-02
2.596664726734161377e-01
3.661784157156944275e-02
1.053850632160902023e-03
1.389486938714981079e-01
1.556614879518747330e-03
2.291286922991275787e-02
1.808159239590167999e-02
7.476395112462341785e-04
1.906884759664535522e-01
6.192706823348999023e-01
4.496919512748718262e-01
4.986193776130676270e-01
2.509683609008789062e+00
7.746062707155942917e-03
1.379856109619140625e+00
1.062964558601379395e+00
3.297570645809173584e-01
1.501070111989974976e-01
1.542610973119735718e-01
6.124110221862792969e-01
7.808726429939270020e-01
8.783528804779052734e-01
1.378591775894165039e+00
4.519168138504028320e-01
7.360848248936235905e-04
4.293698966503143311e-01
1.432413309812545776e-01
1.621184498071670532e-01
6.181749701499938965e-01
1.461748266592621803e-03
1.802282058633863926e-04
2.676706314086914062e+00
3.078136779367923737e-02
7.074079513549804688e-01
8.258952759206295013e-03
1.907346813823096454e-06
1.586932897567749023e+00
4.851236343383789062e-01
1.283162180334329605e-02
3.439640700817108154e-01
6.456025689840316772e-02
4.504482448101043701e-02
1.265247762203216553e-01
3.016923088580369949e-03
1.790911853313446045e-01
2.098987698554992676e-01
3.964366614818572998e-01
1.142141342163085938e+00
2.171247601509094238e-01
8.146036416292190552e-02
7.440032064914703369e-02
1.322345063090324402e-02
1.029267683625221252e-01
1.979594677686691284e-02
1.870621740818023682e-02
4.596996679902076721e-02
1.900319099426269531e+00
3.276159763336181641e-01
1.076727434992790222e-01
1.029986143112182617e-01
9.407898783683776855e-02
2.891474068164825439e-01
6.702785491943359375e-01
1.826116628944873810e-02
6.355472654104232788e-02
1.681399196386337280e-01
5.079987049102783203e-01
1.205763220787048340e-02
3.702136874198913574e-02
8.982069492340087891e-01
1.664545983076095581e-01
7.413923740386962891e-02
8.044208288192749023e-01
7.429684698581695557e-02
1.090237975120544434e+00
6.380662322044372559e-03
2.080691605806350708e-01
1.404716491699218750e+00
1.163639826700091362e-03
9.893881360767409205e-05
2.499226778745651245e-01
1.527140382677316666e-02
7.275497913360595703e-02
1.898693889379501343e-01
4.403840303421020508e-01
1.957788765430450439e-01
1.279022842645645142e-01
3.454547226428985596e-01
1.297298431396484375e+00
4.689389169216156006e-01
2.518974304199218750e+00
6.453369855880737305e-01
7.091415673494338989e-02
1.431866884231567383e-01
7.023719698190689087e-02
2.168166488409042358e-01
2.790479958057403564e-01
2.354291975498199463e-01
1.781158804893493652e+00
1.293285965919494629e+00
1.185038611292839050e-01
6.863538622856140137e-01
5.853889975696802139e-03
1.230403900146484375e+00
1.536843925714492798e-01
1.043954957276582718e-02
2.706014311115723103e-05
1.342215090990066528e-01
2.860390543937683105e-01
4.768642783164978027e-02
4.121623933315277100e-01
2.142336368560791016e+00
4.237505197525024414e-01
3.832425549626350403e-02
7.665627449750900269e-02
5.903442576527595520e-02
2.085454910993576050e-01
6.643944419920444489e-03
1.958080828189849854e-01
1.531014591455459595e-02
1.178697824478149414e+00
1.716341972351074219e-01
1.187349081039428711e+00
3.256988525390625000e-02
2.559697151184082031e+00
1.422562897205352783e-01
5.138119459152221680e-01
6.997691988945007324e-01
1.866222359240055084e-02
1.744286715984344482e-01
5.907617807388305664e-01
7.164974696934223175e-03
4.826294481754302979e-01
1.548529624938964844e+00
9.902684390544891357e-02
4.925498738884925842e-03
3.365836739540100098e-01
2.100698053836822510e-01
3.933323174715042114e-02
1.188768863677978516e+00
1.002815127372741699e+00
6.994789838790893555e-02
5.182727053761482239e-02
9.317043423652648926e-01
1.437763869762420654e-01
2.658753693103790283e-01
4.229473769664764404e-01
8.835251629352569580e-02
1.067004323005676270e+00
2.546333074569702148e+00
6.840646266937255859e-01
1.162732914090156555e-01
2.088153269141912460e-03
2.897193096578121185e-02
7.676165699958801270e-01
8.217214345932006836e-01
1.628243327140808105e-01
5.925974845886230469e-01
6.963080167770385742e-01
1.767114996910095215e-01
4.176096245646476746e-02
2.056915462017059326e-01
2.504660487174987793e-01
8.091849684715270996e-01
6.190058588981628418e-01
1.171141280792653561e-03
1.224013864994049072e-01
2.867517294362187386e-03
9.099193811416625977e-01
1.168545708060264587e-01
6.747400164604187012e-01
1.691465079784393311e-01
6.079017766751348972e-04
8.863087296485900879e-01
3.727830648422241211e-01
4.248511418700218201e-02
8.567009121179580688e-03
1.307235717773437500e+00
1.118838693946599960e-02
4.532663226127624512e-01
4.359725280664861202e-04
2.865205526351928711e+00
1.579071581363677979e-01
1.152591466903686523e+00
2.311141729354858398e+00
6.991593837738037109e-01
8.908993601799011230e-01
2.620717044919729233e-03
4.682360887527465820e-01
3.028279542922973633e-02
1.479240413755178452e-02
1.403686702251434326e-01
2.400565594434738159e-01
7.827088236808776855e-03
1.755735874176025391e-01
2.230876684188842773e-01
1.591995596885681152e+00
8.140361867845058441e-03
2.168142795562744141e-02
2.887217998504638672e-01
4.326233267784118652e-01
2.017755746841430664e+00
1.333108823746442795e-02
3.730548024177551270e-01
3.127299249172210693e-02
8.161757588386535645e-01
3.308799862861633301e-01
4.948309063911437988e-01
7.058477997779846191e-01
2.355832159519195557e-01
2.673906385898590088e-01
1.904671788215637207e-01
2.023793524131178856e-03
1.704886853694915771e-01
6.984836459159851074e-01
6.255266070365905762e-02
7.887172512710094452e-03
6.908517479896545410e-01
6.867212802171707153e-02
4.455909132957458496e-01
4.231509566307067871e-02
1.232022285461425781e+00
4.948304891586303711e-01
1.239066012203693390e-02
3.697109175845980644e-03
1.603877991437911987e-01
1.854263804852962494e-02
1.733935356140136719e+00
3.038183203898370266e-04
3.171190023422241211e-01
1.056754112243652344e+00
3.471421776339411736e-03
7.669613510370254517e-02
4.149698913097381592e-01
8.564432263374328613e-01
2.345503091812133789e+00
2.008493423461914062e+00
1.081170558929443359e+00
1.604164391756057739e-01
1.590703129768371582e-01
2.621905878186225891e-03
1.959455572068691254e-02
1.009619422256946564e-02
4.338257610797882080e-01
9.161204695701599121e-01
2.443663310259580612e-03
2.405880838632583618e-01
5.971631035208702087e-02
4.055828750133514404e-01
1.516888737678527832e-01
5.921339988708496094e-01
1.742495775222778320e+00
5.951437726616859436e-02
4.207384213805198669e-02
5.064760148525238037e-02
7.629350572824478149e-02
1.356470733880996704e-01
1.620084494352340698e-01
3.818942070007324219e+00
3.834780454635620117e-01
1.894826069474220276e-02
1.732550859451293945e-01
4.100605845451354980e-03
5.983707960695028305e-04
1.136790681630373001e-02
2.983515739440917969e+00
5.752556025981903076e-03
6.227493286132812500e-03
2.676044106483459473e-01
3.448247537016868591e-02
1.432128343731164932e-02
5.965200662612915039e-01
1.005636572837829590e+00
2.869894728064537048e-03
1.759292744100093842e-02
7.835540920495986938e-02
6.355777978897094727e-01
1.660398324020206928e-03
6.222754251211881638e-03
1.581765711307525635e-01
1.047889813780784607e-01
4.165050759911537170e-02
5.588503088802099228e-03
2.412867546081542969e+00
5.192856863141059875e-02
1.140941008925437927e-01
1.274372637271881104e-01
7.320047169923782349e-02
1.279033895116299391e-04
4.444280862808227539e-01
3.507766425609588623e-01
1.776614785194396973e-02
8.093333244323730469e-02
6.478778719902038574e-01
3.238482177257537842e-01
9.765414148569107056e-02
6.121258437633514404e-02
2.407599985599517822e-02
3.430673852562904358e-03
2.212111093103885651e-02
5.050612092018127441e-01
4.735819399356842041e-01
6.900975108146667480e-02
1.064276173710823059e-01
6.182622313499450684e-01
7.364708781242370605e-01
1.138605736196041107e-02
1.440718211233615875e-02
3.609524667263031006e-01
9.476689592702314258e-05
7.707580924034118652e-01
6.128100752830505371e-01
1.655135989189147949e+00
1.625699400901794434e-01
3.813773393630981445e-01
7.358628511428833008e-01
2.124952793121337891e+00
1.170545932836830616e-03
2.838492095470428467e-01
3.173687160015106201e-01
1.644345670938491821e-01
1.143778190016746521e-01
1.251451577991247177e-02
4.030352085828781128e-02
1.567589491605758667e-01
3.162711560726165771e-01
7.749138399958610535e-03
6.995930075645446777e-01
2.008404731750488281e-01
1.519489288330078125e+00
1.475982218980789185e-01
6.024768203496932983e-02
9.983639419078826904e-02
1.217552274465560913e-02
8.852198123931884766e-01
2.324618864804506302e-03
2.244957983493804932e-01
4.136711061000823975e-01
2.048444271087646484e+00
2.279021864524111152e-04
2.930759266018867493e-02
3.022269308567047119e-01
1.516098976135253906e-01
6.529511511325836182e-02
2.764687240123748779e-01
1.184245347976684570e+00
1.093002796173095703e+00
2.685603141784667969e+00
5.331832170486450195e-01
1.476692914962768555e+00
6.367643177509307861e-02
1.217998504638671875e+00
1.075790748000144958e-01
5.065227393060922623e-03
1.669443845748901367e-01
5.838299542665481567e-02
9.960503578186035156e-01
4.380274564027786255e-03
1.058405451476573944e-02
1.059573143720626831e-02
4.905223101377487183e-02
9.128681421279907227e-01
2.764264680445194244e-02
7.333844900131225586e-01
5.105198025703430176e-01
1.212369948625564575e-01
4.050029441714286804e-03
2.150176651775836945e-02
1.196057498455047607e-01
2.776858806610107422e-01
6.896257400512695312e-02
2.132936000823974609e+00
9.972775727510452271e-02
1.789622008800506592e-01
5.616266727447509766e-01
1.126231312751770020e+00
9.068610146641731262e-03
2.929564565420150757e-03
1.132476795464754105e-02
1.266895681619644165e-01
8.052557706832885742e-01
9.626601636409759521e-02
8.636558777652680874e-04
6.000030636787414551e-01
9.878557175397872925e-03
1.492747291922569275e-02
2.371697872877120972e-01
9.599511623382568359e-01
3.992017507553100586e-01
1.060483679175376892e-01
6.751151382923126221e-02
5.894745588302612305e-01
1.067926958203315735e-01
3.842267096042633057e-01
8.696267008781433105e-02
8.719230070710182190e-03
3.009209036827087402e-01
1.030798032879829407e-01
1.808794680982828140e-03
1.773972511291503906e+00
1.264307022094726562e+00
4.965025782585144043e-01
2.135762453079223633e+00
2.533878572285175323e-02
4.593364894390106201e-02
1.649321913719177246e+00
1.588340759277343750e+00
1.157448161393404007e-03
4.526302963495254517e-02
2.677110135555267334e-01
3.339311806485056877e-03
1.160242930054664612e-01
1.120073646306991577e-01
8.835222125053405762e-01
3.963209316134452820e-02
1.133160479366779327e-02
3.041729144752025604e-02
8.483019471168518066e-02
1.059694528579711914e+00
1.794803887605667114e-01
6.077520847320556641e-01
8.018954992294311523e-01
2.716652117669582367e-02
2.602329254150390625e+00
4.000820219516754150e-01
4.314135611057281494e-01
3.052031993865966797e-02
7.926809787750244141e-02
3.135236352682113647e-02
1.211440004408359528e-02
1.387211084365844727e+00
1.506804209202528000e-02
3.626860380172729492e+00
9.709596633911132812e-01
1.566493767313659191e-03
3.286166116595268250e-02
1.088198795914649963e-01
2.684766240417957306e-02
9.532763957977294922e-01
3.436512351036071777e-01
2.273756712675094604e-01
1.140052556991577148e+00
1.274488517083227634e-03
2.151434421539306641e+00
1.781369373202323914e-02
1.286394195631146431e-03
3.802305087447166443e-02
2.124539166688919067e-01
3.787938654422760010e-01
3.471494019031524658e-01
3.775539249181747437e-02
4.010523557662963867e-01
2.870005071163177490e-01
1.128870644606649876e-03
1.439774930477142334e-01
2.367526531219482422e+00
2.035263329744338989e-01
2.238031774759292603e-01
1.049585789442062378e-01
1.336872577667236328e-03
1.574700698256492615e-02
9.182051289826631546e-04
1.379729714244604111e-03
4.908416420221328735e-03
1.133238077163696289e+00
4.615223035216331482e-02
3.299011945724487305e+00
3.756729653105139732e-03
3.784228488802909851e-02
1.122416496276855469e+00
5.567910671234130859e-01
2.823999166488647461e+00
6.003698706626892090e-02
1.150591298937797546e-02
1.213340386748313904e-01
1.550072580575942993e-01
1.310526132583618164e-01
1.404891252517700195e+00
7.315111160278320312e-01
1.826696246862411499e-01
1.860211849212646484e+00
1.006531476974487305e+00
1.044745370745658875e-02
1.213988661766052246e-01
3.331409767270088196e-02
2.574479952454566956e-02
1.562321662902832031e+00
5.641883611679077148e-02
1.040812954306602478e-01
1.357716619968414307e-01
7.054109573364257812e-01
6.526200175285339355e-01
1.263321042060852051e+00
4.522273540496826172e-01
1.179684549570083618e-01
7.076143519952893257e-04
2.515629529953002930e-01
2.909331917762756348e-01
6.179202347993850708e-02
7.294265031814575195e-01
5.473508033901453018e-03
1.058774515986442566e-01
4.449092957656830549e-04
6.458238512277603149e-02
4.161195755004882812e-01
5.291758477687835693e-02
9.515912085771560669e-02
7.119760848581790924e-03
1.057013589888811111e-02
1.290976442396640778e-02
1.634037122130393982e-02
6.884396076202392578e-02
3.526702821254730225e-01
2.567354142665863037e-01
3.124123811721801758e-01
6.693561095744371414e-03
1.159974336624145508e+00
2.200542241334915161e-01
1.561298780143260956e-02
1.792672723531723022e-01
4.875730723142623901e-02
2.160746902227401733e-01
1.359296321868896484e+00
2.487130612134933472e-01
2.730190455913543701e-01
2.382498085498809814e-01
5.705113410949707031e-01
1.015655547380447388e-01
7.127087712287902832e-01
1.064493730664253235e-01
2.214443124830722809e-02
2.530336081981658936e-01
3.921612203121185303e-01
1.506719291210174561e-01
6.175540089607238770e-01
1.164211109280586243e-01
1.404377669095993042e-01
8.305533789098262787e-03
2.843624679371714592e-03
5.008326172828674316e-01
4.574209451675415039e-01
2.660140991210937500e+00
2.836848841980099678e-03
4.044567700475454330e-03
2.688363753259181976e-02
5.028460025787353516e-01
8.224193006753921509e-03
3.978077787905931473e-03
7.471911907196044922e-01
4.254279136657714844e-01
4.380358457565307617e-01
5.159916728734970093e-02
2.986621856689453125e-01
1.167049109935760498e-01
2.366302162408828735e-02
4.615910293068736792e-04
1.490673399530351162e-03
1.322003919631242752e-02
3.794732736423611641e-03
1.770469099283218384e-01
7.466812133789062500e-01
2.664330005645751953e-01
7.100806832313537598e-01
1.908264756202697754e-01
5.492002703249454498e-03
1.738466788083314896e-03
1.224170625209808350e-02
3.988461196422576904e-01
5.848127231001853943e-02
8.960522827692329884e-04
5.847947299480438232e-02
7.944650948047637939e-03
9.345608204603195190e-02
1.625170232728123665e-03
1.937994122505187988e+00
1.899203419685363770e+00
3.791162967681884766e-01
9.056995622813701630e-04
1.146572008728981018e-01
1.149090051651000977e+00
1.481869220733642578e+00
9.346140176057815552e-02
9.810683317482471466e-03
2.582624554634094238e-01
2.344571839785203338e-04
1.679002791643142700e-01
6.907928735017776489e-02
1.016289472579956055e+00
7.108199596405029297e-01
2.819612389430403709e-03
9.161585569381713867e-01
1.749001741409301758e-01
2.314667589962482452e-02
1.249724184162914753e-03
7.486628890037536621e-01
2.789357304573059082e-01
1.681901630945503712e-04
1.418833583593368530e-01
6.199534051120281219e-03
5.558924078941345215e-01
5.757059901952743530e-03
9.359157681465148926e-01
1.261711418628692627e-01
1.351465106010437012e+00
5.400467664003372192e-02
7.384149823337793350e-03
2.633929252624511719e-01
1.613030559383332729e-03
7.350256443023681641e-01
6.434719562530517578e-01
9.039312601089477539e-03
1.852183640003204346e-01
7.380836643278598785e-03
1.416726350784301758e+00
1.267967280000448227e-02
2.020725965499877930e+00
4.765995144844055176e-01
4.341851745266467333e-04
5.782326459884643555e-01
3.235345939174294472e-03
1.504747271537780762e+00
3.919509053230285645e-01
3.331685066223144531e-01
3.790725022554397583e-02
1.108825325965881348e+00
1.675392128527164459e-02
7.517023384571075439e-02
6.970121758058667183e-04
2.990604192018508911e-02
1.503046508878469467e-02
5.111290216445922852e-01
2.136358976364135742e+00
1.013277053833007812e+00
2.245199978351593018e-01
2.299372293055057526e-02
1.391012817621231079e-01
3.876792266964912415e-02
2.652848958969116211e-01
9.617398679256439209e-02
1.145295023918151855e+00
5.881484746932983398e-01
1.977501362562179565e-01
6.974044255912303925e-03
8.936957716941833496e-01
7.761406898498535156e-01
1.130206137895584106e-01
1.790225863456726074e+00
4.903992414474487305e-01
2.976275514811277390e-03
2.032334506511688232e-01
6.786655187606811523e-01
1.081185221672058105e+00
9.146127104759216309e-01
9.704492241144180298e-02
2.038866654038429260e-02
2.770282700657844543e-02
5.780076384544372559e-01
5.631596595048904419e-02
1.116469576954841614e-01
4.642291069030761719e-01
6.354963779449462891e-01
2.136501669883728027e-02
2.235714435577392578e+00
3.927744925022125244e-01
1.997061818838119507e-01
1.174296885728836060e-01
1.232973814010620117e+00
1.110630631446838379e-01
9.762440621852874756e-02
1.378395557403564453e-01
7.153239250183105469e-01
8.506731828674674034e-04
4.812846779823303223e-01
3.009554464370012283e-03
4.687077999114990234e-01
3.580986976623535156e+00
3.457023203372955322e-02
2.931893803179264069e-02
2.463360428810119629e-01
1.737963676452636719e+00
3.294570744037628174e-01
1.477562934160232544e-01
7.357770204544067383e-01
6.999069452285766602e-01
2.851652503013610840e-01
1.827055811882019043e-01
6.406325846910476685e-02
3.460100889205932617e-01
2.514155864715576172e+00
4.131942242383956909e-02
3.792882710695266724e-02
1.060886263847351074e+00
6.058810949325561523e-01
1.304625511169433594e+00
1.063918247818946838e-01
4.705246910452842712e-02
9.307339787483215332e-02
1.597016453742980957e-01
3.426278242841362953e-03
4.454205632209777832e-01
5.202683620154857635e-03
2.685649871826171875e+00
7.074823975563049316e-02
2.044018268585205078e+00
1.728946575894951820e-03
2.814450860023498535e-02
1.782391548156738281e+00
4.310222342610359192e-02
1.078124195337295532e-01
5.059286579489707947e-02
4.700094833970069885e-02
1.270681023597717285e-01
2.957426607608795166e-01
3.657371997833251953e-01
3.127784654498100281e-02
1.078192949295043945e+00
3.801800310611724854e-02
1.444294005632400513e-01
1.096544601023197174e-02
9.858834743499755859e-01
5.405981540679931641e-01
8.300467729568481445e-01
2.432548403739929199e-01
3.269611299037933350e-02
9.358863532543182373e-02
1.387673735618591309e+00
1.533585600554943085e-02
4.798693656921386719e-01
3.412379920482635498e-01
3.519953727722167969e+00
2.873612381517887115e-02
3.818736295215785503e-04
1.041397452354431152e+00
5.091897249221801758e-01
2.453117519617080688e-01
7.028753310441970825e-02
3.299584090709686279e-01
1.084147915244102478e-01
2.014159597456455231e-02
4.558172542601823807e-03
2.881199121475219727e-02
1.602497994899749756e-01
1.740463614463806152e+00
4.026672542095184326e-01
1.302703142166137695e+00
1.676154285669326782e-01
1.428110003471374512e-01
1.247796297073364258e+00
2.605388164520263672e+00
9.734776802361011505e-03
3.743736818432807922e-02
2.958438396453857422e-01
1.035663783550262451e-01
7.320958655327558517e-03
1.937473297119140625e+00
1.009784415364265442e-01
7.513231635093688965e-01
2.515587806701660156e+00
7.349584698677062988e-01
6.912152171134948730e-01
4.018122702836990356e-02
1.321909762918949127e-02
1.900964230298995972e-01
1.378539251163601875e-03
7.332363128662109375e-01
6.307930685579776764e-03
1.208212971687316895e-02
8.015371859073638916e-03
3.238843441009521484e+00
1.204501911997795105e-01
7.227820809930562973e-03
9.059575945138931274e-02
6.386156678199768066e-01
1.282300710678100586e+00
1.298937648534774780e-01
3.270153328776359558e-02
1.346753793768584728e-03
4.078870415687561035e-01
3.517497777938842773e-01
3.864830434322357178e-01
2.825008891522884369e-02
5.112106353044509888e-02
2.995312958955764771e-02
5.409882664680480957e-01
5.312729626893997192e-03
6.297929286956787109e-01
1.610442698001861572e-01
6.554177403450012207e-02
1.482698251493275166e-03
2.052029408514499664e-02
1.211723089218139648e+00
3.225984573364257812e-01
3.411490023136138916e-01
7.089117169380187988e-02
7.521997671574354172e-03
4.561331495642662048e-02
3.273317515850067139e-01
1.409581422805786133e+00
1.189994692802429199e+00
4.481745138764381409e-02
1.158274710178375244e-01
3.771525919437408447e-01
4.089848697185516357e-01
1.091973900794982910e+00
1.920806765556335449e-01
4.021853804588317871e-01
1.131485849618911743e-01
2.437569618225097656e+00
1.761715054512023926e+00
4.297653436660766602e-01
1.842822313308715820e+00
1.128532171249389648e+00
5.525349080562591553e-02
1.984865516424179077e-01
7.739213109016418457e-02
1.971262097358703613e+00
1.211769059300422668e-01
1.444610804319381714e-01
5.910409614443778992e-02
1.270368508994579315e-02
2.893785834312438965e-01
1.154450774192810059e-01
7.409081459045410156e-01
9.800176620483398438e-01
4.717971086502075195e-01
5.745306238532066345e-02
2.467224001884460449e-01
2.845264226198196411e-02
1.586181640625000000e+00
5.893845111131668091e-02
7.550365924835205078e-01
9.560986422002315521e-03
4.243610054254531860e-02
5.561416223645210266e-02
7.039009034633636475e-02
1.343016624450683594e-01
7.564708590507507324e-03
1.631380021572113037e-01
3.878396153450012207e-01
2.683925628662109375e+00
4.621575355529785156e+00
4.285670444369316101e-02
8.183640837669372559e-01
5.737254023551940918e-01
4.974361062049865723e-01
1.339383721351623535e-01
8.596675470471382141e-03
3.108684159815311432e-02
2.440339565277099609e+00
1.509547829627990723e-01
1.079847142100334167e-01
6.959905624389648438e-01
4.713616217486560345e-04
9.203700423240661621e-01
6.959215998649597168e-01
1.516886651515960693e-01
6.840141862630844116e-02
1.629193313419818878e-02
7.451547384262084961e-01
1.308544516563415527e+00
6.172556430101394653e-02
1.397412866353988647e-01
8.858515322208404541e-02
4.756902754306793213e-01
7.049714922904968262e-01
4.512709751725196838e-02
2.899946272373199463e-01
3.209979459643363953e-02
9.006712436676025391e-01
2.811885671690106392e-03
6.893897429108619690e-03
6.187977194786071777e-01
1.416371464729309082e-01
4.214465022087097168e-01
5.096032619476318359e-01
4.953370988368988037e-02
2.971954643726348877e-01
9.859706042334437370e-04
2.215551910921931267e-03
1.714202642440795898e+00
4.430199414491653442e-02
4.377440363168716431e-02
2.652343129739165306e-03
1.071937322616577148e+00
1.101484801620244980e-02
1.595283746719360352e+00
3.330076932907104492e-01
3.142468258738517761e-02
1.582403302192687988e+00
4.799575731158256531e-02
1.729148030281066895e-01
1.169818416237831116e-01
3.175442814826965332e-01
3.517056703567504883e-01
6.287265568971633911e-02
7.438608407974243164e-01
6.127169763203710318e-05
5.851748585700988770e-01
3.093731164932250977e+00
5.171317458152770996e-01
3.205758286640048027e-03
1.370084762573242188e+00
1.555394232273101807e-01
6.170348823070526123e-02
1.686249524354934692e-01
2.431626558303833008e+00
4.043380729854106903e-03
1.488806754350662231e-01
2.331334799528121948e-01
2.398643255233764648e+00
7.268345355987548828e-01
1.348229050636291504e+00
1.784118413925170898e-01
8.195134401321411133e-01
5.901095867156982422e-01
3.324816701933741570e-03
6.149089336395263672e-01
1.544042825698852539e+00
8.117682486772537231e-02
1.708679944276809692e-01
1.550072193145751953e+00
4.856612086296081543e-01
1.643794029951095581e-02
1.232496500015258789e+00
1.762719511985778809e+00
1.075849309563636780e-02
3.669260442256927490e-01
1.065699219703674316e+00
2.646267414093017578e-01
1.602695696055889130e-02
1.244467566721141338e-04
3.900540294125676155e-03
4.086532816290855408e-02
2.338612830499187112e-04
1.649511307477951050e-01
8.711693286895751953e-01
4.769021645188331604e-03
4.739375710487365723e-01
3.815495491027832031e+00
4.175029753241688013e-04
5.093337036669254303e-03
1.411715447902679443e-01
2.155322879552841187e-01
4.642161726951599121e-01
5.455960985273122787e-03
2.306624889373779297e+00
1.296775490045547485e-01
1.100642681121826172e-01
1.142689362168312073e-01
8.940782397985458374e-03
1.993448972702026367e+00
6.282561421394348145e-01
3.234816831536591053e-04
7.120050191879272461e-01
8.900979906320571899e-02
1.119239535182714462e-02
8.235988616943359375e-01
3.805550038814544678e-01
8.627790212631225586e-02
2.195333987474441528e-01
2.205605357885360718e-01
6.668727728538215160e-04
6.101128831505775452e-02
1.853862881660461426e+00
1.162533402442932129e+00
2.241778522729873657e-01
5.837833285331726074e-01
1.445018779486417770e-02
9.525444358587265015e-03
2.113387137651443481e-01
2.886109799146652222e-02
2.772319912910461426e-01
1.288997650146484375e+00
2.562942542135715485e-02
4.602518677711486816e-02
9.684113860130310059e-01
1.366589218378067017e-01
3.680718829855322838e-03
2.080505788326263428e-01
1.195507645606994629e+00
5.322147011756896973e-01
9.756801128387451172e-01
1.631671190261840820e+00
2.848243415355682373e-01
1.880893856287002563e-02
2.674450278282165527e-01
3.797708749771118164e-01
1.425957083702087402e-01
2.830929756164550781e-01
7.188467979431152344e-01
4.195341374725103378e-03
3.529998362064361572e-01
1.257274866104125977e+00
8.058627247810363770e-01
1.501707825809717178e-02
5.753508210182189941e-01
6.162446141242980957e-01
1.519955135881900787e-02
1.323558241128921509e-01
7.756242156028747559e-01
4.562537670135498047e-01
2.698996305465698242e+00
9.747516512870788574e-01
5.316826701164245605e-01
7.011305093765258789e-01
1.909727230668067932e-02
8.103447407484054565e-02
2.636929750442504883e-01
5.860033631324768066e-02
1.530543714761734009e-01
1.492218136787414551e+00
3.508504033088684082e-01
1.865478634834289551e+00
2.003807723522186279e-01
1.024720519781112671e-01
5.582476258277893066e-01
4.519840478897094727e-01
1.361769437789916992e-01
2.001354932785034180e+00
6.790537387132644653e-03
1.307775139808654785e+00
3.586113080382347107e-02
1.919085334520787001e-04
4.653101786971092224e-03
1.785489618778228760e-01
1.819245517253875732e-02
4.522069692611694336e-01
1.207810997962951660e+00
3.228105306625366211e+00
2.509816735982894897e-02
4.120951890945434570e-01
2.810819745063781738e-01
5.194784998893737793e-01
4.659805893898010254e-01
6.001965403556823730e-01
5.669196844100952148e-01
3.228880167007446289e-01
3.420669436454772949e-01
2.853500545024871826e-01
1.244093384593725204e-02
1.294266283512115479e-01
6.475558131933212280e-02
3.202994585037231445e+00
2.432864308357238770e-01
2.386904656887054443e-01
2.226632684469223022e-01
4.402104020118713379e-01
5.423513650894165039e-01
1.155639529228210449e+00
9.446635246276855469e-01
1.869335770606994629e-01
4.792271852493286133e-01
2.596342563629150391e-02
3.145402669906616211e-02
9.567927336320281029e-04
7.657577991485595703e-01
2.457419633865356445e+00
1.098135113716125488e-01
2.549512863159179688e+00
3.125581145286560059e-01
2.996303558349609375e+00
1.065759658813476562e+00
9.448070079088211060e-02
1.467495560646057129e-01
5.917409807443618774e-02
6.518243253231048584e-02
1.763710498809814453e+00
2.294292859733104706e-02
1.188292264938354492e+00
1.593048572540283203e-01
1.230611745268106461e-02
4.527508616447448730e-01
2.087794393301010132e-01
2.666185140609741211e+00
2.153909206390380859e-01
6.914852187037467957e-03
1.391772270202636719e+00
5.170083045959472656e-02
6.180166080594062805e-02
3.590084016323089600e-01
2.784682996571063995e-02
1.157196983695030212e-01
2.695500617846846581e-03
1.246659085154533386e-01
9.528495371341705322e-02
1.551411986351013184e+00
1.734101057052612305e+00
1.480138599872589111e-01
1.239286899566650391e+00
2.026500552892684937e-01
1.695436239242553711e-02
4.132060110569000244e-01
5.019307881593704224e-02
1.239937264472246170e-02
5.487117767333984375e-01
1.058528944849967957e-01
8.955711871385574341e-02
8.130998015403747559e-01
6.219597999006509781e-04
3.152640769258141518e-03
3.972134366631507874e-02
1.005932316184043884e-01
3.118653781712055206e-03
2.983363519888371229e-04
1.900165796279907227e+00
1.670094579458236694e-01
4.855515360832214355e-01
8.160159587860107422e-01
3.093922436237335205e-01
1.519502401351928711e-01
3.838396668434143066e-01
1.687057971954345703e+00
9.115798771381378174e-02
1.960024470463395119e-03
4.275884330272674561e-01
8.536751382052898407e-03
2.305119931697845459e-01
8.612149953842163086e-01
2.251528352499008179e-01
2.785247325897216797e+00
1.750961993820965290e-03
2.022579759359359741e-01
1.941968649625778198e-01
6.749019622802734375e-01
6.434347629547119141e-01
7.029435634613037109e-01
2.761243842542171478e-03
7.238432168960571289e-01
2.316120862960815430e-01
1.617988795042037964e-01
1.025937423110008240e-01
1.018942117691040039e+00
7.231228053569793701e-02
3.753285389393568039e-03
9.464392811059951782e-02
8.979579433798789978e-04
1.213379427790641785e-01
1.327559113502502441e+00
1.080763177014887333e-03
7.517395019531250000e-01
4.197821617126464844e-01
1.924193464219570160e-02
3.130123615264892578e-01
2.466644644737243652e-01
5.836808681488037109e-01
4.301977902650833130e-02
1.506330966949462891e+00
2.323072869330644608e-03
5.676703900098800659e-02
5.428541451692581177e-02
6.985053885728120804e-03
7.803317904472351074e-01
6.397559493780136108e-02
6.070646643638610840e-01
2.711911439895629883e+00
6.734023243188858032e-02
1.959406852722167969e+00
2.403708934783935547e+00
4.508720636367797852e-01
1.917445845901966095e-02
5.381080508232116699e-01
3.210500776767730713e-01
7.735953330993652344e-01
4.885607957839965820e-01
9.504476189613342285e-02
1.531178969889879227e-02
1.040899474173784256e-02
7.872722744941711426e-01
2.289701938629150391e+00
2.379344105720520020e-01
4.055481404066085815e-02
1.408139318227767944e-01
2.066521905362606049e-02
7.713645696640014648e-02
8.164273500442504883e-01
6.641123443841934204e-02
1.449037156999111176e-02
9.266131520271301270e-01
2.277190089225769043e-01
2.038015276193618774e-01
3.485843166708946228e-02
1.919579952955245972e-01
2.090746760368347168e-01
1.049169152975082397e-02
1.439930964261293411e-02
3.763978928327560425e-02
3.358156681060791016e-01
9.032579138875007629e-03
2.742935903370380402e-03
1.135225966572761536e-01
2.211788177490234375e+00
1.048489689826965332e+00
1.523687124252319336e+00
2.286449193954467773e+00
8.433802425861358643e-02
6.734946370124816895e-01
1.485142111778259277e-01
1.177998855710029602e-01
1.749586820602416992e+00
2.253415435552597046e-01
1.411384902894496918e-02
2.504307925701141357e-01
4.732496745418757200e-05
1.662483811378479004e-01
3.981494158506393433e-02
1.549784690141677856e-01
1.046705245971679688e+00
2.267783582210540771e-01
6.022265180945396423e-02
3.825785517692565918e-01
4.764544367790222168e-01
6.334820762276649475e-03
8.975362032651901245e-02
3.102040588855743408e-01
2.979415655136108398e-02
4.269165219739079475e-04
1.971178293228149414e+00
5.293250828981399536e-02
4.607095196843147278e-02
9.674001485109329224e-02
7.957970350980758667e-02
6.806270033121109009e-02
3.964595496654510498e-02
4.752530250698328018e-03
2.128426879644393921e-01
4.474684298038482666e-01
2.840836942195892334e-01
1.100558042526245117e+00
7.502098083496093750e-01
1.594107970595359802e-02
1.608852446079254150e-01
6.232693195343017578e-01
1.775070428848266602e+00
8.537579327821731567e-03
4.368026554584503174e-02
1.261975802481174469e-02
1.074074745178222656e+00
3.789862990379333496e-01
1.065674296114593744e-04
9.472796320915222168e-02
7.407253980636596680e-01
4.049952328205108643e-02
3.848140239715576172e-01
9.500324726104736328e-02
1.861254215240478516e+00
4.353583753108978271e-01
1.612727791070938110e-01
1.148370265960693359e+00
8.934320067055523396e-04
8.487695455551147461e-02
6.977595854550600052e-03
9.012951701879501343e-02
1.064635515213012695e+00
1.898779720067977905e-02
2.835520207881927490e-01
8.604722023010253906e-01
8.074981570243835449e-01
8.725237846374511719e-01
1.032619476318359375e-01
2.802477590739727020e-02
5.989034175872802734e-01
1.170545932836830616e-03
2.881808578968048096e-01
1.752902120351791382e-01
5.955203771591186523e-01
1.772076785564422607e-01
1.217339304275810719e-03
2.453890740871429443e-01
1.035057067871093750e+00
1.035976558923721313e-01
1.906515210866928101e-01
5.739636253565549850e-03
1.433553695678710938e-01
4.227510094642639160e-02
7.249726653099060059e-01
3.653461694717407227e+00
1.293329987674951553e-02
1.439644843339920044e-01
2.282338589429855347e-02
2.585644088685512543e-02
2.678975090384483337e-02
2.300232887268066406e+00
5.151213612407445908e-03
2.278584480285644531e+00
1.249308977276086807e-02
3.158751428127288818e-01
3.694026768207550049e-01
3.020331263542175293e-01
9.370929002761840820e-01
5.706086158752441406e-01
9.092440605163574219e-01
9.496241807937622070e-01
3.163560479879379272e-02
2.713522613048553467e-01
1.677416730672121048e-03
6.018819287419319153e-02
1.513187289237976074e-01
7.985367625951766968e-02
8.416666388511657715e-01
5.888545513153076172e-01
1.215927386510884389e-05
1.262807250022888184e-01
2.663677632808685303e-01
1.610324084758758545e-01
1.596609950065612793e-01
1.428490281105041504e-01
5.601727366447448730e-01
1.847546845674514771e-01
1.442530602216720581e-01
3.962132334709167480e-02
3.713103532791137695e-01
8.753251284360885620e-02
3.637627661228179932e-01
4.743652939796447754e-01
1.799812614917755127e-01
5.113024730235338211e-03
2.824390530586242676e-01
1.246368661522865295e-01
7.720748428255319595e-03
7.530634291470050812e-03
1.441870182752609253e-01
2.047229371964931488e-02
1.846920400857925415e-01
1.089193701744079590e+00
7.119584828615188599e-02
4.171922802925109863e-02
1.070522237569093704e-03
1.434243563562631607e-02
1.258239001035690308e-01
3.109996616840362549e-01
2.275855513289570808e-03
2.671736717224121094e+00
4.187518954277038574e-01
1.198356747627258301e-01
4.555090144276618958e-02
6.633192300796508789e-02
2.186362259089946747e-02
1.774015724658966064e-01
1.606447845697402954e-01
7.015641033649444580e-02
2.322220325469970703e+00
2.572679147124290466e-02
1.474246964789927006e-03
1.412006378173828125e+00
3.546119213104248047e+00
2.881812155246734619e-01
2.364819347858428955e-01
6.715086847543716431e-02
1.276300661265850067e-02
1.330733150243759155e-01
2.284326404333114624e-01
5.127849429845809937e-02
2.115343511104583740e-02
3.636498004198074341e-02
8.229101896286010742e-01
2.419934794306755066e-02
1.868036016821861267e-02
6.682113409042358398e-01
5.366557836532592773e-01
1.042602509260177612e-01
1.867499232292175293e+00
1.204432100057601929e-01
1.221820566570386291e-04
5.739374458789825439e-02
1.733286380767822266e+00
9.195785522460937500e-01
9.344843626022338867e-01
2.893608212471008301e-01
6.574474573135375977e-01
1.049962490797042847e-01
5.896902084350585938e-02
6.851775199174880981e-02
3.961937502026557922e-02
1.941408067941665649e-01
2.367922365665435791e-01
2.080498695373535156e+00
1.008548140525817871e+00
2.960784435272216797e-01
6.346914172172546387e-02
5.342963933944702148e-01
3.284868435002863407e-04
1.897480607032775879e+00
2.302750758826732635e-02
5.517723411321640015e-02
9.929999113082885742e-01
9.732297621667385101e-03
2.681947313249111176e-03
1.804301440715789795e-01
3.262284770607948303e-02
6.387965381145477295e-02
1.472620517015457153e-01
5.374281406402587891e-01
6.012252718210220337e-02
1.567327737808227539e+00
1.474937200546264648e-01
1.390324672684073448e-03
2.328019142150878906e-01
4.360791295766830444e-02
6.784853991121053696e-03
4.168547391891479492e-01
3.235441148281097412e-01
5.297245383262634277e-01
5.897048115730285645e-02
4.886366724967956543e-01
2.294280230998992920e-01
1.782377599738538265e-03
2.019986510276794434e-03
1.007287879474461079e-03
5.527253746986389160e-01
4.190936684608459473e-01
1.335049699991941452e-02
1.953429698944091797e+00
2.984534978866577148e+00
4.704746305942535400e-01
7.899046540260314941e-01
1.225760299712419510e-02
3.136680647730827332e-02
2.723067700862884521e-01
1.105422712862491608e-02
1.017410424537956715e-03
3.682430982589721680e+00
3.172216117382049561e-01
3.369199112057685852e-02
6.433266401290893555e-01
2.371528625488281250e+00
1.077298998832702637e+00
1.022185236215591431e-01
1.262222081422805786e-01
8.581708371639251709e-02
1.102104485034942627e-01
5.647145211696624756e-02
6.093251705169677734e-01
2.488986849784851074e-01
5.108518004417419434e-01
1.831371426582336426e+00
1.355644315481185913e-02
3.899061381816864014e-01
2.246001502498984337e-03
6.042017787694931030e-02
1.734235323965549469e-02
3.244629502296447754e-02
1.892864383989945054e-04
6.902799755334854126e-02
2.322500228881835938e+00
2.087952196598052979e-01
1.011646315455436707e-01
2.257569140056148171e-04
7.758956402540206909e-03
3.515613032504916191e-03
6.145475804805755615e-02
7.496067136526107788e-02
6.162458285689353943e-02
4.430027911439538002e-04
5.758363753557205200e-03
3.515299409627914429e-02
2.525167167186737061e-01
8.126661926507949829e-02
4.165426790714263916e-01
6.964218802750110626e-03
7.688447088003158569e-02
4.538117442280054092e-03
6.628237962722778320e-01
5.640329048037528992e-02
6.349803805351257324e-01
7.255321741104125977e-01
3.797783851623535156e-01
1.097556129097938538e-01
1.204302720725536346e-02
2.441924251616001129e-02
1.937852859497070312e+00
1.677249968051910400e-01
1.579253561794757843e-02
2.561028813943266869e-03
1.068951249122619629e+00
5.415101647377014160e-01
2.557476460933685303e-01
2.918011426925659180e+00
5.384021401405334473e-01
8.313775178976356983e-04
9.233911037445068359e-01
4.638672471046447754e-01
1.373948931694030762e+00
6.162747740745544434e-01
2.696437239646911621e-01
3.029517084360122681e-02
4.051198065280914307e-01
3.659245669841766357e-01
4.157155926804989576e-04
7.426387071609497070e-02
3.789164125919342041e-02
6.523313373327255249e-02
7.429938414134085178e-04
6.081601232290267944e-02
1.073748588562011719e+00
3.934839665889739990e-01
6.783401966094970703e-01
5.143265724182128906e-01
2.115741081070154905e-04
4.274739325046539307e-01
1.021660804748535156e+00
7.867534458637237549e-02
1.333389729261398315e-01
3.755712509155273438e-02
1.734021663665771484e+00
5.356644392013549805e-01
4.536160826683044434e-01
1.536473538726568222e-02
8.195559680461883545e-02
3.206630349159240723e-01
7.211361527442932129e-01
5.813831463456153870e-03
1.675990037620067596e-02
2.858152389526367188e-01
4.967786967754364014e-01
2.937205135822296143e-01
2.316490650177001953e+00
2.003749273717403412e-02
2.138108730316162109e+00
3.241423964500427246e-01
4.416593164205551147e-02
1.200038846582174301e-02
5.321772769093513489e-02
2.245878219604492188e+00
2.306226491928100586e-01
3.447850346565246582e-01
4.166612867265939713e-03
7.396456319838762283e-03
9.894242975860834122e-04
9.098681039176881313e-04
2.322579145431518555e+00
5.936238169670104980e-01
8.795740604400634766e-01
3.382558235898613930e-03
6.942204236984252930e-01
2.241148471832275391e+00
1.001068115234375000e+00
1.430448293685913086e+00
5.216655135154724121e-02
4.819821193814277649e-02
1.786031126976013184e-01
5.438578501343727112e-02
4.175052046775817871e-01
5.377277266234159470e-04
3.711622953414916992e-01
1.157714128494262695e-01
1.010374307632446289e+00
2.477771788835525513e-02
1.075488686561584473e+00
9.150126576423645020e-02
1.521341681480407715e+00
1.496009975671768188e-01
2.826150506734848022e-03
2.737705130130052567e-03
4.751339912414550781e+00
8.473490923643112183e-02
4.518530964851379395e-01
7.870843410491943359e-01
2.713614404201507568e-01
4.847797099500894547e-03
5.738151073455810547e-01
7.692276835441589355e-01
9.995797276496887207e-02
6.969641447067260742e-01
5.679660011082887650e-03
1.029634952545166016e+00
6.462982390075922012e-03
3.276596069335937500e-01
5.118198394775390625e-01
2.588292062282562256e-01
4.087749123573303223e-01
2.581894397735595703e-01
1.101168096065521240e-01
4.937123507261276245e-02
4.036706313490867615e-02
7.009949684143066406e-01
4.388754367828369141e-01
2.719258069992065430e+00
1.706998586654663086e+00
4.802209138870239258e-01
3.451909869909286499e-02
1.035464406013488770e+00
1.104589775204658508e-01
6.192314028739929199e-01
2.128817141056060791e-01
7.647511363029479980e-01
1.192679643630981445e+00
7.845661020837724209e-04
8.255641907453536987e-03
7.249211668968200684e-01
2.482352256774902344e-01
1.913984306156635284e-02
9.702921509742736816e-01
1.565481722354888916e-01
3.896033018827438354e-02
3.229764476418495178e-02
1.067647337913513184e-01
1.840805709362030029e-01
1.115799784660339355e+00
1.852005347609519958e-02
3.007175028324127197e-01
6.208323836326599121e-01
1.325832456350326538e-01
4.437006078660488129e-03
2.241362817585468292e-03
8.174338191747665405e-02
1.269845175556838512e-03
2.009049654006958008e+00
5.502199381589889526e-02
1.176526493509300053e-04
8.154788054525852203e-03
1.912638247013092041e-01
4.241676628589630127e-01
2.219761461019515991e-01
6.268198788166046143e-02
3.023914396762847900e-01
4.099775105714797974e-03
1.496029901318252087e-03
2.947274595499038696e-03
6.289758682250976562e-01
1.070396080613136292e-01
2.125090509653091431e-01
1.048120975494384766e+00
1.391749858856201172e+00
7.434929609298706055e-01
3.776918863877654076e-03
6.378627419471740723e-01
1.577082835137844086e-02
3.292319476604461670e-01
1.637962222099304199e+00
3.194514811038970947e-01
1.116440415382385254e+00
9.860529899597167969e-01
7.705130577087402344e-01
3.814859315752983093e-02
7.437227964401245117e-01
9.335555136203765869e-03
1.263988669961690903e-02
1.415704041719436646e-01
1.634345501661300659e-01
2.696463651955127716e-02
3.708920180797576904e-01
7.641016039997339249e-03
1.215430796146392822e-01
2.919008396565914154e-02
1.573313325643539429e-01
1.670046336948871613e-02
3.212784603238105774e-02
8.400462567806243896e-03
2.723320154473185539e-03
4.677515625953674316e-01
2.261803001165390015e-01
1.381277339532971382e-03
5.480515956878662109e-01
6.175365298986434937e-03
4.551525041460990906e-02
4.622970581054687500e+00
1.238452434539794922e+00
7.261733412742614746e-01
2.724687159061431885e-01
2.630456984043121338e-01
2.733306493610143661e-03
7.263610959053039551e-01
2.325604438781738281e+00
2.739726100116968155e-03
7.562927007675170898e-01
1.428292840719223022e-01
2.031344175338745117e-02
5.801498889923095703e-01
7.921303063631057739e-02
9.566688537597656250e-01
1.090063571929931641e+00
2.091744184494018555e+00
2.031002491712570190e-01
1.223881989717483521e-01
1.180493906140327454e-01
1.206822395324707031e-01
1.638635993003845215e-01
1.443271487951278687e-01
1.630377322435379028e-01
5.564329624176025391e-01
1.874026283621788025e-02
1.993770241737365723e+00
4.620402306318283081e-02
2.616853266954421997e-02
5.729175806045532227e-01
1.803223490715026855e-01
4.688663780689239502e-02
5.485568046569824219e-01
4.092414677143096924e-02
2.140749059617519379e-02
9.178537130355834961e-02
1.665720343589782715e-02
9.136930108070373535e-02
1.615660786628723145e+00
2.583705484867095947e-01
1.049091577529907227e+00
7.953698188066482544e-02
2.969433963298797607e-01
7.732989639043807983e-02
7.404559254646301270e-01
1.249205589294433594e+00
5.461770575493574142e-03
9.728863090276718140e-02
3.997864127159118652e-01
1.184266656637191772e-01
5.607686638832092285e-01
7.670805454254150391e-01
1.969110593199729919e-02
7.463567703962326050e-02
1.548613548278808594e+00
3.011126220226287842e-01
7.292953133583068848e-01
5.926573276519775391e-01
5.549962520599365234e-01
1.852795630693435669e-01
5.097199082374572754e-01
3.724468946456909180e+00
1.025903783738613129e-02
1.476773712784051895e-02
2.337021976709365845e-01
3.558795750141143799e-01
6.951259970664978027e-01
4.763057231903076172e-01
1.096327677369117737e-01
1.141849672421813011e-03
4.931870102882385254e-01
7.118747234344482422e-01
3.509705066680908203e-01
1.350920414552092552e-03
1.809965610504150391e+00
5.402213931083679199e-01
2.527063488960266113e-01
1.515047252178192139e-02
6.917234063148498535e-01
5.329319834709167480e-01
2.395473234355449677e-02
4.706395417451858521e-02
4.597927331924438477e-01
1.796300173737108707e-03
1.042860031127929688e+00
8.763898164033889771e-03
1.713628619909286499e-01
1.790055632591247559e-01
2.213795185089111328e-01
2.284401357173919678e-01
4.714196920394897461e-02
1.260623782873153687e-01
2.651606321334838867e+00
1.393517479300498962e-02
4.258199408650398254e-02
6.809299811720848083e-04
1.100658699870109558e-01
1.348150670528411865e-01
3.525773584842681885e-01
2.318883538246154785e-01
3.918463587760925293e-01
3.308180809020996094e+00
3.197339475154876709e-01
1.343522071838378906e-01
1.799810677766799927e-01
4.020939394831657410e-02
7.760848850011825562e-03
1.478238552808761597e-01
8.370498418807983398e-01
1.282304525375366211e-01
6.606759969145059586e-03
3.491141833364963531e-03
3.549482226371765137e-01
1.759749464690685272e-02
1.654553651809692383e+00
2.218325808644294739e-02
1.818909406661987305e+00
1.198969841003417969e+00
2.030367851257324219e+00
2.138115465641021729e-03
1.379163116216659546e-01
1.865500211715698242e+00
2.911336719989776611e-01
1.977458298206329346e-01
3.205211460590362549e-01
9.998003952205181122e-03
5.980573128908872604e-03
8.198430538177490234e-01
2.796095907688140869e-01
1.603924781084060669e-01
1.188044324517250061e-01
5.469598248600959778e-02
5.318391323089599609e-01
1.233711481094360352e+00
6.463591456413269043e-01
3.483655676245689392e-02
8.011288046836853027e-01
5.007558465003967285e-01
3.284075558185577393e-01
7.119895517826080322e-02
3.857375681400299072e-02
1.083679869771003723e-02
1.936755627393722534e-01
4.538560509681701660e-01
4.927934706211090088e-01
2.080447673797607422e-01
7.464474439620971680e-02
1.035739541053771973e+00
2.893113791942596436e-01
2.880365215241909027e-02
4.866244792938232422e-01
1.001723930239677429e-01
2.682549357414245605e-01
6.051884293556213379e-01
8.027902841567993164e-01
1.911282725632190704e-02
1.722548365592956543e+00
5.381856560707092285e-01
7.685064673423767090e-01
3.561405837535858154e-02
5.263810157775878906e-01
6.646562218666076660e-01
1.992316991090774536e-01
1.537258267402648926e+00
1.330169200897216797e+00
3.705117702484130859e-01
1.043269395828247070e+00
2.390829563140869141e+00
2.892374694347381592e-01
5.878184922039508820e-03
3.092271275818347931e-03
3.973730504512786865e-01
6.230253577232360840e-01
2.778111994266510010e-01
5.377560481429100037e-02
1.477987051010131836e+00
4.153207540512084961e-01
3.427024185657501221e-01
2.634713351726531982e-01
6.905058026313781738e-02
4.709397554397583008e-01
1.725352287292480469e+00
1.727994531393051147e-03
3.728842362761497498e-02
5.349472910165786743e-02
1.999028772115707397e-02
1.953739076852798462e-01
4.169106017798185349e-03
3.385933488607406616e-02
2.265862971544265747e-01
1.634572399780154228e-03
7.829442024230957031e-01
2.620441466569900513e-02
6.631459593772888184e-01
2.884106151759624481e-02
1.759277939796447754e+00
2.967392653226852417e-02
4.102117940783500671e-02
7.123785093426704407e-03
9.169372729957103729e-03
1.640049517154693604e-01
3.427699580788612366e-02
1.823844760656356812e-01
1.921904534101486206e-01
9.661566466093063354e-02
3.360125720500946045e-01
9.083335316972807050e-05
3.603821098804473877e-01
5.257810652256011963e-02
3.992147371172904968e-02
5.471464395523071289e-01
1.409269571304321289e+00
1.512634903192520142e-01
1.420147657394409180e+00
7.585290670394897461e-01
2.644151635468006134e-02
5.796988680958747864e-02
1.347538471221923828e+00
3.591473400592803955e-01
8.245760947465896606e-02
2.654721029102802277e-03
4.022772312164306641e-01
4.185962956398725510e-03
2.434536814689636230e-02
2.462230682373046875e+00
7.299969345331192017e-02
1.275042295455932617e-01
1.303628683090209961e+00
5.933408439159393311e-02
1.796874403953552246e+00
7.090682536363601685e-02
6.512279063463211060e-02
6.623709201812744141e-02
1.677515745162963867e+00
2.023985832929611206e-01
1.430529952049255371e-01
1.553828477859497070e+00
1.573222130537033081e-02
6.614481657743453979e-02
1.236503601074218750e+00
1.608355194330215454e-01
1.330822944641113281e+00
4.043626785278320312e-01
6.288580894470214844e-01
4.352712333202362061e-01
7.212862372398376465e-02
1.380324945785105228e-03
7.713138312101364136e-02
3.234605491161346436e-01
1.184705138206481934e+00
6.654029339551925659e-02
8.921996690332889557e-03
3.997187912464141846e-01
1.632444262504577637e-01
4.480787813663482666e-01
8.095136284828186035e-02
1.679953187704086304e-01
7.877693325281143188e-02
1.392902016639709473e+00
2.692715451121330261e-02
5.719485282897949219e-01
1.010219752788543701e-01
5.094138383865356445e-01
8.109630346298217773e-01
1.289409548044204712e-01
1.113139510154724121e+00
4.568009376525878906e-01
7.731276564300060272e-03
5.936818122863769531e-01
3.117503404617309570e+00
3.147728204727172852e+00
6.505738943815231323e-03
7.640812397003173828e-01
5.652498803101480007e-04
5.808709934353828430e-02
9.404765442013740540e-04
1.001484543085098267e-01
1.624196954071521759e-02
1.568672806024551392e-01
2.380504645407199860e-02
2.979841316118836403e-03
9.095780551433563232e-03
2.904127836227416992e-01
9.378779679536819458e-03
6.850657463073730469e-01
6.055190460756421089e-04
2.464944263920187950e-04
1.795943244360387325e-03
1.123591139912605286e-01
5.582150816917419434e-02
7.305390834808349609e-01
1.068189382553100586e+00
1.880989521741867065e-01
2.567925257608294487e-03
1.393618136644363403e-01
9.391821026802062988e-01
1.737785339355468750e-02
5.352286249399185181e-02
1.026293754577636719e+00
2.495705127716064453e+00
3.194534480571746826e-01
2.521887421607971191e-01
3.240565359592437744e-01
4.297996163368225098e-01
2.941541969776153564e-01
1.092462837696075439e-01
2.594849502202123404e-04
4.894871264696121216e-02
2.161667346954345703e+00
1.616224199533462524e-01
3.127089738845825195e-01
9.601720571517944336e-01
2.989775836467742920e-01
1.268685329705476761e-02
3.919682502746582031e-01
2.398854196071624756e-01
7.865012884140014648e-01
6.996802240610122681e-02
6.032832860946655273e-01
8.177326619625091553e-02
1.173411726951599121e+00
8.825418353080749512e-02
4.727916419506072998e-01
9.662574529647827148e-01
3.388545883353799582e-04
7.963991910219192505e-02
3.971916809678077698e-02
3.188245594501495361e-01
2.942024469375610352e-01
4.528979770839214325e-03
4.083413779735565186e-01
3.842612728476524353e-02
1.216057300567626953e+00
2.540825903415679932e-01
1.880516409873962402e-01
1.342467784881591797e+00
2.793677091598510742e+00
1.261630211956799030e-03
1.050390124320983887e+00
5.757114291191101074e-01
5.969463661313056946e-02
1.054995059967041016e+00
5.487073659896850586e-01
2.864307956770062447e-03
2.554495073854923248e-02
1.077342987060546875e+00
5.675667524337768555e-02
7.138546705245971680e-01
1.009602308273315430e+00
6.304413676261901855e-01
4.086947441101074219e-01
1.101474538445472717e-01
6.334325671195983887e-01
7.014529779553413391e-03
1.964376133400946856e-04
7.445919513702392578e-02
5.108266323804855347e-02
1.579658985137939453e-01
5.555022507905960083e-02
1.066807359457015991e-01
7.131951861083507538e-03
7.064383029937744141e-01
2.352448645979166031e-03
2.610049545764923096e-01
1.540819406509399414e+00
1.199877262115478516e-01
5.991621613502502441e-01
1.662860393524169922e+00
3.046278357505798340e-01
4.778157453984022141e-03
1.397878769785165787e-02
4.112300649285316467e-02
5.851759910583496094e-01
5.843247100710868835e-02
2.666718699038028717e-02
8.923269063234329224e-02
2.200581431388854980e-01
4.085251316428184509e-02
1.087816059589385986e-01
2.731574773788452148e-01
6.800534576177597046e-02
7.437188178300857544e-02
1.240582987666130066e-01
4.009481072425842285e-01
1.481920838356018066e+00
4.666343703866004944e-02
8.286735974252223969e-03
2.948168277740478516e+00
1.035659074783325195e+00
1.555519342422485352e+00
1.488996744155883789e-01
1.847763299942016602e+00
9.239231348037719727e-01
1.056143715977668762e-01
3.795350342988967896e-02
1.774903088808059692e-01
1.041157364845275879e+00
3.516483008861541748e-01
2.782948017120361328e-01
2.281534671783447266e-02
2.219494134187698364e-01
1.018967628479003906e+00
3.171837627887725830e-01
5.200690031051635742e-01
2.081362344324588776e-02
5.678315162658691406e-01
1.256358325481414795e-01
7.179717421531677246e-01
1.930966824293136597e-01
1.773710608482360840e+00
1.464128959923982620e-03
1.371591806411743164e+00
2.056490629911422729e-02
6.407787092030048370e-03
7.174662351608276367e-01
1.680163294076919556e-02
1.078952550888061523e-01
1.033251762390136719e+00
3.598487377166748047e-02
4.552001599222421646e-03
6.589917540550231934e-01
9.206461720168590546e-03
1.853013277053833008e+00
1.810266636312007904e-02
2.919836938381195068e-01
6.733577698469161987e-02
3.051177859306335449e-01
8.066141605377197266e-02
9.367233514785766602e-02
1.187639474868774414e+00
2.578393936157226562e+00
2.931462824344635010e-01
8.753498792648315430e-01
7.255476713180541992e-01
1.694509536027908325e-01
1.565689206123352051e+00
2.382181435823440552e-01
1.406446695327758789e+00
1.011744737625122070e+00
4.197513759136199951e-01
3.392693996429443359e+00
6.353877782821655273e-01
4.558792412281036377e-01
1.626273058354854584e-02
3.554146289825439453e-01
7.426697015762329102e-02
4.333925843238830566e-01
1.211618423461914062e+00
9.556703567504882812e-01
5.165997743606567383e-01
9.489430114626884460e-03
3.380276262760162354e-01
1.939227432012557983e-01
2.518559396266937256e-01
5.101941227912902832e-01
4.260824352968484163e-04
3.775256220251321793e-03
1.643736497499048710e-03
9.594982862472534180e-02
3.048944659531116486e-02
2.071587741374969482e-01
4.794894158840179443e-02
1.396329402923583984e+00
3.382777273654937744e-01
1.474431157112121582e-01
2.066609561443328857e-01
4.131324589252471924e-02
1.117901563644409180e+00
1.843010663986206055e+00
6.457350850105285645e-01
6.311203837394714355e-01
5.182933211326599121e-01
4.223950207233428955e-03
2.165043950080871582e-01
1.357965320348739624e-01
1.992461457848548889e-02
1.321160197257995605e-01
2.028550863265991211e+00
7.023721933364868164e-01
2.759754657745361328e-01
8.569854497909545898e-01
5.520094633102416992e-01
1.786428131163120270e-02
3.294905126094818115e-01
1.529504418373107910e+00
1.026163343340158463e-02
6.245254725217819214e-02
9.185643792152404785e-01
1.775326579809188843e-02
4.015662968158721924e-01
5.282034352421760559e-02
1.454912573099136353e-01
1.904627867043018341e-02
1.870469562709331512e-02
4.902841057628393173e-03
1.287763267755508423e-01
4.593510329723358154e-01
1.973248958587646484e+00
1.507129788398742676e+00
3.976969048380851746e-02
1.098058223724365234e+00
3.165527284145355225e-01
1.065635774284601212e-02
3.451921418309211731e-02
2.190735749900341034e-02
4.864168353378772736e-03
7.175560593605041504e-01
2.151453256607055664e+00
2.416784614324569702e-01
5.640496611595153809e-01
6.832404136657714844e-01
1.313657616265118122e-03
2.748168408870697021e-01
4.384468868374824524e-02
3.649078607559204102e-01
1.047409921884536743e-01
7.398321032524108887e-01
2.887858867645263672e+00
8.728313446044921875e-02
7.554730772972106934e-01
2.474151551723480225e-01
1.809088587760925293e-01
2.700606584548950195e-01
2.095901519060134888e-01
3.155382722616195679e-02
4.676969349384307861e-02
6.192066520452499390e-02
6.415058672428131104e-02
4.500617273151874542e-03
9.115744382143020630e-03
5.696581210941076279e-04
3.152193307876586914e+00
1.629600882530212402e+00
1.458644270896911621e+00
3.485082149505615234e+00
1.894179284572601318e-01
1.532200351357460022e-02
1.593394279479980469e-01
4.139593988656997681e-02
4.331320524215698242e-02
5.317510962486267090e-01
9.700304828584194183e-03
5.533852614462375641e-03
1.908677518367767334e-01
1.038235500454902649e-01
1.111066937446594238e-01
1.792256712913513184e+00
6.818538531661033630e-05
2.569589763879776001e-03
3.984372597187757492e-04
1.701323747634887695e+00
2.055200515314936638e-03
7.044832706451416016e-01
2.665081992745399475e-02
1.670220851898193359e+00
6.850872933864593506e-02
2.399430237710475922e-02
2.776103792712092400e-03
2.833027951419353485e-02
5.205633491277694702e-02
1.692472547292709351e-01
1.516966700553894043e+00
2.524120509624481201e-01
5.246103554964065552e-02
4.131427705287933350e-01
6.758748292922973633e-01
3.256409168243408203e-01
3.102967049926519394e-03
5.995851010084152222e-02
2.144296094775199890e-02
8.005083538591861725e-03
1.014066100120544434e+00
3.101449832320213318e-02
4.524945281445980072e-03
2.535611391067504883e-01
1.080915033817291260e-01
8.189529925584793091e-02
2.383250975981354713e-03
4.951457083225250244e-01
5.973910912871360779e-02
2.979878522455692291e-02
1.709192156791687012e+00
6.624389439821243286e-02
6.705502271652221680e-01
7.034620642662048340e-02
1.802138388156890869e-01
3.827951103448867798e-02
1.250533293932676315e-02
1.316239126026630402e-02
8.751209080219268799e-02
2.271233685314655304e-02
2.968347072601318359e-01
8.378082513809204102e-02
2.897748909890651703e-02
9.119095193454995751e-05
9.403178840875625610e-02
9.748756885528564453e-01
9.573265910148620605e-03
7.026930898427963257e-02
1.032641530036926270e+00
2.423262596130371094e-01
1.446094363927841187e-01
5.065374374389648438e-01
5.462114810943603516e-01
3.095671162009239197e-02
9.168782271444797516e-03
3.172153532505035400e-01
6.312133073806762695e-01
3.828834742307662964e-02
1.183912977576255798e-01
2.821103297173976898e-02
2.691339468583464622e-03
1.443773857317864895e-03
1.023213472217321396e-02
5.788047909736633301e-01
3.100097738206386566e-02
9.517824649810791016e-01
2.038092017173767090e-01
3.632600978016853333e-02
7.192205786705017090e-01
1.114258095622062683e-01
8.582610636949539185e-03
1.171185299754142761e-01
2.868967950344085693e-01
6.031749024987220764e-02
1.005566954612731934e+00
3.732467293739318848e-01
1.276155235245823860e-03
1.916914284229278564e-01
1.220022201538085938e+00
1.851715683937072754e+00
6.121200919151306152e-01
3.749558329582214355e-02
2.022398710250854492e-01
1.350444275885820389e-03
3.553111478686332703e-02
8.499324321746826172e-01
8.336952328681945801e-02
9.393305517733097076e-03
1.096719875931739807e-03
4.048739001154899597e-02
8.246068656444549561e-02
8.806879632174968719e-04
6.537240743637084961e-01
1.947896331548690796e-01
3.898794949054718018e-01
8.010134100914001465e-01
1.834666430950164795e-01
1.942924857139587402e-01
6.306566647253930569e-04
2.386699663475155830e-03
1.940756559371948242e+00
7.269460558891296387e-01
3.121799416840076447e-02
1.730553269386291504e+00
1.772269979119300842e-02
4.142879247665405273e-01
1.809236407279968262e-02
7.826054096221923828e-01
1.261218786239624023e+00
2.689875364303588867e-01
4.090019762516021729e-01
2.454219944775104523e-02
2.933699823915958405e-02
2.599329948425292969e-01
3.183299675583839417e-03
1.911434717476367950e-02
3.199578523635864258e-01
3.027830421924591064e-01
1.717453449964523315e-01
3.638336956501007080e-01
9.857690334320068359e-01
2.783269405364990234e+00
6.559066176414489746e-01
3.352948427200317383e-01
6.371155381202697754e-02
3.193123266100883484e-02
1.206742483191192150e-03
2.006693743169307709e-02
4.060164093971252441e-01
7.593601942062377930e-02
3.111422993242740631e-02
4.617163181304931641e+00
1.009352281689643860e-01
3.221615403890609741e-02
5.704921204596757889e-04
2.195155806839466095e-02
1.446521997451782227e+00
5.517693161964416504e-01
8.932039141654968262e-03
9.800413846969604492e-01
4.792464375495910645e-01
1.821130141615867615e-02
1.458913326263427734e+00
2.166347652673721313e-01
9.393251093570142984e-05
4.267919659614562988e-01
1.131565928459167480e+00
1.858667433261871338e-01
1.542748957872390747e-01
3.142064670100808144e-03
2.035099864006042480e-01
1.631550677120685577e-02
7.424462437629699707e-01
1.473226305097341537e-02
1.105326265096664429e-01
9.702902287244796753e-02
8.434920012950897217e-02
1.148953288793563843e-02
2.578172683715820312e-01
4.724990725517272949e-01
4.555680323392152786e-03
1.050288826227188110e-01
1.986064761877059937e-01
1.359476298093795776e-01
1.663598231971263885e-02
1.457820180803537369e-03
1.491111755371093750e+00
6.770481914281845093e-02
2.814165115356445312e+00
7.021987345069646835e-03
1.770130395889282227e+00
7.794351875782012939e-02
1.130080521106719971e-01
1.683093578321859241e-04
5.846459865570068359e-01
5.363107323646545410e-01
2.841533161699771881e-02
2.259679604321718216e-03
2.791117317974567413e-02
4.168469831347465515e-02
7.093110084533691406e-01
2.306074947118759155e-01
1.101237256079912186e-02
3.621299937367439270e-02
7.127820849418640137e-01
1.724880576133728027e+00
5.152755416929721832e-03
1.687176078557968140e-01
3.718402236700057983e-02
1.535730004310607910e+00
1.071475505828857422e+00
3.458543121814727783e-02
3.501796424388885498e-01
5.809328053146600723e-03
1.646561548113822937e-02
1.340301185846328735e-01
7.858982682228088379e-02
6.533207744359970093e-02
3.658723235130310059e-01
1.717585511505603790e-02
1.306780874729156494e-01
2.134389430284500122e-02
2.072070121765136719e+00
9.971342682838439941e-01
1.315324604511260986e-01
4.512356594204902649e-02
3.008610010147094727e-01
7.998145371675491333e-02
8.425102382898330688e-02
3.607062399387359619e-01
9.999687671661376953e-01
1.143049597740173340e+00
4.781203567981719971e-01
2.156201153993606567e-01
1.379679560661315918e+00
2.944823913276195526e-02
2.965535521507263184e-01
6.282149255275726318e-02
4.196053370833396912e-03
1.839263916015625000e+00
3.128098964691162109e+00
3.101853430271148682e-01
1.068375855684280396e-01
4.341044425964355469e-01
1.463100165128707886e-01
5.862773656845092773e-01
5.088571906089782715e-01
2.921659946441650391e-01
1.465820074081420898e+00
1.200810819864273071e-01
1.166512012481689453e+00
4.631200432777404785e-01
1.912161707878112793e-01
1.080046892166137695e+00
3.291875869035720825e-02
1.752223033690825105e-04
1.479557529091835022e-02
3.275471925735473633e-02
9.269191026687622070e-01
9.499425888061523438e-01
1.024476066231727600e-02
4.129573702812194824e-03
6.703870892524719238e-01
3.500203788280487061e-01
6.134971231222152710e-02
2.066480636596679688e+00
1.997288316488265991e-01
5.127462744712829590e-01
1.456865191459655762e+00
7.183689475059509277e-01
3.273176401853561401e-02
2.736998908221721649e-02
3.065813779830932617e-01
8.018360733985900879e-01
3.681020438671112061e-02
1.422891300171613693e-02
7.450600862503051758e-01
1.092983596026897430e-02
1.298736631870269775e-01
5.553364753723144531e-02
3.453958546742796898e-03
6.926974773406982422e+00
3.429895639419555664e-01
2.809270285069942474e-03
9.258048981428146362e-02
8.910380303859710693e-02
3.694486320018768311e-01
5.624113976955413818e-02
3.345172405242919922e+00
2.497330307960510254e-02
1.268190145492553711e+00
5.935777425765991211e-01
4.037521183490753174e-01
4.225967917591333389e-03
1.476935595273971558e-01
1.959687024354934692e-01
7.312247157096862793e-02
4.985550791025161743e-02
1.673340611159801483e-02
2.314579010009765625e+00
5.853004768141545355e-05
7.389316558837890625e-01
4.170104861259460449e-02
2.563659250736236572e-01
1.825723052024841309e-01
5.926521262153983116e-04
2.367069125175476074e-01
1.215933263301849365e-01
6.774792075157165527e-01
8.462423682212829590e-01
4.669574648141860962e-02
3.447899222373962402e-01
3.456471895333379507e-04
1.398108452558517456e-01
3.332683742046356201e-01
3.182797133922576904e-01
2.096294909715652466e-01
2.973819673061370850e-01
7.285103201866149902e-01
1.511758565902709961e+00
9.005997329950332642e-03
2.991938591003417969e-01
2.580803036689758301e-01
1.153407692909240723e-01
5.850758031010627747e-02
1.928297802805900574e-02
2.347866296768188477e-01
1.108319759368896484e-01
1.206504413858056068e-03
1.686727628111839294e-02
1.267529487609863281e+00
1.794910430908203125e-01
5.504230409860610962e-02
1.727358847856521606e-01
4.160440061241388321e-03
2.921423017978668213e-01
6.489914655685424805e-01
5.967093706130981445e-01
1.821382999420166016e+00
6.682220846414566040e-02
8.830187469720840454e-02
6.302087903022766113e-01
2.202378809452056885e-01
4.189760684967041016e-01
3.969647455960512161e-03
3.197796875610947609e-03
2.212627530097961426e-01
1.127187237143516541e-01
4.954516515135765076e-02
4.343511536717414856e-02
1.371531374752521515e-02
5.937438458204269409e-03
1.383959949016571045e-01
7.063778042793273926e-01
4.039937630295753479e-03
8.447158336639404297e-01
5.411162972450256348e-02
7.753022313117980957e-01
2.294238656759262085e-01
3.808279037475585938e-01
1.595210582017898560e-01
2.373568117618560791e-01
6.377490162849426270e-01
2.665622234344482422e-01
1.940146535634994507e-01
4.595654027070850134e-04
1.516782045364379883e+00
1.393341086804866791e-02
4.810201823711395264e-01
5.657791346311569214e-02
8.143156170845031738e-01
1.514715433120727539e+00
1.895218372344970703e+00
1.463304013013839722e-01
4.633596241474151611e-01
4.812444094568490982e-03
4.956592619419097900e-02
8.598423749208450317e-02
2.370476126670837402e-01
2.278184890747070312e-01
9.326519072055816650e-02
1.006348609924316406e+00
3.865984966978430748e-03
8.314488828182220459e-02
1.868890039622783661e-02
3.494057059288024902e-01
2.434629201889038086e+00
1.463206019252538681e-02
3.476563468575477600e-02
2.465801537036895752e-01
1.566606760025024414e+00
3.793664043769240379e-03
5.411919951438903809e-01
2.511886134743690491e-02
1.428591087460517883e-02
1.547526955604553223e+00
1.734579652547836304e-01
2.945576906204223633e-01
2.993943095207214355e-01
1.413439810276031494e-01
1.187693979591131210e-02
6.301507949829101562e-01
3.077675104141235352e-01
9.383449703454971313e-02
1.070318091660737991e-02
6.563972234725952148e-01
1.902187466621398926e-01
6.961570978164672852e-01
2.531158737838268280e-02
3.554825484752655029e-02
3.170282021164894104e-02
1.206611189991235733e-02
6.100164353847503662e-02
2.640137099660933018e-04
1.699892580509185791e-01
1.799318790435791016e-01
1.594856828451156616e-01
1.409998178482055664e+00
6.720162630081176758e-01
5.210452079772949219e-01
5.507590770721435547e-01
4.431673288345336914e-01
1.324791550636291504e+00
2.230395972728729248e-01
2.232479304075241089e-02
3.939580544829368591e-02
2.697977423667907715e-01
6.067150235176086426e-01
3.681312547996640205e-03
1.677338778972625732e-01
1.786756068468093872e-01
1.404840648174285889e-01
1.843617200851440430e+00
3.310860693454742432e-02
6.991977989673614502e-02
1.548867464065551758e+00
3.516335412859916687e-02
1.339437160640954971e-02
1.634589582681655884e-01
1.413571238517761230e-01
2.479469627141952515e-01
3.150060772895812988e-01
1.270333528518676758e-01
2.870418429374694824e-01
1.087931469082832336e-01
1.004529744386672974e-01
5.553047657012939453e-01
2.275736536830663681e-03
2.459122566506266594e-03
1.711928984150290489e-03
1.041823183186352253e-03
3.743885830044746399e-02
1.558991521596908569e-01
3.224824368953704834e-02
3.209817782044410706e-02
9.240192919969558716e-02
1.014804691076278687e-01
7.234052419662475586e-01
2.361608892679214478e-01
7.239422202110290527e-02
3.016794025897979736e-01
2.877701073884963989e-02
6.677504628896713257e-02
2.084850966930389404e-01
5.019134283065795898e-01
8.498100563883781433e-03
3.878661617636680603e-02
3.537245094776153564e-02
2.643803320825099945e-02
2.577636539936065674e-01
7.483627796173095703e-01
1.473970264196395874e-01
3.660865426063537598e-01
3.269529044628143311e-01
6.804390344768762589e-03
2.133665978908538818e-02
1.110774651169776917e-01
4.262723401188850403e-02
2.492678761482238770e-01
3.291904693469405174e-03
1.044223785400390625e+00
2.718670666217803955e-02
1.101932860910892487e-02
4.220882058143615723e-02
1.979270726442337036e-01
1.690326571464538574e+00
3.480389714241027832e-01
4.711171984672546387e-02
5.957188457250595093e-02
5.512601509690284729e-02
1.978040300309658051e-02
6.357208490371704102e-01
2.206425666809082031e-01
1.061265826225280762e+00
3.013821877539157867e-02
9.572691051289439201e-04
9.565472602844238281e-03
3.679823875427246094e-01
2.108528167009353638e-01
1.202081441879272461e-01
1.172493621706962585e-01
8.588638156652450562e-03
2.061866521835327148e-01
2.373417615890502930e-01
1.245542526245117188e+00
1.659904122352600098e-01
2.998806722462177277e-02
1.605423390865325928e-01
4.766839146614074707e-01
8.453166484832763672e-01
9.092814922332763672e-01
7.938372343778610229e-02
2.054622210562229156e-02
6.346574425697326660e-01
1.657648086547851562e-01
5.308579187840223312e-03
2.543582953512668610e-02
3.023882454726845026e-04
2.265911340713500977e+00
7.536550052464008331e-03
3.797226585447788239e-03
8.883510828018188477e-01
4.391120374202728271e-02
1.103064697235822678e-02
3.422580361366271973e-01
6.577036976814270020e-01
1.181895360350608826e-01
2.573884963989257812e+00
5.575003623962402344e-01
4.895253479480743408e-01
1.061026453971862793e+00
5.968367680907249451e-03
5.498932600021362305e-01
1.276236325502395630e-01
2.313094958662986755e-02
1.260273694992065430e+00
3.763823211193084717e-01
6.597542166709899902e-01
1.963037967681884766e+00
1.088308915495872498e-01
5.783383846282958984e-01
2.275063037872314453e+00
1.772174715995788574e+00
3.187569677829742432e-01
5.549350380897521973e-02
6.503135664388537407e-04
6.219309568405151367e-01
2.584921717643737793e-01
3.024173714220523834e-02
1.882096886634826660e+00
1.082129329442977905e-01
9.008163469843566418e-04
2.995513379573822021e-01
1.629412174224853516e-01
7.336984276771545410e-01
1.317321509122848511e-02
4.641110897064208984e-01
7.394448518753051758e-01
2.080545015633106232e-02
2.912135124206542969e+00
5.059059709310531616e-03
2.973591327667236328e+00
1.103263974189758301e+00
4.999042488634586334e-03
2.911948442459106445e+00
1.371453255414962769e-01
1.265448331832885742e-01
3.754736855626106262e-02
1.050800681114196777e+00
1.440412737429141998e-02
2.107662614434957504e-03
2.385232150554656982e-01
1.701190881431102753e-02
1.543552756309509277e+00
7.805621623992919922e-02
1.602640151977539062e-01
2.510350048542022705e-01
6.862293928861618042e-02
3.270892202854156494e-01
3.113543614745140076e-03
8.025421947240829468e-02
2.595915794372558594e+00
3.010490536689758301e-02
1.208061575889587402e+00
1.426046937704086304e-01
2.791307866573333740e-01
1.144041866064071655e-01
3.783885240554809570e-01
7.577020525932312012e-01
4.232869297266006470e-02
1.058499794453382492e-02
2.743023037910461426e-01
1.713447868824005127e-01
1.730732321739196777e-01
1.323565542697906494e-01
7.125079631805419922e-02
6.549203768372535706e-03
2.399424789473414421e-03
3.495857417583465576e-01
2.031449228525161743e-02
5.687211155891418457e-01
7.538350820541381836e-01
3.625369817018508911e-02
1.690664738416671753e-01
8.401036262512207031e-02
2.539073675870895386e-02
1.045931339263916016e+00
1.451857239007949829e-01
3.663566410541534424e-01
1.197598457336425781e+00
1.369205594062805176e+00
9.104285389184951782e-03
7.367508411407470703e-01
1.048452138900756836e+00
5.103773903101682663e-03
8.451528847217559814e-03
3.584178090095520020e-01
6.016353964805603027e-01
1.026999473571777344e+00
6.311028450727462769e-02
1.390511840581893921e-01
3.616021871566772461e-01
6.624935865402221680e-01
1.782014727592468262e+00
5.331306457519531250e-01
8.058223465923219919e-05
6.031155586242675781e-01
1.756749004125595093e-01
6.630349755287170410e-01
4.602552857249975204e-03
4.043313562870025635e-01
1.477460842579603195e-03
7.906381487846374512e-01
2.119073122739791870e-01
1.002209261059761047e-01
2.590976096689701080e-02
9.760394692420959473e-03
1.272303014993667603e-01
6.632988806813955307e-04
1.315017342567443848e-01
3.840158134698867798e-02
5.292436853051185608e-02
1.873892396688461304e-01
8.977206945419311523e-01
1.703360467217862606e-03
2.299206107854843140e-01
6.327007412910461426e-01
3.790571391582489014e-01
8.658371865749359131e-02
1.124618127942085266e-01
2.647471427917480469e-01
9.384904056787490845e-02
7.771336287260055542e-02
1.283774967305362225e-03
3.453181266784667969e+00
5.676433444023132324e-01
5.283677484840154648e-03
1.502220034599304199e-01
3.812667727470397949e-02
1.034182608127593994e-01
2.799185551702976227e-02
7.682276517152786255e-02
4.178465843200683594e+00
9.261597990989685059e-01
1.182279810309410095e-01
9.412205964326858521e-02
1.241138204932212830e-02
1.283034682273864746e+00
2.543448448181152344e+00
3.394564092159271240e-01
4.320425391197204590e-01
9.950978308916091919e-02
8.712086081504821777e-01
3.397779539227485657e-02
3.384718298912048340e-01
5.249288398772478104e-03
3.742301464080810547e-01
2.929089125245809555e-03
1.617530107498168945e+00
1.292307525873184204e-01
1.289215564727783203e+00
1.197430342435836792e-01
1.685332693159580231e-02
4.588746428489685059e-01
1.779099345207214355e+00
6.928955912590026855e-01
3.755199313163757324e-01
3.630928993225097656e-01
2.227012634277343750e+00
2.204520069062709808e-02
1.491508930921554565e-01
6.114323139190673828e-01
4.575018286705017090e-01
3.356370143592357635e-04
4.518139362335205078e-01
1.408482909202575684e+00
4.611808806657791138e-03
7.906923070549964905e-03
6.545279175043106079e-02
2.236116270069032907e-04
4.950121641159057617e-01
1.607220321893692017e-01
8.546940807718783617e-05
3.102686442434787750e-02
3.787935376167297363e-01
6.932828426361083984e+00
3.978400826454162598e-01
2.346231639385223389e-01
4.291805380489677191e-04
1.654685707762837410e-03
3.870882987976074219e-01
1.631618142127990723e+00
5.185884982347488403e-02
7.811120152473449707e-01
3.396942019462585449e-01
4.589962959289550781e-01
3.179566934704780579e-02
1.313600077992305160e-04
7.405686192214488983e-03
2.433303557336330414e-02
1.662194013595581055e+00
6.188604235649108887e-02
3.410596400499343872e-03
9.266959130764007568e-02
2.910152673721313477e-01
1.147963386029005051e-02
5.965240597724914551e-01
8.624859154224395752e-02
6.450885534286499023e-01
8.517838269472122192e-02
4.017446935176849365e-02
5.882501006126403809e-01
4.879224598407745361e-01
2.256502956151962280e-02
3.054046034812927246e-01
5.708163976669311523e-01
1.089957430958747864e-01
3.171939849853515625e-01
1.791697368025779724e-02
1.328546643257141113e+00
4.383244216442108154e-01
1.287541091442108154e-01
8.219023346900939941e-01
5.605202913284301758e-02
3.683108687400817871e-01
1.381838023662567139e-01
7.334482669830322266e-02
3.118870973587036133e+00
1.982656680047512054e-02
3.151718676090240479e-01
1.319245398044586182e-01
3.568353876471519470e-02
1.078314147889614105e-02
6.211996078491210938e+00
5.322049856185913086e-01
2.974136352539062500e+00
3.672828972339630127e-01
5.192460492253303528e-02
1.787196695804595947e-01
2.003751993179321289e+00
1.097122300416231155e-02
2.386105507612228394e-01
3.910583853721618652e-01
2.111926972866058350e-01
2.164561487734317780e-02
2.780984528362751007e-02
8.165311068296432495e-03
6.375998258590698242e-02
2.815825343132019043e-01
6.427320837974548340e-01
6.076698899269104004e-01
8.640107512474060059e-01
8.405628800392150879e-02
4.141183942556381226e-02
8.465188741683959961e-02
7.697509974241256714e-02
2.590082294773310423e-04
1.182750582695007324e+00
7.768419105559587479e-03
1.050357520580291748e-01
1.204853802919387817e-01
2.304754495620727539e+00
4.787796735763549805e-01
5.907930899411439896e-03
1.957011818885803223e+00
2.147943824529647827e-01
2.889422178268432617e-01
3.109902441501617432e-01
6.683369725942611694e-02
8.165868520736694336e-01
6.437258720397949219e-01
3.179353177547454834e-01
2.121700235875323415e-04
6.930597592145204544e-03
2.597294934093952179e-02
4.537684321403503418e-01
1.511612236499786377e-01
1.015868544578552246e+00
2.164606412407010794e-04
9.241443127393722534e-02
4.663351178169250488e-02
1.189120579510927200e-03
3.172245249152183533e-02
2.337495237588882446e-02
1.196363847702741623e-02
9.668114036321640015e-02
3.047983646392822266e-01
5.650370121002197266e-01
2.201779037714004517e-01
6.309840083122253418e-01
7.126700878143310547e-02
1.248319596052169800e-01
7.271490991115570068e-03
2.242909045889973640e-03
1.454099655151367188e+00
4.121026024222373962e-03
1.370261423289775848e-02
3.106858208775520325e-02
1.803411692380905151e-01
1.636816561222076416e-02
1.707004755735397339e-01
1.009203568100929260e-01
3.622511327266693115e-01
4.691962152719497681e-02
7.736383849987760186e-05
4.327701777219772339e-02
2.793017625808715820e-01
2.014616727828979492e-01
3.019762039184570312e-01
7.485924870707094669e-04
3.689864184707403183e-03
2.116227522492408752e-03
2.499430924654006958e-01
3.338829576969146729e-01
5.943719297647476196e-03
8.754208683967590332e-03
1.418448705226182938e-02
1.047081220895051956e-02
1.847019977867603302e-02
4.316532611846923828e-01
1.065730333328247070e+00
1.238930672407150269e-01
2.592228055000305176e-01
2.043569564819335938e+00
7.916672229766845703e-01
7.971048355102539062e-02
1.408981800079345703e+00
1.524265766143798828e+00
7.550887763500213623e-02
1.342623114585876465e+00
1.120926216244697571e-01
2.054833889007568359e+00
1.508104085922241211e+00
7.057128846645355225e-02
2.289295429363846779e-03
3.014664649963378906e-01
4.727318286895751953e-01
6.579575538635253906e-01
1.256407260894775391e+00
3.696339130401611328e-01
1.794283837080001831e-01
4.085983335971832275e-01
3.044601082801818848e-01
6.562930941581726074e-01
1.730255549773573875e-03
1.268523693084716797e+00
4.185390844941139221e-02
2.812943421304225922e-04
5.131563916802406311e-02
2.806828975677490234e+00
6.627551317214965820e-01
5.576874688267707825e-02
2.534491539001464844e+00
5.569006800651550293e-01
1.442476958036422729e-01
8.140125311911106110e-03
1.259938955307006836e+00
2.318117767572402954e-01
1.566378623247146606e-01
5.587077513337135315e-02
9.627474937587976456e-04
1.924963295459747314e-01
1.430203556083142757e-03
1.952966213226318359e+00
4.137798398733139038e-02
1.634291857481002808e-01
2.024231910705566406e+00
1.009193249046802521e-03
1.465144380927085876e-02
4.899486601352691650e-01
5.694121122360229492e-03
1.072684749960899353e-01
4.042845666408538818e-01
4.213106334209442139e-01
3.910100087523460388e-02
2.710166759788990021e-02
5.004420876502990723e-02
1.600891202688217163e-01
1.199166893959045410e+00
3.414683043956756592e-01
1.582914590835571289e-02
3.294830620288848877e-01
1.650398671627044678e-01
9.243249297142028809e-01
7.712707668542861938e-02
5.046148896217346191e-01
2.254089573398232460e-03
1.157202292233705521e-02
3.197418451309204102e-01
5.690275132656097412e-02
2.516210637986660004e-02
1.118183732032775879e+00
4.215647652745246887e-02
2.822714298963546753e-02
9.757693856954574585e-02
8.802651762962341309e-01
3.461778908967971802e-02
6.259005516767501831e-03
7.527795154601335526e-03
1.428025279892608523e-04
6.276339888572692871e-01
5.190629959106445312e-01
1.980842471122741699e+00
5.605293065309524536e-02
3.767721727490425110e-02
5.510167479515075684e-01
3.409327473491430283e-05
1.852780878543853760e-01
4.328709542751312256e-01
2.404086589813232422e+00
5.695940852165222168e-01
1.978944987058639526e-01
4.243760486133396626e-05
7.647855281829833984e-01
1.389202624559402466e-01
3.073945045471191406e-01
2.073084831237792969e+00
2.353837043046951294e-01
2.543752789497375488e-01
6.532467007637023926e-01
1.432703342288732529e-03
2.062299427052494138e-05
2.066615223884582520e-02
5.346236228942871094e-01
1.254277024418115616e-02
1.559745311737060547e+00
4.091108217835426331e-03
3.873605728149414062e-01
9.642926976084709167e-03
3.939445912837982178e-01
7.203722745180130005e-02
7.463028430938720703e-01
3.313999772071838379e-01
2.823861502110958099e-02
1.543998252600431442e-03
2.630903944373130798e-02
1.108276844024658203e+00
2.877526581287384033e-01
5.816913326270878315e-04
6.443731486797332764e-02
4.198135733604431152e-01
1.935126446187496185e-02
1.372265964746475220e-01
1.494708564132452011e-02
5.299685988575220108e-03
1.350108981132507324e-01
1.951458049006760120e-03
1.265558481216430664e+00
1.639813780784606934e-01
1.227436900138854980e+00
2.633319934830069542e-03
2.015339583158493042e-02
5.106986686587333679e-02
1.407412439584732056e-01
1.904929637908935547e+00
2.337753325700759888e-01
5.701588466763496399e-03
6.252007186412811279e-02
1.171224489808082581e-01
1.050272345542907715e+00
6.611748039722442627e-02
7.212206125259399414e-01
7.057243585586547852e-01
5.143749876879155636e-04
1.759505748748779297e+00
3.127577006816864014e-01
1.756031960248947144e-01
1.762595772743225098e-02
9.366261772811412811e-03
5.155670642852783203e-01
3.910420238971710205e-01
5.687572062015533447e-02
7.017274200916290283e-02
1.327713727951049805e-01
1.165912896394729614e-01
6.555584073066711426e-02
7.042703218758106232e-03
1.996587365865707397e-01
1.028961851261556149e-03
4.383004270493984222e-03
1.016489118337631226e-01
8.816246390342712402e-01
3.820855915546417236e-01
7.598527073860168457e-01
7.034449372440576553e-04
1.540879130363464355e+00
6.946637034416198730e-01
1.243438005447387695e+00
2.728284001350402832e-01
1.676893830299377441e+00
7.570500019937753677e-04
1.631527207791805267e-02
3.224376142024993896e-01
4.968947768211364746e-01
1.893557757139205933e-01
4.999042488634586334e-03
1.194710731506347656e+00
2.272670984268188477e+00
2.080146312713623047e+00
8.737798780202865601e-04
2.296767681837081909e-01
3.278840705752372742e-02
1.803967915475368500e-02
8.734813332557678223e-02
5.214256048202514648e-02
1.906323805451393127e-02
3.889503777027130127e-01
7.987407734617590904e-04
3.761753737926483154e-01
3.796693682670593262e-01
1.331945657730102539e-01
1.902153939008712769e-01
3.738373890519142151e-02
1.007986068725585938e+00
1.021043539047241211e+00
1.804774284362792969e+00
1.738777160644531250e-01
2.911459282040596008e-02
9.046127647161483765e-02
5.951540661044418812e-04
2.909952104091644287e-01
3.498136401176452637e-01
5.666068792343139648e-01
3.260738402605056763e-02
1.367587014101445675e-03
1.206200480461120605e+00
3.231322765350341797e-02
2.960997223854064941e-01
2.832212951034307480e-03
3.321449458599090576e-01
5.511778220534324646e-02
1.355574429035186768e-01
3.607880175113677979e-01
9.351176023483276367e-01
8.207639679312705994e-03
2.599432133138179779e-02
2.046268582344055176e-01
7.772582769393920898e-02
2.814674675464630127e-01
4.601823911070823669e-02
5.871696472167968750e-01
7.293976843357086182e-03
3.150344192981719971e-01
1.463789939880371094e+00
3.705049753189086914e+00
1.220853209495544434e+00
1.641706749796867371e-02
5.755064263939857483e-02
8.396556377410888672e-01
2.711002156138420105e-02
1.224378108978271484e+00
2.003003805875778198e-01
1.552895270287990570e-02
6.449631452560424805e-01
2.704925537109375000e-01
7.206251472234725952e-02
1.555949300527572632e-01
2.099841833114624023e-01
1.514419794082641602e+00
2.219150364398956299e-01
1.288367956876754761e-01
1.248579025268554688e+00
8.594653010368347168e-01
1.632238626480102539e-01
1.167224884033203125e+00
2.241991460323333740e-02
2.366558276116847992e-02
6.357473134994506836e-01
9.400471448898315430e-01
1.232432499527931213e-01
2.294595837593078613e-01
1.277674734592437744e-01
1.108844652771949768e-01
2.724766254425048828e+00
3.060359656810760498e-01
3.035495989024639130e-02
2.432689517736434937e-01
1.099714711308479309e-01
6.287246346473693848e-01
5.129946470260620117e-01
3.848932087421417236e-01
3.604127168655395508e+00
3.557426622137427330e-03
1.823986321687698364e-02
1.010728720575571060e-02
2.580410102382302284e-03
1.242970943450927734e+00
4.171804428100585938e+00
5.149493217468261719e-01
8.710484951734542847e-03
7.369959950447082520e-01
1.946070045232772827e-02
5.071808770298957825e-02
8.269947953522205353e-03
1.687175477854907513e-03
1.165465191006660461e-01
1.296283453702926636e-01
2.467803424224257469e-03
1.246474906802177429e-01
3.205164102837443352e-03
8.717416524887084961e-01
1.222421407699584961e+00
6.368023157119750977e-01
2.181889722123742104e-03
1.262270100414752960e-02
8.954658508300781250e-01
2.047226428985595703e+00
5.675746798515319824e-01
1.132388561964035034e-01
7.298473734408617020e-03
6.110336259007453918e-02
4.681963473558425903e-02
8.534937351942062378e-02
3.690545260906219482e-02
4.014143645763397217e-01
1.356938034296035767e-01
2.634434103965759277e-01
4.290087223052978516e-01
6.292067468166351318e-02
1.092474937438964844e+00
4.859843850135803223e-01
4.566194862127304077e-02
1.330567989498376846e-02
4.405792336910963058e-03
3.322202712297439575e-03
7.608915120363235474e-02
4.931461438536643982e-02
1.358479410409927368e-01
2.650762200355529785e-01
4.170718789100646973e-01
5.102974772453308105e-01
1.749773323535919189e-01
3.981989575549960136e-04
1.710275560617446899e-01
2.674913033843040466e-02
2.948585711419582367e-02
1.415666788816452026e-01
1.211220994591712952e-01
1.808134615421295166e-01
6.012757867574691772e-02
3.710350394248962402e-02
4.376284182071685791e-01
7.033292651176452637e-01
1.494884677231311798e-02
2.773529477417469025e-02
6.763246655464172363e-01
1.100575685501098633e+00
7.136897183954715729e-04
8.434744924306869507e-02
1.583323776721954346e-01
7.507203221321105957e-01
2.233639717102050781e+00
1.116209849715232849e-02
3.308011963963508606e-02
2.243252247571945190e-01
3.094042241573333740e-01
6.939003244042396545e-03
8.617561459541320801e-01
3.877079188823699951e-01
8.037485182285308838e-03
2.496047168970108032e-01
3.176382482051849365e-01
7.249124348163604736e-02
3.663585484027862549e-01
3.132629692554473877e-01
5.025314688682556152e-01
3.269430100917816162e-01
5.190024971961975098e-01
1.101752519607543945e+00
1.291078627109527588e-01
1.702210493385791779e-02
1.640299521386623383e-02
8.546713739633560181e-02
5.126966238021850586e-01
3.018598556518554688e+00
1.372166275978088379e-01
1.914298981428146362e-01
4.415759444236755371e-01
4.229487106204032898e-02
8.500396013259887695e-01
1.873189449310302734e+00
1.968297004699707031e+00
4.407319799065589905e-02
1.006362307816743851e-02
2.954835817217826843e-02
5.971417948603630066e-02
1.907165907323360443e-02
4.259467497467994690e-02
9.519542753696441650e-02
2.004924714565277100e-01
2.918272744864225388e-03
4.401301741600036621e-01
9.261301755905151367e-01
7.326268553733825684e-01
1.716823875904083252e-02
1.145660062320530415e-03
1.637428766116499901e-03
1.221371889114379883e+00
4.926933720707893372e-02
7.943899035453796387e-01
9.896357059478759766e-01
4.750273749232292175e-02
1.171917915344238281e-01
1.498818863183259964e-02
1.291632652282714844e-03
1.493708610534667969e+00
3.676206767559051514e-01
1.765371672809123993e-02
2.162996530532836914e+00
5.370443314313888550e-02
2.686199843883514404e-01
2.072745561599731445e-02
2.802724838256835938e-01
2.861535847187042236e-01
2.590578496456146240e-01
1.238495707511901855e-01
2.011729404330253601e-02
6.592484423890709877e-04
3.338242415338754654e-03
1.610489368438720703e+00
5.437065660953521729e-02
5.004625022411346436e-02
6.888096220791339874e-03
1.774167083203792572e-02
5.406114831566810608e-02
1.494718790054321289e+00
6.931122392416000366e-02
4.960017278790473938e-03
2.869709968566894531e+00
1.824548281729221344e-02
9.151825308799743652e-01
2.816923558712005615e-01
1.185812577605247498e-01
6.842021346092224121e-01
1.121679618954658508e-01
1.756107956171035767e-01
2.184511572122573853e-01
1.478399038314819336e-01
1.525192055851221085e-03
5.143805220723152161e-02
4.670250117778778076e-01
2.141900658607482910e-01
7.198864221572875977e-02
2.355974674224853516e+00
3.352639973163604736e-01
6.263678078539669514e-04
1.802771329879760742e+00
4.728001728653907776e-02
1.529845148324966431e-01
4.555158317089080811e-02
4.288538396358489990e-01
1.220210716128349304e-01
9.759694337844848633e-02
3.647807240486145020e-01
8.380061626667156816e-05
3.307066485285758972e-02
3.992148160934448242e+00
9.154662489891052246e-02
2.633197069168090820e+00
1.580363214015960693e-01
7.860207557678222656e-01
2.505736658349633217e-03
1.413425445556640625e+00
5.565053820610046387e-01
2.506313085556030273e+00
1.833818480372428894e-02
1.113731622695922852e+00
6.608411669731140137e-02
7.048458456993103027e-01
1.208497047424316406e+00
8.794673681259155273e-01
4.254305362701416016e-01
4.847808182239532471e-02
7.118250727653503418e-01
1.054481044411659241e-01
2.818414568901062012e-02
4.157471936196088791e-03
2.538061738014221191e-01
4.114193320274353027e-01
3.757498502731323242e+00
1.611533999443054199e+00
1.833517253398895264e-01
7.418697476387023926e-01
4.433312639594078064e-02
2.267294935882091522e-02
1.651433706283569336e+00
3.776527345180511475e-01
3.988695740699768066e-01
9.873092174530029297e-01
2.263366943225264549e-03
1.783125102519989014e-01
2.171456813812255859e-01
6.387650966644287109e-03
1.641455888748168945e-01
1.499957870692014694e-03
6.384956240653991699e-01
1.654685707762837410e-03
2.861660003662109375e+00
1.006096950732171535e-03
8.454136550426483154e-02
4.381091520190238953e-02
2.473155558109283447e-01
7.963353395462036133e-02
3.506522334646433592e-04
2.460733413696289062e+00
3.860419988632202148e-01
1.700459718704223633e+00
2.131002664566040039e+00
1.095696240663528442e-01
1.209467291831970215e+00
6.547120958566665649e-02
9.368747472763061523e-01
1.877779483795166016e+00
5.641579031944274902e-01
3.918437659740447998e-01
1.677081733942031860e-01
2.343450933694839478e-01
5.610520839691162109e-01
5.229123830795288086e-01
3.312277549412101507e-04
2.737287282943725586e-01
2.001703083515167236e-01
1.704639643430709839e-01
8.114176243543624878e-02
1.083289384841918945e+00
6.892696768045425415e-02
3.738041818141937256e-01
5.381604656577110291e-02
1.874634809792041779e-02
1.115727901458740234e+00
2.522851824760437012e-01
1.333497166633605957e-01
3.498150501400232315e-03
1.176183700561523438e+00
7.352892309427261353e-02
3.932770192623138428e-01
8.177251815795898438e-01
3.535743951797485352e-01
2.158392667770385742e-01
1.063312217593193054e-02
2.064445972442626953e+00
6.826503872871398926e-01
5.330825969576835632e-02
1.434214115142822266e+00
1.449025720357894897e-01
4.105473402887582779e-03
1.885595023632049561e-01
4.440428316593170166e-02
2.898710668087005615e-01
1.428929418325424194e-01
3.852879256010055542e-02
4.543390274047851562e-01
1.131409883499145508e+00
6.889002770185470581e-02
9.049724340438842773e-01
1.026155799627304077e-01
1.522560119628906250e+00
1.810297220945358276e-01
9.515467286109924316e-02
2.551046236476395279e-05
2.013455927371978760e-01
5.273835267871618271e-03
1.328905671834945679e-01
3.419262170791625977e-01
2.238594144582748413e-01
9.030123353004455566e-01
5.398762822151184082e-01
1.136475443840026855e+00
4.467571258544921875e+00
3.457911014556884766e-01
7.579435408115386963e-02
8.683422580361366272e-03
7.667042315006256104e-03
1.126074269413948059e-01
7.551904022693634033e-02
8.382884413003921509e-02
9.074036478996276855e-01
1.017995527945458889e-04
9.026404470205307007e-02
1.439946174621582031e+00
1.142943501472473145e-01
3.046019189059734344e-02
8.341712504625320435e-02
7.231167554855346680e-01
1.005628332495689392e-01
1.311725527048110962e-01
8.862441778182983398e-01
1.092865765094757080e-01
2.893404722213745117e+00
7.944395393133163452e-02
4.060032367706298828e-01
4.811481237411499023e-01
4.153112322092056274e-02
8.163656108081340790e-03
4.555104076862335205e-01
8.608121871948242188e-01
2.260203659534454346e-01
1.529688835144042969e+00
2.244719117879867554e-02
3.811097741127014160e-01
2.688398584723472595e-02
6.062574312090873718e-02
9.882134199142456055e-01
7.403418421745300293e-02
1.165530979633331299e-01
3.322499394416809082e-01
5.953025817871093750e-01
1.147338747978210449e-02
3.201889395713806152e-01
1.023992244154214859e-02
1.773840039968490601e-01
5.459925532341003418e-02
1.607317775487899780e-01
5.285510420799255371e-01
3.187237679958343506e-01
4.531310405582189560e-04
1.595809221267700195e+00
9.577671885490417480e-01
7.111073732376098633e-01
2.707966566085815430e-01
1.181294283014722168e-04
7.133323233574628830e-04
7.074347138404846191e-01
6.550695300102233887e-01
1.348063200712203979e-01
1.923049539327621460e-01
1.917350292205810547e+00
5.500033497810363770e-01
5.875872373580932617e-01
5.861180275678634644e-02
3.459415137767791748e-01
2.816166169941425323e-02
4.381639137864112854e-02
4.552578330039978027e-01
3.837599605321884155e-02
3.328658640384674072e-01
1.607255786657333374e-01
2.032312005758285522e-01
1.311136782169342041e-01
3.751608431339263916e-01
1.082208514213562012e+00
5.082956552505493164e-01
4.810812324285507202e-02
9.403107687830924988e-03
1.149894297122955322e-01
3.194133758544921875e+00
1.323234438896179199e-01
1.270342022180557251e-01
2.963795792311429977e-03
1.888975650072097778e-01
6.278911232948303223e-01
2.062927633523941040e-01
2.460393160581588745e-01
4.261215403676033020e-02
4.240216687321662903e-02
2.931419201195240021e-02
1.610570311546325684e+00
2.629544138908386230e-01
2.027629502117633820e-02
1.951417773962020874e-01
1.409945189952850342e-01
5.596280694007873535e-01
4.938186645507812500e+00
1.135293021798133850e-01
8.657408356666564941e-01
7.321398705244064331e-02
1.599790096282958984e+00
1.801739573478698730e+00
4.771313443779945374e-02
9.158551096916198730e-01
1.958251558244228363e-02
3.545493185520172119e-01
1.290972828865051270e+00
2.304533123970031738e-02
2.740320516750216484e-03
1.314583569765090942e-01
2.862387523055076599e-02
1.074587941169738770e+00
3.983779251575469971e-01
6.931188702583312988e-02
8.825483918190002441e-02
9.642926976084709167e-03
1.426580399274826050e-01
3.457247912883758545e-01
8.898787945508956909e-02
1.428104788064956665e-01
5.773890297859907150e-03
9.430976584553718567e-03
1.797458156943321228e-02
2.766688168048858643e-02
8.832789026200771332e-03
1.237188816070556641e+00
2.382481098175048828e-01
1.010054871439933777e-01
1.296353816986083984e+00
3.610273301601409912e-01
2.290308624505996704e-01
1.555360015481710434e-02
1.228354454040527344e+00
1.906574845314025879e+00
5.236684810370206833e-04
2.124812006950378418e-01
2.001059949398040771e-01
1.049964651465415955e-01
4.560642838478088379e-01
2.849391698837280273e-01
2.709911391139030457e-02
1.557392925024032593e-01
3.780291602015495300e-02
1.075643002986907959e-01
1.113835796713829041e-01
4.072891175746917725e-02
1.758109778165817261e-02
1.296315789222717285e-01
2.864131331443786621e-01
1.272063422948122025e-02
3.691318988800048828e+00
2.314203828573226929e-01
7.390786707401275635e-02
3.051151521503925323e-03
1.040467023849487305e-01
1.821565777063369751e-01
2.611798644065856934e-01
1.943212389945983887e+00
2.885477066040039062e+00
7.654502522200345993e-03
6.235981360077857971e-02
8.791395812295377254e-04
2.896949648857116699e-01
5.939530730247497559e-01
2.397399544715881348e-01
1.012709662318229675e-01
1.531143439933657646e-03
3.737493753433227539e-01
2.208697050809860229e-01
1.087550772354006767e-03
2.972902357578277588e-01
3.103553131222724915e-02
3.187696216627955437e-03
1.621545672416687012e+00
7.017732858657836914e-01
8.412736058235168457e-01
6.046618521213531494e-02
1.192665100097656250e-02
1.645405441522598267e-01
5.415070056915283203e-02
1.401275694370269775e-01
2.112477123737335205e-01
1.324450876563787460e-02
1.586159169673919678e-01
5.530176684260368347e-02
2.631484530866146088e-02
4.918445274233818054e-02
1.303203701972961426e-01
1.084104366600513458e-02
6.562220454216003418e-01
2.629277529194951057e-03
4.601040184497833252e-01
3.689166903495788574e-01
1.115504741668701172e+00
2.290844172239303589e-02
2.850638004019856453e-03
2.768415957689285278e-02
1.428784728050231934e-01
1.148481845855712891e+00
9.321146644651889801e-03
4.269144833087921143e-01
1.849544048309326172e+00
1.785573363304138184e-02
6.374082565307617188e-01
3.406198322772979736e-01
2.852774858474731445e-01
2.350281178951263428e-02
2.158110216259956360e-02
3.094194398727267981e-04
3.420721332076936960e-04
1.074251234531402588e-01
4.121293723583221436e-01
1.563781201839447021e-01
3.790465295314788818e-01
2.356753200292587280e-01
5.167105700820684433e-03
2.867755014449357986e-03
9.646350517868995667e-03
1.049206359311938286e-03
3.686937689781188965e-02
1.992303252220153809e+00
8.425693958997726440e-02
7.980205863714218140e-02
1.877571269869804382e-02
7.503961920738220215e-01
2.168805338442325592e-03
3.348504781723022461e+00
3.340681195259094238e-01
1.198807209730148315e-01
1.942691206932067871e-02
3.667135834693908691e-01
3.729646801948547363e-01
3.863162696361541748e-01
3.457063485257094726e-06
2.539474248886108398e+00
6.681854724884033203e-01
2.570728659629821777e-01
1.876663416624069214e-01
1.246628584340214729e-03
3.129524886608123779e-01
1.012310106307268143e-02
2.075698524713516235e-01
1.119227707386016846e-02
2.035337448120117188e+00
1.151121594011783600e-02
1.779216527938842773e-01
1.930161030031740665e-03
3.993038553744554520e-03
6.472453474998474121e-01
1.795941472053527832e+00
2.617202103137969971e-01
8.777033090591430664e-01
1.481813192367553711e-01
2.455803453922271729e-01
3.347866237163543701e-03
7.861588597297668457e-01
6.847284436225891113e-01
1.097629312425851822e-02
1.296189129352569580e-01
9.732064008712768555e-01
1.544592618942260742e+00
1.056496649980545044e-01
6.051290035247802734e-01
4.953849129378795624e-03
1.461634486913681030e-01
3.300976753234863281e-02
1.420099586248397827e-01
1.820470839738845825e-01
4.853702336549758911e-02
4.246686995029449463e-01
1.130802035331726074e+00
4.883553087711334229e-02
3.797726631164550781e-01
4.360905289649963379e-02
7.740424871444702148e-01
6.153009086847305298e-02
2.181859165430068970e-01
3.554078638553619385e-01
2.565969824790954590e-01
1.382953971624374390e-01
9.286276996135711670e-02
5.497697740793228149e-02
9.051267802715301514e-02
1.215434283949434757e-03
1.344847828149795532e-01
2.192980051040649414e-01
1.596043817698955536e-02
1.617756634950637817e-01
8.048913478851318359e-01
7.976177334785461426e-02
3.110694885253906250e-02
1.688485778868198395e-02
1.070243954658508301e+00
4.768313094973564148e-02
2.712122201919555664e+00
7.585294544696807861e-03
1.175014376640319824e+00
5.845357198268175125e-03
3.680879175662994385e-01
6.896104216575622559e-01
2.591705648228526115e-03
7.199652958661317825e-03
4.541406333446502686e-01
1.205668970942497253e-02
2.130001783370971680e-02
3.392814397811889648e-01
2.109390199184417725e-01
8.887614123523235321e-03
1.275232315063476562e+00
8.094493150711059570e-01
1.387267708778381348e+00
3.916209042072296143e-01
1.761897802352905273e-01
1.322728991508483887e+00
8.476262688636779785e-01
7.071135938167572021e-02
1.306131333112716675e-01
1.391201466321945190e-02
1.866811960935592651e-01
3.782874345779418945e-02
5.417630672454833984e-01
1.857244014739990234e+00
9.130542725324630737e-02
1.022853970527648926e+00
1.283318758010864258e+00
8.193925023078918457e-03
2.178014278411865234e+00
2.406785450875759125e-02
1.052819252014160156e+00
2.042702585458755493e-01
2.070822268724441528e-01
3.175151824951171875e+00
8.664341568946838379e-01
3.921131491661071777e-01
3.374547138810157776e-02
2.167046256363391876e-02
9.967715293169021606e-02
2.402118593454360962e-02
1.078988432884216309e+00
2.451393054798245430e-03
6.703410744667053223e-01
9.124848842620849609e-01
3.965638205409049988e-02
7.778306305408477783e-02
8.231225609779357910e-02
1.060852766036987305e+00
3.350037634372711182e-01
7.176412343978881836e-01
3.072891235351562500e-01
5.627859383821487427e-03
7.057006657123565674e-02
8.698762655258178711e-01
8.378067612648010254e-01
7.113689184188842773e-02
6.187568418681621552e-03
2.529679834842681885e-01
2.045529127120971680e+00
7.393261417746543884e-03
1.174391031265258789e+00
3.663809537887573242e+00
5.009009242057800293e-01
1.557867377996444702e-01
1.060311049222946167e-01
1.725218147039413452e-01
1.431991904973983765e-01
9.980867058038711548e-02
2.823261618614196777e-01
5.298486351966857910e-01
7.822031974792480469e-01
9.641766082495450974e-04
9.480095505714416504e-01
4.153412282466888428e-01
3.631106391549110413e-02
7.889711260795593262e-01
5.729365348815917969e-01
1.125649288296699524e-01
1.174947693943977356e-01
6.086565256118774414e-01
4.247106239199638367e-02
4.451299905776977539e-01
9.449592232704162598e-01
1.516664147377014160e+00
1.060917787253856659e-02
3.381641507148742676e-01
8.086272282525897026e-04
3.933380544185638428e-02
2.055793553590774536e-01
7.286215573549270630e-02
3.209538221359252930e+00
3.173596411943435669e-02
1.164391994476318359e+00
4.407810047268867493e-03
1.159578561782836914e+00
5.753181576728820801e-01
8.898011408746242523e-03
2.230358719825744629e-01
1.035856962203979492e+00
2.256424874067306519e-01
1.256666183471679688e+00
2.736127674579620361e-01
2.783870995044708252e-01
1.003140397369861603e-02
1.929670423269271851e-01
2.529742717742919922e+00
6.860973238945007324e-01
3.532124916091561317e-03
1.935902953147888184e+00
2.361257211305201054e-04
9.798406623303890228e-03
1.865297555923461914e-01
1.915564775466918945e+00
2.513757720589637756e-02
6.606311798095703125e-01
3.843324780464172363e-01
1.635853797197341919e-01
1.889288687380030751e-04
5.059940814971923828e-01
9.736791253089904785e-02
2.831024117767810822e-03
9.190744757652282715e-01
1.380324945785105228e-03
2.726779691874980927e-02
3.855104744434356689e-02
9.065586328506469727e-02
2.582591474056243896e-01
1.058442071080207825e-01
8.698194287717342377e-03
6.357306838035583496e-01
7.650813460350036621e-01
5.934531986713409424e-02
3.560338020324707031e-01
2.179037407040596008e-02
1.896174550056457520e-01
1.370943039655685425e-01
4.712546709924936295e-03
7.794032245874404907e-02
3.131488105282187462e-03
5.920658111572265625e-01
5.010337829589843750e-01
1.244029924273490906e-01
6.235549226403236389e-03
2.761150598526000977e+00
2.596118450164794922e-01
2.306659938767552376e-03
6.397108081728219986e-04
5.803256034851074219e-01
1.024239584803581238e-01
1.096266731619834900e-01
4.736438021063804626e-02
2.304267883300781250e+00
2.520949840545654297e-01
7.493563294410705566e-01
2.288462826982140541e-03
2.103185176849365234e+00
8.286577463150024414e-02
9.420435428619384766e-01
4.165828227996826172e-02
4.155964124947786331e-04
1.713868677616119385e-01
1.225605010986328125e+00
5.896148830652236938e-02
2.068774700164794922e+00
4.288029968738555908e-01
1.389420479536056519e-01
2.988398773595690727e-03
7.284187078475952148e-01
1.613149535842239857e-03
9.750416874885559082e-02
1.769166253507137299e-02
7.577543854713439941e-01
2.110373497009277344e+00
5.893621444702148438e-01
1.426702290773391724e-01
9.535990953445434570e-01
1.154150143265724182e-01
1.213356018066406250e+00
4.026815891265869141e-01
1.235854923725128174e-01
1.610055100172758102e-03
7.823680043220520020e-01
6.204940378665924072e-02
2.612955093383789062e+00
1.062186551280319691e-03
4.353829473257064819e-02
5.466163158416748047e-01
3.455975651741027832e-01
1.315945014357566833e-02
4.573462605476379395e-01
8.579892106354236603e-03
1.310038685798645020e+00
3.627093434333801270e-01
1.313803791999816895e-01
1.152418702840805054e-01
1.679517881711944938e-04
2.131322920322418213e-01
3.323857113718986511e-02
4.384525865316390991e-02
2.790530622005462646e-01
6.494908779859542847e-02
6.500167250633239746e-01
1.630225479602813721e-01
1.278417417779564857e-03
1.627265661954879761e-01
1.056410819292068481e-01
2.670882701873779297e+00
6.397134810686111450e-02
1.132308244705200195e+00
1.363301416859030724e-03
7.582287192344665527e-01
1.194078661501407623e-02
1.360702872276306152e+00
3.629024326801300049e-01
2.447762936353683472e-01
1.774713546037673950e-01
5.037652254104614258e-01
1.766624860465526581e-02
1.309650484472513199e-02
6.525927037000656128e-02
5.228187441825866699e-01
9.062374830245971680e-01
3.083676099777221680e-01
9.647767059504985809e-03
1.480010390281677246e+00
4.603830575942993164e-01
5.222980976104736328e-01
1.170422881841659546e-01
5.630706548690795898e-01
1.795828819274902344e+00
1.700971915852278471e-04
2.801985144615173340e-01
4.212104380130767822e-01
6.434141099452972412e-02
1.933559179306030273e+00
1.606449671089649200e-02
3.063068985939025879e-01
2.100005149841308594e-01
1.364563405513763428e-01
1.127973318099975586e+00
6.970310956239700317e-02
3.086174130439758301e-01
1.928211450576782227e+00
8.455517888069152832e-01
1.080400347709655762e-01
1.765968836843967438e-02
4.055069386959075928e-02
5.843410491943359375e-01
2.876970469951629639e-01
1.441025882959365845e-01
6.235110163688659668e-01
6.783314980566501617e-03
3.844104334712028503e-02
7.158823609352111816e-01
2.625411152839660645e-01
6.341889500617980957e-01
1.409208774566650391e+00
1.678483724594116211e+00
6.322936415672302246e-01
1.814455240964889526e-01
1.335398435592651367e+00
4.796190652996301651e-03
9.844208136200904846e-03
1.535618156194686890e-01
3.456471895333379507e-04
5.141619592905044556e-02
4.880577027797698975e-01
3.945667505264282227e+00
3.771370649337768555e-01
6.831234097480773926e-01
4.356563091278076172e-01
3.518639802932739258e-01
2.819272130727767944e-02
2.587781986221671104e-03
1.511459558969363570e-04
1.589467406272888184e+00
5.501861125230789185e-02
1.670702919363975525e-02
1.411277294158935547e+00
5.052623748779296875e-01
2.321567982435226440e-01
1.191360205411911011e-01
2.922492921352386475e-01
1.149930000305175781e+00
6.593625247478485107e-02
1.677607744932174683e-02
1.228774804621934891e-02
4.781716503202915192e-03
1.064749881625175476e-01
2.287915349006652832e-01
7.913054525852203369e-02
6.148708052933216095e-03
5.522664263844490051e-02
1.918112486600875854e-02
2.196370601654052734e+00
5.827676653861999512e-01
4.444556310772895813e-02
3.124363422393798828e-01
4.415405914187431335e-03
1.999799907207489014e-02
7.185760140419006348e-01
1.064291130751371384e-02
8.118947744369506836e-01
3.187304437160491943e-01
1.304167509078979492e-02
5.130637884140014648e-01
6.604744195938110352e-01
3.419744083657860756e-03
5.625432729721069336e-02
6.623175144195556641e-01
9.434023499488830566e-02
1.158652305603027344e+00
2.018085569143295288e-01
1.893188431859016418e-02
1.473837159574031830e-02
2.818484008312225342e-01
7.391506433486938477e-02
6.944081187248229980e-01
2.366188466548919678e-01
3.183061955496668816e-03
5.230433307588100433e-03
5.798882246017456055e-01
4.713208675384521484e-01
9.807798266410827637e-02
1.921784505248069763e-02
2.212279650848358870e-04
2.305472046136856079e-01
9.287200123071670532e-02
2.155452519655227661e-01
1.380919069051742554e-01
6.584283709526062012e-02
2.531948387622833252e-01
3.265023529529571533e-01
1.211934722959995270e-02
1.301128417253494263e-01
2.577912807464599609e-01
9.926267862319946289e-01
1.882132768630981445e+00
4.915467500686645508e-01
6.761999130249023438e-01
8.672768622636795044e-02
4.634589254856109619e-01
2.382774464786052704e-02
5.029794201254844666e-02
9.665159881114959717e-02
4.356923103332519531e-01
4.289543628692626953e-01
2.224026992917060852e-02
2.438311930745840073e-03
1.402463793754577637e+00
2.157035171985626221e-01
2.462927950546145439e-03
5.719702243804931641e-01
7.618495821952819824e-01
8.221023082733154297e-01
1.080939769744873047e+00
2.222325563430786133e+00
5.028842017054557800e-02
2.041319385170936584e-02
1.665676236152648926e-01
3.872571587562561035e-01
3.823208510875701904e-01
7.433480769395828247e-02
4.489735141396522522e-02
9.801711887121200562e-03
3.384590744972229004e-01
1.179468408226966858e-01
7.982934713363647461e-01
1.696101040579378605e-03
1.374927043914794922e+00
3.253052532672882080e-01
1.891977339982986450e-01
2.876828014850616455e-01
1.392471138387918472e-02
1.605349332094192505e-01
2.118295878171920776e-01
1.106051445007324219e+00
9.378749877214431763e-02
7.417052388191223145e-01
3.025758266448974609e-02
1.323563337326049805e+00
1.709775924682617188e+00
4.279308766126632690e-02
2.202700614929199219e+00
3.725178837776184082e-01
3.968845009803771973e-01
5.467262268066406250e-01
3.378442674875259399e-02
2.315032333135604858e-01
1.814572513103485107e-01
4.375883378088474274e-03
1.408056467771530151e-01
7.059254646301269531e-01
1.799833178520202637e+00
3.517463058233261108e-02
4.578169584274291992e-01
5.512714385986328125e-02
4.871876537799835205e-01
2.428615391254425049e-01
1.554639816284179688e+00
7.192593812942504883e-01
1.942175775766372681e-01
2.390001714229583740e-01
2.925782799720764160e-01
1.667361706495285034e-02
2.660205662250518799e-01
4.298075437545776367e-01
1.000850833952426910e-02
4.559705257415771484e-01
2.962937206029891968e-02
1.270650979131460190e-02
1.074655950069427490e-01
2.953705191612243652e-01
5.241651535034179688e-01
7.281450182199478149e-02
9.306166321039199829e-02
5.258229002356529236e-02
3.036166131496429443e-01
1.899634599685668945e+00
3.881163597106933594e-01
2.866004109382629395e-01
1.821704626083374023e+00
1.443021744489669800e-01
5.628365874290466309e-01
2.674698771443217993e-04
2.694606967270374298e-02
2.423090161755681038e-03
1.877195090055465698e-01
5.519151687622070312e-03
2.476145178079605103e-01
1.383796572685241699e+00
3.768687844276428223e-01
8.190732449293136597e-03
2.252893000841140747e-01
6.764038205146789551e-01
3.836658969521522522e-02
2.301770001649856567e-01
2.228641808032989502e-01
4.684788584709167480e-01
6.670980900526046753e-02
7.520673274993896484e-01
3.177687525749206543e-01
1.080677866935729980e+00
2.568449378013610840e-01
6.528596859425306320e-03
1.530709397047758102e-02
1.425759911537170410e+00
2.215179353952407837e-01
4.603264853358268738e-03
7.673229575157165527e-01
2.238151384517550468e-03
4.958114624023437500e-01
4.936561584472656250e-01
6.459925323724746704e-02
4.389537572860717773e-01
1.660514809191226959e-02
2.053792923688888550e-01
3.174104541540145874e-02
1.055088266730308533e-01
8.582700684200972319e-05
1.480800390243530273e+00
1.487613797187805176e+00
9.587621688842773438e-01
2.019313126802444458e-01
2.068714201450347900e-01
2.012434720993041992e+00
1.884315460920333862e-01
9.871710538864135742e-01
3.677188158035278320e-01
3.601019969210028648e-03
4.240513592958450317e-02
5.046576857566833496e-01
8.882045745849609375e-02
1.489922165870666504e+00
8.307709544897079468e-02
1.236124560236930847e-01
1.981834292411804199e+00
1.543624401092529297e-01
6.940844655036926270e-01
4.021828174591064453e-01
6.442591547966003418e-02
1.776684820652008057e-01
1.066786944866180420e-01
1.035154331475496292e-03
1.352856159210205078e-01
4.549668356776237488e-02
4.541522860527038574e-01
6.308804154396057129e-01
8.054391741752624512e-01
1.219919417053461075e-02
1.155505657196044922e+00
3.121975064277648926e-01
2.492299769073724747e-03
2.072895526885986328e+00
4.757651314139366150e-02
4.186477139592170715e-02
2.804869115352630615e-01
2.297939360141754150e-02
5.350391864776611328e-01
1.350444275885820389e-03
7.115617860108613968e-03
1.416328996419906616e-01
6.022947430610656738e-01
4.668337933253496885e-04
4.748170613311231136e-04
1.579560190439224243e-01
4.132960364222526550e-02
1.580727934837341309e+00
2.628779038786888123e-02
1.499209046363830566e+00
1.195690482854843140e-01
3.670828044414520264e-02
1.183429453521966934e-02
1.880953907966613770e-01
7.889580726623535156e-02
8.362437784671783447e-02
7.531640678644180298e-02
1.008639693260192871e+00
2.066818922758102417e-01
1.397646427154541016e+00
4.978746473789215088e-01
2.463002651929855347e-01
2.365311533212661743e-01
8.233487606048583984e-01
1.388730555772781372e-01
2.328788936138153076e-01
8.223485201597213745e-02
1.716014742851257324e-01
1.758513927459716797e+00
3.029054403305053711e-02
2.568208873271942139e-01
3.497447073459625244e-02
1.267050057649612427e-01
1.936906874179840088e-01
6.429200619459152222e-02
4.254320263862609863e-01
4.545827507972717285e-01
1.144363164901733398e+00
4.692832231521606445e-01
5.116794109344482422e-01
9.114307910203933716e-02
8.258681297302246094e-01
2.088178157806396484e+00
9.710446596145629883e-01
9.943261742591857910e-02
6.403862237930297852e-01
6.174136400222778320e-01
1.436133503913879395e+00
1.238486886024475098e+00
6.735405325889587402e-02
1.956892609596252441e+00
1.268720626831054688e-02
1.009088382124900818e-02
5.207750797271728516e-01
2.784013748168945312e-01
1.534105831524357200e-04
1.193760614842176437e-02
2.457755990326404572e-02
2.555515468120574951e-01
4.243270158767700195e-01
5.486493706703186035e-01
1.567704677581787109e-01
2.842471897602081299e-01
4.339725077152252197e-01
5.432752892374992371e-02
4.499767422676086426e-01
3.172753378748893738e-02
4.888250026851892471e-03
1.447697728872299194e-02
8.834458589553833008e-01
2.902820473536849022e-03
3.534494876861572266e+00
2.798809204250574112e-03
9.619076736271381378e-03
4.044583141803741455e-01
8.751362562179565430e-01
1.056515946984291077e-01
6.915315389633178711e-01
1.742086172103881836e+00
9.101339578628540039e-01
1.347838997840881348e+00
5.268882587552070618e-02
1.736324746161699295e-03
8.397442102432250977e-01
5.602362751960754395e-02
4.357911646366119385e-01
3.259634673595428467e-01
6.776802707463502884e-03
4.579211473464965820e-01
1.070235576480627060e-02
3.171223700046539307e-01
5.709171295166015625e-01
2.591895580291748047e+00
4.737545251846313477e-01
1.226170584559440613e-01
5.720221519470214844e+00
1.490903049707412720e-01
2.283907979726791382e-01
3.547567175701260567e-03
6.775951385498046875e-01
2.930800318717956543e-01
4.736341834068298340e-01
2.455545961856842041e-02
6.006145849823951721e-02
3.016112446784973145e-01
3.709331452846527100e-01
4.693571925163269043e-01
6.661267578601837158e-02
2.506491728127002716e-02
8.242435008287429810e-02
1.312598228454589844e+00
7.454909849911928177e-03
5.950977280735969543e-02
7.811864614486694336e-01
4.840641021728515625e-01
1.635405584238469601e-03
2.830675616860389709e-02
1.364778280258178711e+00
4.926028251647949219e+00
2.976517081260681152e-01
8.696621656417846680e-01
2.901944220066070557e-01
1.400998979806900024e-01
6.423185113817453384e-03
6.481814198195934296e-03
9.577454766258597374e-04
4.558653235435485840e-01
1.943372964859008789e+00
5.957760810852050781e-01
4.468891024589538574e-01
3.612492978572845459e-02
5.930588766932487488e-02
3.322915639728307724e-03
2.126115746796131134e-02
2.341494858264923096e-01
2.071297727525234222e-02
5.043877754360437393e-03
1.089427173137664795e-01
1.117574051022529602e-01
4.842221271246671677e-03
7.187736779451370239e-02
9.011816291604191065e-05
7.063893079757690430e-01
5.050915479660034180e-01
1.161820217967033386e-01
3.859566524624824524e-02
4.443394839763641357e-01
5.428736805915832520e-01
1.563628315925598145e-01
2.184928357601165771e-01
7.355838268995285034e-02
2.710367202758789062e+00
6.809054315090179443e-02
7.844071835279464722e-02
1.182651985436677933e-02
3.065940737724304199e-02
8.954206705093383789e-01
4.729751944541931152e-01
3.632980212569236755e-02
2.191286766901612282e-03
2.960740327835083008e-01
4.818421602249145508e-01
6.877504587173461914e-01
3.932363353669643402e-03
4.926405251026153564e-01
1.629897020757198334e-02
6.192899346351623535e-01
2.828477323055267334e-01
2.468561194837093353e-02
6.221926212310791016e-01
1.044050231575965881e-01
2.793887555599212646e-01
1.120816394686698914e-01
1.350363716483116150e-02
1.450616359710693359e+00
1.476128250360488892e-01
1.328555107116699219e+00
2.315814346075057983e-01
5.848199129104614258e-01
1.132795095443725586e+00
1.597196310758590698e-01
1.061222076416015625e+00
8.152304217219352722e-03
1.585413888096809387e-02
1.342467963695526123e-03
7.622330188751220703e-01
1.940343827009201050e-01
1.004370093345642090e+00
5.898907780647277832e-01
8.851103484630584717e-03
8.376657217741012573e-02
2.923024296760559082e-01
5.509054660797119141e-01
4.611978679895401001e-02
8.817789703607559204e-02
6.939261555671691895e-01
6.088623031973838806e-02
4.152620583772659302e-02
1.554269552230834961e+00
4.258498847484588623e-01
6.469304561614990234e-01
1.467740058898925781e+00
1.311450637876987457e-02
1.016968727111816406e+00
1.585466414690017700e-01
8.996074087917804718e-03
2.866673655807971954e-02
2.545965462923049927e-02
6.040441393852233887e-01
3.805021047592163086e-01
2.568757627159357071e-03
2.710498571395874023e-01
3.036991402041167021e-04
3.237635642290115356e-02
9.026023000478744507e-02
5.727791190147399902e-01
9.753760099411010742e-01
6.605368256568908691e-01
4.108560271561145782e-03
7.864527702331542969e-01
3.977014869451522827e-02
3.564294092939235270e-05
4.738734662532806396e-02
1.358255982398986816e+00
9.182635545730590820e-01
7.978510856628417969e-02
2.608421817421913147e-02
1.439340263605117798e-01
1.193326115608215332e-01
3.943525254726409912e-03
7.711980342864990234e-01
5.109195411205291748e-02
2.721828222274780273e-01
1.666800022125244141e+00
1.131896138191223145e+00
7.458033561706542969e-01
2.350189024582505226e-03
1.555771827697753906e+00
7.626028060913085938e-01
2.434490248560905457e-02
1.265002250671386719e+00
2.219182014465332031e+00
1.153102874755859375e+00
8.494703471660614014e-02
3.814545869827270508e-01
3.947681281715631485e-03
1.957187615334987640e-02
1.340853720903396606e-01
2.306641042232513428e-01
4.698094725608825684e-01
2.544976538047194481e-03
4.513347893953323364e-02
3.514069914817810059e-01
1.713219165802001953e+00
6.304353475570678711e-01
2.268513679504394531e+00
8.736834675073623657e-02
1.592331528663635254e+00
9.202533692587167025e-05
6.616267561912536621e-02
3.315208435058593750e+00
1.865554749965667725e-01
1.725741922855377197e-01
1.571309193968772888e-02
1.387283325195312500e+00
2.550928592681884766e-01
3.753522876650094986e-03
6.424822807312011719e-01
7.470410317182540894e-03
4.423731267452239990e-01
2.476959954947233200e-03
5.341352820396423340e-01
7.414315938949584961e-01
6.856116652488708496e-01
1.026670727878808975e-02
7.114522159099578857e-02
7.562857866287231445e-02
1.674785017967224121e-01
2.647825283929705620e-03
2.322435677051544189e-01
1.370684266090393066e+00
2.906711772084236145e-02
1.249532699584960938e-01
1.022943928837776184e-01
3.189360024407505989e-03
5.040200892835855484e-03
6.158255040645599365e-02
2.257029056549072266e+00
5.215237736701965332e-01
4.066769964993000031e-03
2.355051338672637939e-01
3.555285558104515076e-02
3.277646377682685852e-03
9.476689592702314258e-05
6.161789298057556152e-01
3.629429042339324951e-01
3.848980665206909180e-01
1.028275396674871445e-02
6.965876091271638870e-03
3.366974741220474243e-02
2.359493732452392578e+00
2.134039402008056641e+00
3.140654787421226501e-02
5.429670214653015137e-02
1.218216776847839355e+00
2.349004894495010376e-01
1.589473523199558258e-02
1.710578054189682007e-02
2.922681331634521484e+00
1.161428540945053101e-01
1.270382851362228394e-01
2.476840978488326073e-03
3.083777800202369690e-02
1.274882197380065918e+00
4.224927350878715515e-02
5.603117868304252625e-02
1.791720837354660034e-02
4.377874135971069336e-01
5.993983149528503418e-01
1.392019987106323242e-01
3.859351277351379395e-01
4.091880619525909424e-01
8.601455092430114746e-01
9.942099452018737793e-01
6.074129790067672729e-02
2.046353369951248169e-02
1.153030619025230408e-01
2.422971185296773911e-03
6.955088675022125244e-02
2.180993556976318359e-01
8.391639590263366699e-01
7.883355766534805298e-02
1.357717663049697876e-01
3.601613920181989670e-03
6.220086216926574707e-01
6.435783952474594116e-02
5.099781975150108337e-02
6.868192553520202637e-02
1.279599666595458984e-01
4.098582267761230469e-02
2.239789962768554688e-01
2.389860601397231221e-04
5.231655836105346680e-01
7.542590498924255371e-01
2.982818782329559326e-01
2.005598843097686768e-01
6.021259427070617676e-01
6.137131452560424805e-01
1.811745464801788330e-01
3.008128143846988678e-03
1.492691934108734131e-01
3.740557432174682617e-01
5.454721394926309586e-04
2.244788967072963715e-02
2.214238643646240234e+00
6.740215420722961426e-01
2.299274444580078125e+00
2.927379608154296875e+00
4.527535736560821533e-01
1.448828727006912231e-01
8.611546363681554794e-04
2.269487304147332907e-04
3.323015868663787842e-01
2.715883255004882812e-01
7.367701735347509384e-03
1.061949208378791809e-01
5.822811126708984375e-01
6.727245450019836426e-01
7.211357951164245605e-01
5.290173292160034180e-01
1.460421737283468246e-02
6.107622385025024414e-02
4.912856817245483398e-01
1.492606382817029953e-02
1.954291015863418579e-01
3.009793162345886230e-01
3.087842166423797607e-01
9.471213072538375854e-02
7.601280510425567627e-02
8.102513104677200317e-02
6.022642254829406738e-01
1.624784469604492188e-01
8.956078886985778809e-01
2.888529539108276367e+00
2.796259068418294191e-04
2.711890339851379395e-01
1.350845955312252045e-02
3.171868622303009033e-01
8.221015334129333496e-01
5.365110561251640320e-02
1.271068453788757324e-01
1.373151391744613647e-01
2.147370576858520508e-01
8.725285530090332031e-01
3.355861902236938477e-01
1.968709519132971764e-03
4.809525310993194580e-01
6.895643472671508789e-01
2.844076752662658691e-01
1.731207594275474548e-03
2.843473851680755615e-01
3.289999961853027344e-01
1.264730526600033045e-04
3.161836564540863037e-01
1.220593750476837158e-01
5.021111369132995605e-01
1.411827564239501953e+00
2.832399904727935791e-01
2.940957807004451752e-02
1.200910471379756927e-02
6.663628220558166504e-01
2.152061760425567627e-01
1.561181433498859406e-02
1.446809411048889160e+00
1.254606619477272034e-02
1.459528878331184387e-02
5.489680767059326172e-01
2.928627431392669678e-01
1.232144951820373535e+00
1.598671823740005493e-02
3.695163875818252563e-02
1.073419861495494843e-02
1.153837889432907104e-01
1.240037202835083008e+00
8.862366080284118652e-01
3.898165747523307800e-02
6.234364584088325500e-03
3.697679936885833740e-01
1.125286102294921875e+00
1.408253908157348633e+00
8.034420758485794067e-02
5.199244618415832520e-01
3.588535487651824951e-01
4.363343119621276855e-01
3.742641687393188477e+00
5.448332428932189941e-02
8.131088018417358398e-01
1.459451913833618164e+00
6.456633210182189941e-01
6.612306088209152222e-02
6.236733868718147278e-03
1.548131555318832397e-01
5.380881577730178833e-02
7.393721342086791992e-01
1.029579639434814453e+00
7.050870452076196671e-03
5.011926963925361633e-02
2.928248643875122070e-01
2.213740646839141846e-01
1.793065905570983887e+00
3.646934032440185547e-01
2.480632625520229340e-02
2.566936314105987549e-01
7.215877771377563477e-01
3.879459857940673828e+00
5.294223129749298096e-02
1.096844553947448730e+00
8.515999466180801392e-02
5.011236667633056641e-01
1.849195659160614014e-01
4.416393935680389404e-01
1.277830637991428375e-02
4.961593151092529297e-01
5.127695798873901367e-01
1.771555468440055847e-02
6.151809543371200562e-02
1.954738050699234009e-01
2.734733046963810921e-03
1.112030029296875000e+00
3.434640467166900635e-01
2.885640424210578203e-04
2.461966499686241150e-02
2.008198052644729614e-01
8.501765318214893341e-03
3.007899522781372070e-01
3.610197745729237795e-04
5.805617570877075195e-01
6.610954999923706055e-01
4.857050254940986633e-03
4.926566034555435181e-03
4.520435817539691925e-03
3.594516217708587646e-01
1.684895902872085571e-01
2.518103457987308502e-03
2.342233359813690186e-01
2.319361642003059387e-02
5.608892533928155899e-03
9.131219238042831421e-03
3.651354312896728516e-01
1.324176907539367676e+00
9.868405759334564209e-03
9.573080539703369141e-01
6.903311610221862793e-02
2.042428493499755859e+00
2.274809598922729492e+00
2.130740089341998100e-03
2.853115200996398926e-01
2.498376555740833282e-02
2.600106596946716309e-01
5.195623040199279785e-01
7.225738465785980225e-02
5.301249623298645020e-01
2.926830668002367020e-03
2.203999042510986328e+00
6.340000033378601074e-02
7.981169223785400391e-01
2.983202695846557617e+00
5.621765851974487305e-01
3.263721168041229248e-01
1.551617264747619629e+00
6.471312791109085083e-02
7.638773322105407715e-01
2.295242156833410263e-03
6.285989284515380859e-02
1.562801241874694824e+00
1.400864683091640472e-02
8.050040602684020996e-01
3.788557369261980057e-03
9.016905725002288818e-02
3.683456405997276306e-02
1.459951400756835938e-01
1.212190389633178711e-01
1.270290464162826538e-01
1.977269500494003296e-01
6.962798070162534714e-03
1.774459928274154663e-01
3.965011239051818848e-01
2.333757095038890839e-02
1.403087973594665527e+00
1.823317259550094604e-01
7.187580689787864685e-03
3.364546000957489014e-01
3.169680833816528320e-01
1.414852216839790344e-02
1.427289396524429321e-01
2.342701256275177002e-01
1.760967612266540527e+00
8.345122933387756348e-01
8.453656919300556183e-03
2.120244950056076050e-01
7.795983401592820883e-05
7.550135999917984009e-02
1.197086095809936523e+00
7.925204634666442871e-01
1.915105134248733521e-01
3.052827119827270508e-01
3.899158239364624023e-01
6.211124733090400696e-02
6.499543786048889160e-01
4.397603217512369156e-03
2.384409457445144653e-01
9.312171489000320435e-03
2.292929589748382568e-02
4.071914255619049072e-01
3.483740687370300293e-01
9.655486064730212092e-05
3.914685249328613281e-01
7.170537486672401428e-03
8.996020555496215820e-01
8.892617915989831090e-05
3.488675132393836975e-02
1.755779027938842773e+00
1.382649838924407959e-01
3.548187017440795898e-02
1.027604103088378906e+00
1.238149181008338928e-01
7.757471799850463867e-01
5.703585222363471985e-02
1.765582337975502014e-02
2.111713774502277374e-02
2.423090161755681038e-03
1.641839265823364258e+00
8.836092054843902588e-02
3.052910603582859039e-02
4.422726333141326904e-01
8.756702393293380737e-02
6.626181304454803467e-03
5.551494359970092773e-01
2.063660882413387299e-02
1.010187417268753052e-01
1.188445967272855341e-04
8.673030883073806763e-02
1.727179288864135742e-01
4.438284784555435181e-02
3.794293105602264404e-01
1.433604359626770020e+00
4.398726014187559485e-05
1.607579588890075684e-01
6.130318343639373779e-02
4.284733906388282776e-02
6.752647925168275833e-03
1.009668707847595215e+00
6.557035446166992188e-02
5.114847421646118164e-02
1.737018346786499023e+00
2.081786543130874634e-01
3.907308913767337799e-03
9.682279825210571289e-02
2.675537765026092529e-01
1.231069788336753845e-01
2.255837023258209229e-01
1.503300219774246216e-01
2.130383392795920372e-03
4.119725152850151062e-02
3.638383001089096069e-02
2.222348600625991821e-01
8.278402686119079590e-02
1.183464843779802322e-02
2.029564380645751953e-01
5.166986957192420959e-03
4.247503876686096191e-01
1.083514690399169922e-01
2.472056627273559570e+00
4.403180778026580811e-01
3.154320269823074341e-02
2.697449922561645508e-02
1.652088403701782227e+00
2.264929190278053284e-02
2.116425037384033203e+00
2.108893096446990967e-01
2.295282930135726929e-01
7.267827987670898438e-01
4.047687649726867676e-01
4.925299808382987976e-02
2.689309418201446533e-01
1.318871736526489258e+00
1.107326865196228027e+00
1.230030417442321777e+00
7.243989109992980957e-01
6.664974093437194824e-01
2.802176214754581451e-02
2.003538981080055237e-02
9.100978262722492218e-03
1.295824721455574036e-02
2.382448501884937286e-02
4.999238848686218262e-01
7.480112835764884949e-03
2.013787329196929932e-01
1.762147992849349976e-03
4.901892039924860001e-03
6.462826132774353027e-01
1.077746868133544922e+00
2.498198032379150391e+00
5.955069661140441895e-01
1.968158036470413208e-01
1.861864468082785606e-03
4.940799996256828308e-02
2.879204452037811279e-01
1.058768033981323242e+00
3.819106817245483398e-01
1.930072546005249023e+00
6.325936410576105118e-03
7.069281488656997681e-02
1.847709655761718750e+00
1.185388043522834778e-01
2.795821130275726318e-01
8.589825779199600220e-02
6.840241700410842896e-02
5.546666309237480164e-02
4.987592250108718872e-02
9.278889000415802002e-02
1.050297394394874573e-01
2.829597797244787216e-03
3.210972249507904053e-02
4.563863277435302734e-01
2.090305276215076447e-02
2.796088755130767822e-01
8.015761524438858032e-02
2.092343419790267944e-01
1.838338226079940796e-01
1.746533364057540894e-01
1.251393705606460571e-01
1.288263052701950073e-01
3.443706631660461426e-01
2.146015465259552002e-01
8.337709307670593262e-02
2.006401680409908295e-02
3.356994390487670898e-01
1.194313243031501770e-01
4.302317798137664795e-01
6.405299529433250427e-03
2.093854174017906189e-02
4.818160831928253174e-01
1.892562839202582836e-03
8.607316613197326660e-01
1.944344043731689453e-01
7.149701118469238281e-01
9.924707561731338501e-02
1.667279563844203949e-02
3.795659542083740234e-01
1.118792057037353516e+00
7.408651113510131836e-01
2.756228484213352203e-02
4.590404406189918518e-02
7.921915054321289062e-01
3.248403221368789673e-02
1.942828595638275146e-01
1.080673456192016602e+00
3.241049591451883316e-03
1.343303322792053223e-01
2.418628782033920288e-01
1.001452207565307617e-01
1.984640002250671387e+00
1.748451292514801025e-01
3.115175068378448486e-01
1.594135761260986328e+00
1.533818542957305908e-01
5.991478562355041504e-01
2.356914281845092773e-01
4.172345995903015137e-02
4.810310900211334229e-01
7.096134871244430542e-02
6.517700850963592529e-03
1.338420319370925426e-03
1.402980554848909378e-02
1.931112841702997684e-03
1.982356190681457520e+00
2.002650260925292969e+00
1.180195212364196777e-01
3.433113172650337219e-02
6.987009197473526001e-02
1.013969421386718750e+00
1.803034394979476929e-01
4.987536929547786713e-03
1.348723620176315308e-01
5.477839112281799316e-01
5.148960277438163757e-03
6.980038434267044067e-02
1.498337369412183762e-02
3.017865121364593506e-01
9.508204646408557892e-03
3.956809341907501221e-01
2.716176398098468781e-02
4.027260467410087585e-02
4.141696691513061523e-01
1.044237092137336731e-01
1.549572348594665527e-01
7.128756027668714523e-03
7.341882586479187012e-02
7.389436941593885422e-04
8.861312270164489746e-01
6.420927494764328003e-02
8.401507884263992310e-02
1.622479677200317383e+00
4.700451493263244629e-01
2.584960162639617920e-01
3.097566589713096619e-02
1.432989001274108887e+00
8.752003312110900879e-01
2.093096118187531829e-04
4.459187686443328857e-01
1.056655883789062500e+00
9.412586688995361328e-01
2.287495851516723633e+00
3.789791166782379150e-01
1.854313910007476807e-01
1.585437357425689697e-02
1.033254861831665039e-01
4.851021990180015564e-02
3.195091485977172852e-01
6.288696313276886940e-04
3.630496263504028320e-01
2.301868915557861328e+00
3.371611833572387695e-01
2.989724837243556976e-02
1.096902251243591309e+00
1.297253370285034180e+00
9.654852151870727539e-01
5.481437221169471741e-02
1.405578292906284332e-02
2.340557985007762909e-02
6.682666949927806854e-03
5.511943697929382324e-01
4.635949805378913879e-02
2.907931571826338768e-03
2.840945720672607422e+00
5.638717487454414368e-02
3.342420607805252075e-02
3.416836261749267578e-02
3.689537048339843750e-01
3.133430242538452148e+00
1.422465895302593708e-03
2.152075171470642090e-01
4.261675477027893066e-01
6.023421138525009155e-02
2.279639482498168945e+00
3.889971878379583359e-03
8.859848976135253906e-01
1.259939372539520264e-02
1.787845045328140259e-02
1.916463486850261688e-02
7.959665358066558838e-02
5.263044033199548721e-03
9.665712714195251465e-03
7.291491609066724777e-03
2.543722093105316162e-01
9.812077879905700684e-02
1.256290078163146973e-02
6.405840516090393066e-01
5.812534317374229431e-02
5.277692154049873352e-02
3.206179738044738770e-01
4.641196131706237793e-02
1.079046726226806641e-01
8.645722642540931702e-03
7.661245763301849365e-03
6.728492677211761475e-03
1.315479278564453125e-01
1.264473497867584229e-01
6.403049454092979431e-03
4.630794283002614975e-03
2.770991995930671692e-03
8.749250173568725586e-01
8.444795385003089905e-04
1.002987008541822433e-02
9.037338495254516602e-01
7.287579029798507690e-02
5.348420701920986176e-03
6.713996990583837032e-04
6.265915632247924805e-01
2.477738261222839355e-01
2.403363958001136780e-02
7.174678146839141846e-02
6.031929254531860352e-01
8.665459230542182922e-03
1.333680391311645508e+00
7.244529724121093750e-01
5.028592795133590698e-02
2.560818672180175781e+00
2.545902967453002930e+00
1.863926351070404053e-01
6.035171747207641602e-01
5.522765964269638062e-02
2.513955533504486084e-01
3.963176310062408447e-01
2.343812465667724609e+00
1.239768971572630107e-05
1.322746723890304565e-01
1.054536849260330200e-01
8.727057278156280518e-02
2.405693382024765015e-01
9.707218408584594727e-02
1.753398329019546509e-01
5.067955236881971359e-03
5.168690532445907593e-02
3.510271608829498291e-01
8.118166029453277588e-02
1.394479632377624512e+00
2.836750507354736328e+00
2.840511500835418701e-01
1.442569792270660400e-01
4.601230025291442871e-01
2.018759846687316895e-01
2.004476040601730347e-01
1.669038087129592896e-02
1.015909686684608459e-01
3.110590577125549316e-01
2.849993228912353516e+00
8.691917359828948975e-02
2.316005378961563110e-01
3.111332952976226807e-01
1.124109923839569092e-01
4.889524355530738831e-02
2.155958442017436028e-03
1.773265376687049866e-02
6.706860661506652832e-02
1.691158115863800049e-02
2.859742343425750732e-01
7.211464643478393555e-02
6.675181984901428223e-01
2.428129166364669800e-01
8.396126031875610352e-01
2.853189706802368164e-01
3.768008574843406677e-02
5.256283655762672424e-02
5.784653425216674805e-01
1.000654816627502441e+00
6.330601125955581665e-02
5.825168490409851074e-01
1.020379066467285156e-01
1.455022692680358887e+00
9.138897061347961426e-03
4.355575889348983765e-02
6.957190483808517456e-02
1.627888679504394531e-01
4.309341609477996826e-01
2.240728616714477539e+00
6.590311229228973389e-02
6.543972492218017578e-01
2.891100645065307617e-01
5.146406292915344238e-01
2.111812114715576172e+00
8.918452076613903046e-03
1.446135640144348145e-01
1.206726208329200745e-01
1.974606364965438843e-01
1.756212115287780762e-02
1.185936450958251953e+00
3.994286060333251953e-01
5.277511198073625565e-03
1.704665720462799072e-01
2.728554010391235352e+00
2.780502196401357651e-03
3.301945328712463379e-02
3.180985450744628906e-01
7.499279379844665527e-01
2.994089154526591301e-04
9.929350018501281738e-01
7.099954783916473389e-02
7.076260447502136230e-01
1.894931308925151825e-02
8.165372610092163086e-01
6.325990706682205200e-02
1.425521135330200195e+00
6.214833119884133339e-04
9.228213429450988770e-01
5.024036169052124023e-01
5.634654164314270020e-01
1.574620008468627930e-01
8.148333430290222168e-02
6.130228564143180847e-02
7.698617577552795410e-01
2.935216203331947327e-02
9.810230135917663574e-02
1.554016709327697754e+00
6.887656450271606445e-02
2.497205287218093872e-01
1.068397760391235352e+00
4.616080317646265030e-03
2.652937546372413635e-03
1.585690975189208984e+00
2.292181968688964844e+00
5.480663776397705078e-01
4.966915771365165710e-02
1.414104253053665161e-01
7.386601716279983521e-02
8.634979724884033203e-01
3.406916558742523193e-02
8.181808143854141235e-02
2.782986760139465332e-01
5.064039707183837891e+00
6.973790377378463745e-02
2.232931137084960938e+00
1.229329109191894531e+00
1.421098470687866211e+00
7.622915785759687424e-03
6.505264900624752045e-03
1.196481660008430481e-02
3.025470972061157227e-01
8.813347220420837402e-01
9.511294215917587280e-02
3.289910852909088135e-01
8.679436868987977505e-04
1.006087511777877808e-01
6.052330136299133301e-02
6.442610621452331543e-01
5.090107151772826910e-05
1.358654908835887909e-02
2.384236603975296021e-01
1.572444438934326172e-01
1.738873422145843506e-01
1.402223855257034302e-01
4.192848224192857742e-03
5.356839392334222794e-03
7.079288363456726074e-02
1.265922473976388574e-04
4.922605156898498535e-01
7.094977498054504395e-01
9.649656713008880615e-03
2.778718946501612663e-03
1.453795563429594040e-02
4.187507927417755127e-01
9.232552051544189453e-01
2.140954494476318359e+00
4.964919015765190125e-02
7.316401600837707520e-02
3.850631043314933777e-02
1.163516044616699219e-01
6.877607852220535278e-02
1.087762564420700073e-01
7.864900678396224976e-02
3.119797408580780029e-01
6.724699735641479492e-01
1.931401014328002930e+00
3.339099287986755371e-01
1.570546440780162811e-02
1.479828238487243652e+00
9.546462446451187134e-03
1.626929827034473419e-02
3.766907155513763428e-01
8.526803255081176758e-01
5.459636304294690490e-05
6.130466461181640625e-01
2.722408294677734375e+00
1.998257450759410858e-02
9.213948249816894531e-01
2.057133056223392487e-02
4.679667353630065918e-01
2.989349421113729477e-03
1.954171620309352875e-02
7.489353418350219727e-02
1.051036790013313293e-01
1.223955824971199036e-01
1.549162715673446655e-02
6.516891717910766602e-02
6.605272293090820312e-01
1.517401933670043945e-01
3.437409549951553345e-02
4.602120071649551392e-02
8.497467041015625000e-01
7.218696177005767822e-02
2.527021570131182671e-03
1.539214402437210083e-01
7.653674576431512833e-03
1.725165992975234985e-01
5.524533987045288086e-01
2.170245051383972168e-01
3.288046270608901978e-02
1.289229393005371094e-01
3.591165542602539062e-01
1.910495460033416748e-01
2.002973556518554688e-01
8.010543388081714511e-05
1.270692348480224609e+00
1.171187758445739746e+00
3.511363267898559570e-02
2.037725448608398438e-01
2.086087942123413086e+00
3.606360852718353271e-01
2.442881822586059570e+00
1.548046916723251343e-01
8.228436857461929321e-02
1.459224075078964233e-01
8.418075740337371826e-03
1.893305182456970215e+00
3.286622762680053711e-01
5.678496956825256348e-01
4.076965525746345520e-02
2.580717504024505615e-01
3.132273852825164795e-01
3.567690849304199219e-01
3.634389936923980713e-01
9.697936475276947021e-02
3.159448504447937012e-02
7.196103930473327637e-01
4.720771312713623047e-01
8.011586964130401611e-03
3.263842314481735229e-02
1.425707578659057617e+00
2.276477813720703125e+00
9.984495639801025391e-01
1.951498270034790039e+00
4.846161603927612305e-02
4.568085446953773499e-02
3.754105865955352783e-01
4.487307071685791016e-01
3.674873709678649902e-01
1.617309451103210449e-01
6.077281236648559570e-01
1.279956400394439697e-01
3.745028376579284668e-01
4.820285439491271973e-01
2.128955908119678497e-03
9.689207188785076141e-03
2.094046175479888916e-01
1.163182616233825684e+00
2.535819448530673981e-02
1.293808460235595703e+00
1.149583339691162109e+00
7.944734096527099609e-01
2.861018856492592022e-06
1.647664001211524010e-03
2.593156993389129639e-01
7.920687198638916016e-01
7.460275888442993164e-01
1.942433975636959076e-02
5.564844608306884766e-01
8.172118067741394043e-01
7.281416654586791992e-02
6.317216902971267700e-02
1.403983831405639648e+00
3.177488148212432861e-01
1.331231892108917236e-01
3.208174407482147217e-01
2.170977592468261719e+00
9.053891897201538086e-02
2.864379994571208954e-02
8.500988781452178955e-02
3.509792266413569450e-03
4.545635730028152466e-02
1.647562235593795776e-01
9.169401228427886963e-02
8.955166488885879517e-02
1.171122550964355469e+00
6.846306324005126953e-01
1.185620669275522232e-02
9.014764428138732910e-01
7.888831198215484619e-02
4.028161764144897461e-01
2.219783365726470947e-01
5.143162608146667480e-01
1.927611082792282104e-01
1.512017965316772461e+00
2.673822082579135895e-02
3.571298122406005859e-01
8.518035709857940674e-02
1.497585792094469070e-02
4.063078761100769043e-01
3.536736667156219482e-01
2.951553324237465858e-03
4.524241015315055847e-02
1.056839823722839355e-01
1.631562411785125732e-02
1.848039865493774414e+00
1.785291284322738647e-01
8.028964996337890625e-01
4.195412397384643555e-01
2.948217988014221191e-01
1.017337106168270111e-02
3.852937221527099609e-01
8.204828947782516479e-02
2.704442262649536133e+00
5.551853775978088379e-02
8.560149669647216797e-01
1.278713345527648926e-02
1.504206180572509766e+00
9.380325675010681152e-01
6.895632743835449219e-01
1.434751749038696289e-01
1.101572737097740173e-01
1.114711284637451172e+00
1.967537254095077515e-01
5.731507539749145508e-01
1.021470576524734497e-01
3.239935934543609619e-01
1.827341765165328979e-01
5.433671642094850540e-03
2.944315075874328613e-01
8.807856589555740356e-03
2.875282168388366699e-01
7.556359171867370605e-01
1.147955879569053650e-01
2.286596298217773438e+00
1.803960055112838745e-01
9.577042460441589355e-01
1.723225712776184082e-01
7.383844256401062012e-01
1.146578192710876465e+00
5.860188603401184082e-01
1.491035521030426025e-01
5.943752527236938477e-01
9.617410898208618164e-01
7.049541920423507690e-02
3.577139079570770264e-01
9.655007719993591309e-02
2.387470752000808716e-01
6.874591857194900513e-02
7.204332202672958374e-02
4.341262951493263245e-02
8.891050219535827637e-01
4.224899690598249435e-03
2.171268224716186523e+00
6.216498613357543945e-01
3.711958527565002441e-01
3.186645358800888062e-02
4.719072021543979645e-03
1.467282414436340332e+00
4.513464570045471191e-01
1.031291633844375610e-01
1.242621708661317825e-02
2.435512840747833252e-01
2.654590606689453125e-01
6.821737438440322876e-02
7.841553092002868652e-01
5.438669025897979736e-02
2.045651674270629883e-01
4.850124940276145935e-02
2.115893840789794922e+00
2.155706845223903656e-02
9.146254658699035645e-01
9.299959056079387665e-04
9.426715970039367676e-01
9.090338349342346191e-01
1.876916177570819855e-02
2.386010438203811646e-02
3.933142423629760742e-01
2.364876717329025269e-01
5.907101090997457504e-03
5.610810518264770508e-01
5.238268971443176270e-01
1.693115569651126862e-02
2.404895145446062088e-03
4.148397056269459426e-05
6.394920498132705688e-02
1.283060526475310326e-03
2.854721248149871826e-01
1.883490979671478271e-01
1.472332715988159180e+00
1.407153438776731491e-02
3.182381624355912209e-04
6.215281039476394653e-02
1.451895117759704590e+00
2.877539023756980896e-02
2.417433410882949829e-01
1.534117162227630615e-01
8.885858058929443359e-01
4.720690101385116577e-02
8.278871178627014160e-01
8.881587535142898560e-02
5.934001877903938293e-03
1.763966120779514313e-02
1.667971350252628326e-02
1.666061758995056152e+00
1.466266363859176636e-01
6.985420623095706105e-05
9.041417837142944336e-01
1.610109090805053711e+00
1.796473741531372070e+00
2.186052966862916946e-03
1.259256124496459961e+00
1.749406382441520691e-02
1.395175047218799591e-02
6.702678743749856949e-03
1.576812937855720520e-02
1.158241033554077148e+00
5.184182897210121155e-03
2.327965348958969116e-01
1.919311285018920898e-01
1.013879571110010147e-02
7.922102808952331543e-01
1.626132242381572723e-02
3.134739100933074951e-01
1.714590787887573242e-01
3.947226405143737793e-01
9.578324109315872192e-02
3.952172040939331055e+00
8.254341781139373779e-03
7.404204457998275757e-02
1.171964883804321289e+00
6.403802633285522461e-01
3.527112603187561035e-01
8.265309780836105347e-02
5.430471897125244141e-02
2.379693537950515747e-01
2.708035707473754883e-01
4.866387546062469482e-01
2.213503718376159668e-01
3.509671241044998169e-02
1.333034276962280273e+00
1.891786903142929077e-01
4.617813825607299805e-01
1.564901620149612427e-01
4.908653907477855682e-03
1.769049908034503460e-03
7.131478749215602875e-03
6.215303391218185425e-02
3.212392628192901611e-01
2.512181699275970459e-01
3.496309518814086914e-01
1.418354734778404236e-02
2.761846780776977539e-01
1.122528407722711563e-02
5.610698461532592773e-01
1.857826352119445801e+00
2.682607620954513550e-02
8.713170886039733887e-02
1.161479670554399490e-02
4.165497084613889456e-04
5.093504190444946289e-01
1.599036306142807007e-01
9.046519175171852112e-03
4.080770015716552734e-01
1.469699144363403320e-01
1.769557297229766846e-01
9.397349953651428223e-01
2.619291305541992188e+00
3.728121995925903320e+00
1.800441890954971313e-01
6.544203758239746094e-01
6.700611114501953125e-01
6.219674367457628250e-03
1.607061386108398438e+00
2.270928174257278442e-01
6.599045991897583008e-01
5.880239605903625488e-01
1.224288344383239746e-02
1.309541225433349609e+00
4.822981953620910645e-01
2.183973193168640137e-01
9.600408673286437988e-01
4.066504538059234619e-02
3.277464509010314941e-01
5.617105960845947266e-01
8.467216491699218750e-01
1.142040714621543884e-01
1.446120142936706543e-01
1.395292580127716064e-02
1.314409375190734863e+00
2.676294185221195221e-02
1.812666468322277069e-02
2.332109957933425903e-01
4.007922410964965820e-01
2.370620965957641602e-01
1.941699683666229248e-01
5.520995855331420898e-01
4.519612789154052734e-01
6.198887825012207031e-01
2.354639530181884766e+00
1.053202867507934570e+00
1.764807105064392090e-01
3.645128309726715088e-01
2.345492392778396606e-01
2.187283523380756378e-02
1.795619912445545197e-02
1.158884093165397644e-01
3.741085529327392578e-01
4.532933980226516724e-02
1.564708421938121319e-03
4.421696066856384277e-03
1.032967790961265564e-01
8.281615446321666241e-04
7.935307919979095459e-03
2.438957802951335907e-02
4.818105697631835938e-02
2.488505095243453979e-02
1.141834735870361328e+00
1.630399674177169800e-01
6.770659983158111572e-02
1.235057115554809570e+00
8.116762638092041016e-01
5.575656890869140625e-02
3.365310728549957275e-01
1.843672990798950195e-02
6.225530803203582764e-02
3.357557207345962524e-02
8.194230794906616211e-01
1.229945048689842224e-01
9.302821010351181030e-02
1.901574432849884033e-01
2.303686691448092461e-03
1.566421538591384888e-01
3.388386964797973633e-01
1.852756619453430176e+00
8.460741490125656128e-02
3.437405102886259556e-04
6.278951764106750488e-01
1.153965368866920471e-01
2.630908787250518799e-01
7.137134671211242676e-02
2.133457213640213013e-01
5.450407862663269043e-01
1.391679793596267700e-01
5.607086420059204102e-01
2.827933523803949356e-03
2.703859806060791016e+00
4.001865983009338379e-01
2.076891660690307617e+00
2.413646936416625977e+00
2.253046333789825439e-01
1.757988929748535156e-01
7.218651473522186279e-02
8.764816820621490479e-02
3.307012915611267090e-01
2.180216312408447266e-01
5.944811701774597168e-01
2.338808178901672363e-01
1.990769654512405396e-01
1.013206243515014648e-01
3.453606069087982178e-01
1.596360951662063599e-01
1.457033991813659668e+00
4.056201577186584473e-01
9.221712350845336914e-01
2.403666973114013672e-01
6.758923642337322235e-03
1.009623527526855469e+00
1.546909101307392120e-02
5.016715731471776962e-03
2.681213021278381348e-01
2.165179699659347534e-02
2.397294491529464722e-01
1.206670049577951431e-02
1.698545217514038086e+00
4.187517240643501282e-02
3.121149260550737381e-03
6.176955103874206543e-01
1.721487566828727722e-02
9.945976138114929199e-01
1.210580300539731979e-02
9.886583313345909119e-03
7.893800735473632812e-01
2.287192821502685547e+00
7.454957962036132812e-01
2.181176096200942993e-03
1.333154201507568359e+00
5.449927449226379395e-01
1.027068048715591431e-01
8.076202869415283203e-02
1.304826419800519943e-02
9.924236685037612915e-03
1.240808516740798950e-02
7.604048252105712891e-01
8.820419758558273315e-02
5.368161201477050781e-02
5.857942625880241394e-02
1.447729468345642090e+00
1.034426614642143250e-01
4.421004354953765869e-01
1.066543906927108765e-02
4.181531071662902832e-01
7.239533215761184692e-02
3.742477856576442719e-03
1.758190631866455078e+00
1.138463690876960754e-01
1.922959446907043457e+00
9.730333089828491211e-01
8.444186449050903320e-01
3.586757183074951172e-02
2.191995978355407715e-01
1.985753700137138367e-02
4.099154472351074219e-02
6.462377309799194336e-01
1.886905083665624261e-04
3.199380040168762207e-01
4.203446507453918457e-01
8.611911535263061523e-01
7.554115355014801025e-02
7.966991662979125977e-01
3.152104020118713379e-01
1.352428197860717773e-01
4.086953122168779373e-03
3.242015242576599121e-01
1.038365513086318970e-01
4.671449661254882812e-01
1.072359234094619751e-01
9.468393772840499878e-02
6.315985694527626038e-03
1.037147045135498047e+00
1.863835453987121582e-01
3.188620090484619141e+00
1.461267564445734024e-02
8.153625726699829102e-01
1.053736507892608643e-01
3.868689239025115967e-01
6.970681548118591309e-01
1.975780576467514038e-01
2.478876709938049316e-02
1.188288778066635132e-01
6.259728074073791504e-01
3.603546023368835449e-01
9.785995483398437500e-01
7.067966461181640625e-01
3.876190185546875000e-01
5.774127319455146790e-03
6.034644693136215210e-02
1.261821687221527100e-01
5.077598989009857178e-02
1.329438667744398117e-02
2.171159386634826660e-01
2.571492223069071770e-03
2.885941648855805397e-03
3.592942841351032257e-03
8.861648440361022949e-01
3.081729114055633545e-01
1.911797188222408295e-02
2.066708728671073914e-02
4.628267511725425720e-02
9.832181930541992188e-01
5.127883329987525940e-02
1.109150886535644531e+00
1.994459703564643860e-02
8.169856667518615723e-02
1.036652550101280212e-01
1.699722528457641602e+00
1.327512145042419434e+00
1.061857223510742188e+00
8.378389477729797363e-02
1.093650087714195251e-01
1.429743766784667969e-01
3.851723968982696533e-01
2.771232102531939745e-04
6.253401041030883789e-01
5.859461426734924316e-01
4.070922732353210449e-02
1.131382584571838379e-01
2.817948115989565849e-03
9.020816087722778320e-01
9.141556802205741405e-04
1.332670897245407104e-01
5.593615770339965820e-02
2.039958685636520386e-01
3.955286741256713867e-01
5.131526384502649307e-03
7.575575709342956543e-01
6.223369017243385315e-02
2.632986579556018114e-04
2.189597189426422119e-01
1.613804697990417480e-02
1.182666420936584473e-01
2.081222273409366608e-02
4.896371960639953613e-01
5.257293581962585449e-01
1.273314595222473145e+00
1.522165685892105103e-01
2.302735112607479095e-03
1.387089043855667114e-01
9.639712423086166382e-02
4.231244564056396484e+00
5.749763175845146179e-02
2.493784017860889435e-02
4.941709935665130615e-01
3.083823993802070618e-02
1.996264159679412842e-01
2.021492868661880493e-01
4.117142856121063232e-01
3.855193853378295898e-01
3.852750658988952637e-01
1.163020849227905273e+00
3.288860023021697998e-01
1.901962445117533207e-03
5.212887004017829895e-02
7.739596962928771973e-01
5.160170793533325195e-01
3.924563527107238770e-01
1.205056533217430115e-02
7.486855983734130859e-01
8.175715804100036621e-03
3.029829263687133789e-02
5.001617074012756348e-01
2.704261057078838348e-02
1.200331896543502808e-01
4.066218137741088867e-01
1.262222975492477417e-02
1.644532755017280579e-02
2.660766541957855225e-01
4.431336224079132080e-01
2.433443255722522736e-02
4.418954551219940186e-01
1.354469954967498779e-01
1.540271043777465820e-01
4.756572842597961426e-01
2.275855513289570808e-03
8.981961291283369064e-04
5.357038974761962891e-01
9.021355770528316498e-03
3.205015137791633606e-02
1.003479510545730591e-01
9.239046573638916016e-01
9.712713956832885742e-02
6.432984471321105957e-01
1.697414517402648926e+00
1.779102832078933716e-01
1.817686110734939575e-01
2.516041100025177002e-01
1.686242520809173584e-01
3.164900094270706177e-02
7.965532541275024414e-01
1.503673195838928223e+00
9.649094343185424805e-01
2.590418420732021332e-02
1.548620760440826416e-01
1.172671765089035034e-01
8.680101633071899414e-01
5.161728337407112122e-02
6.686204075813293457e-01
1.637428766116499901e-03
9.105348959565162659e-03
8.668220043182373047e-01
3.180159926414489746e-01
2.543199434876441956e-02
2.277526259422302246e-02
1.025773957371711731e-02
5.227231420576572418e-03
3.117227694019675255e-03
7.812006473541259766e-01
8.443608880043029785e-03
6.130068898200988770e-01
3.327056407928466797e+00
2.065321952104568481e-01
4.319230467081069946e-02
3.503021085634827614e-03
1.611329615116119385e-02
2.683402597904205322e-01
6.104514468461275101e-03
1.607511639595031738e-01
2.210222333669662476e-01
1.728624403476715088e-01
1.850786805152893066e-01
1.068697452545166016e+00
2.596896290779113770e-01
2.273060530424118042e-01
5.994430393911898136e-04
4.869826510548591614e-02
5.557187646627426147e-02
7.658647373318672180e-04
1.303567364811897278e-02
7.973654270172119141e-01
5.432419180870056152e-01
8.280608057975769043e-02
7.095757871866226196e-02
8.433485031127929688e-02
4.743296205997467041e-01
1.688087172806262970e-02
3.649065494537353516e-01
3.393351733684539795e-01
8.683042973279953003e-02
2.214663400081917644e-04
3.626531958580017090e-01
9.643417596817016602e-01
3.078414313495159149e-02
3.775018732994794846e-03
3.426241278648376465e-01
5.895688384771347046e-02
7.241551578044891357e-02
4.504128456115722656e+00
1.642432212829589844e+00
2.535111904144287109e-01
6.611748039722442627e-02
2.365257263183593750e+00
2.055037021636962891e+00
1.003992781043052673e-01
1.252784132957458496e-01
5.253411531448364258e-01
2.137843519449234009e-02
1.659453392028808594e+00
1.622306881472468376e-04
2.446517348289489746e-03
2.353689074516296387e-01
4.627903178334236145e-02
4.298271536827087402e-01
9.233149886131286621e-02
5.439955275505781174e-03
7.150343060493469238e-02
1.508919447660446167e-01
1.072340488433837891e+00
2.994699776172637939e-02
4.281534850597381592e-01
4.294566810131072998e-02
1.046932101249694824e+00
1.990005839616060257e-03
1.882968544960021973e-01
3.822168335318565369e-02
3.207226991653442383e+00
3.758836090564727783e-01
1.009562492370605469e+00
1.718579828739166260e-01
2.766467817127704620e-02
5.306524038314819336e-01
2.626131474971771240e-02
5.415318012237548828e-01
5.666245222091674805e-01
1.123612839728593826e-02
4.613527271430939436e-04
2.799300551414489746e-01
7.368008494377136230e-01
2.697716839611530304e-02
7.073634862899780273e-02
1.049673557281494141e+00
1.359666325151920319e-02
1.282764673233032227e+00
1.100266218185424805e+00
8.141352534294128418e-01
4.887461545877158642e-05
8.714285492897033691e-02
1.186673343181610107e-01
1.804811060428619385e-01
8.715727925300598145e-02
3.119811974465847015e-02
1.510299086570739746e+00
7.638766765594482422e-01
3.778937738388776779e-03
6.382138282060623169e-02
4.124587401747703552e-03
4.370456933975219727e-02
1.993762403726577759e-01
5.690157413482666016e-01
1.023587703704833984e+00
5.731393769383430481e-02
1.386661887168884277e+00
4.875503480434417725e-02
1.539019048213958740e-01
5.316052958369255066e-02
6.282211542129516602e-01
6.052230596542358398e-01
2.177836187183856964e-02
1.927272826433181763e-01
1.001391783356666565e-01
1.141888648271560669e-01
7.212959527969360352e-01
8.798017501831054688e-01
2.139015197753906250e+00
1.267356872558593750e+00
2.305184304714202881e-01
3.605296136811375618e-03
8.452164530754089355e-01
1.182361394166946411e-01
3.067514002323150635e-01
1.976298093795776367e-01
4.355203509330749512e-01
2.802447378635406494e-01
2.476638406515121460e-01
4.572237730026245117e-01
9.911235421895980835e-02
2.144980430603027344e-01
2.708706557750701904e-01
2.212041057646274567e-02
7.373934239149093628e-02
1.829931139945983887e-01
3.284145891666412354e-01
5.209345370531082153e-02
1.553493831306695938e-02
1.336808949708938599e-01
1.157245859503746033e-01
2.532597780227661133e-01
8.686627745628356934e-01
1.564804762601852417e-01
1.470759510993957520e-02
1.110079064965248108e-01
5.752100348472595215e-01
4.065863415598869324e-02
6.459891796112060547e-01
3.238204419612884521e-01
1.409445106983184814e-01
4.699800312519073486e-01
4.122135341167449951e-01
8.611934781074523926e-01
2.014591917395591736e-02
4.457453489303588867e-01
1.742028594017028809e-01
4.514754116535186768e-01
1.702747344970703125e+00
4.977216944098472595e-03
1.977181434631347656e-01
2.038829028606414795e-01
2.265235632658004761e-01
1.344713091850280762e+00
1.974215954542160034e-01
9.244258515536785126e-03
8.445415645837783813e-02
5.006483197212219238e-01
4.638862796127796173e-03
1.867218874394893646e-03
5.888964533805847168e-01
3.930464982986450195e-01
2.865853253751993179e-03
8.609252423048019409e-02
7.193751931190490723e-01
4.553188011050224304e-02
1.248920429497957230e-02
1.609129190444946289e+00
3.674074709415435791e-01
4.828147590160369873e-01
5.123224575072526932e-03
4.670069552958011627e-03
3.137408196926116943e-02
7.303500175476074219e-01
1.946842521429061890e-01
2.816518826875835657e-04
2.752598524093627930e-01
1.099671944975852966e-01
1.434367597103118896e-01
5.072936881333589554e-03
1.456290483474731445e-01
3.650785237550735474e-02
1.872581362724304199e+00
4.621290042996406555e-02
2.245185337960720062e-02
3.134459024295210838e-03
5.259680747985839844e-01
1.906604506075382233e-02
2.388097941875457764e-01
3.436558842658996582e-01
1.405989751219749451e-02
2.097432613372802734e-01
1.838453300297260284e-02
1.227020286023616791e-02
6.674243211746215820e-01
5.112561583518981934e-01
4.165307153016328812e-03
3.707696869969367981e-02
2.984076738357543945e-01
1.279653668403625488e+00
1.213819682598114014e-01
6.803357005119323730e-01
4.372487962245941162e-02
6.975464988499879837e-03
2.150609195232391357e-01
1.348230838775634766e-01
1.652014702558517456e-01
2.096873760223388672e+00
8.240234851837158203e-01
2.643991708755493164e-01
6.179885938763618469e-02
1.419590711593627930e-01
8.833625167608261108e-02
1.792914867401123047e-01
7.884969236329197884e-04
6.267930567264556885e-02
5.924094840884208679e-02
1.546966433525085449e-01
3.904573023319244385e-01
3.100709058344364166e-03
1.782523691654205322e-01
3.272380828857421875e-01
2.989841222763061523e+00
2.416423320770263672e+00
4.486850928515195847e-03
9.914277791976928711e-01
2.170325994491577148e+00
1.504137277603149414e+00
6.136386189609766006e-03
9.920562505722045898e-01
1.567639827728271484e+00
3.354638349264860153e-03
7.795033510774374008e-03
5.984127987176179886e-03
4.142785072326660156e-02
2.362186014652252197e-01
8.737686276435852051e-02
3.909367024898529053e-01
7.812623381614685059e-01
6.296601891517639160e-01
1.201150119304656982e-01
7.730303406715393066e-01
9.949111193418502808e-02
1.765503436326980591e-01
9.995020925998687744e-02
6.229552030563354492e-01
4.705877304077148438e-01
3.312277549412101507e-04
1.413337290287017822e-01
1.004200875759124756e-01
2.740439493209123611e-03
2.900086576119065285e-03
6.858024746179580688e-03
4.969744011759757996e-03
4.004242271184921265e-02
1.285181492567062378e-01
3.250757232308387756e-02
5.267658829689025879e-01
4.761777445673942566e-02
3.448558598756790161e-02
1.133349686861038208e-01
3.201899766921997070e+00
1.904081553220748901e-01
1.887986809015274048e-01
2.019076824188232422e+00
4.464394971728324890e-02
6.634787470102310181e-02
4.878209531307220459e-01
4.409213364124298096e-01
2.268693223595619202e-02
8.363697677850723267e-03
3.644730430096387863e-03
1.490960568189620972e-01
1.208727210760116577e-01
2.314236573874950409e-02
1.082436367869377136e-01
9.244594722986221313e-02
7.196820378303527832e-01
4.643371794372797012e-03
5.081792478449642658e-04
4.005735218524932861e-01
2.257308661937713623e-01
2.842388451099395752e-01
3.368807211518287659e-02
1.632584929466247559e-01
2.757496356964111328e+00
1.537420451641082764e-01
3.177614707965403795e-04
1.600197404623031616e-01
8.508178591728210449e-01
1.910112500190734863e-01
1.857481710612773895e-02
1.643882393836975098e-01
7.781811952590942383e-01
5.178609397262334824e-03
2.444553375244140625e-02
8.986411243677139282e-02
9.284560382366180420e-02
6.571324914693832397e-02
4.871461540460586548e-02
5.026984144933521748e-04
1.124598905444145203e-01
2.761642456054687500e+00
4.789700508117675781e-01
1.097220703959465027e-01
1.654447555541992188e+00
6.223279237747192383e-02
5.696491803973913193e-03
2.183555159717798233e-03
4.835577681660652161e-03
8.257769979536533356e-03
1.142128109931945801e+00
1.582085620611906052e-03
3.947432560380548239e-04
4.682171344757080078e-01
2.797957062721252441e-01
3.352937400341033936e-01
1.117836683988571167e-02
1.363212227821350098e+00
1.841382831335067749e-01
1.197125762701034546e-01
5.800753831863403320e-01
6.815145909786224365e-02
3.533075097948312759e-03
6.612362265586853027e-01
1.625884324312210083e-03
9.263290166854858398e-01
4.422569647431373596e-02
3.295541405677795410e-01
1.983448505401611328e+00
4.279373168945312500e+00
2.106154203414916992e+00
3.076108871027827263e-03
1.216487437486648560e-01
1.324701607227325439e-01
4.124587401747703552e-03
7.822237908840179443e-03
7.411920279264450073e-02
3.511677980422973633e-01
4.467269405722618103e-03
8.049380034208297729e-02
2.963324189186096191e-01
2.934501972049474716e-04
1.879166066646575928e-01
2.028346955776214600e-01
8.914321660995483398e-01
8.932909369468688965e-01
3.958157030865550041e-04
2.588056623935699463e-01
8.394012451171875000e-01
1.393479347229003906e+00
2.783949719741940498e-03
4.663794860243797302e-02
4.584687650203704834e-01
2.992108420585282147e-05
2.051001787185668945e-02
1.303917646408081055e+00
5.990882404148578644e-03
1.166527509689331055e+00
8.267680555582046509e-02
9.173423051834106445e-01
2.615111134946346283e-02
5.208699107170104980e-01
3.076830506324768066e-01
8.241941034793853760e-02
5.687673389911651611e-02
2.119635492563247681e-01
6.000029444694519043e-01
8.129992336034774780e-02
2.356210798025131226e-01
1.869884692132472992e-02
6.187057867646217346e-02
7.876999974250793457e-01
8.938934803009033203e-01
1.123074367642402649e-01
6.409021443687379360e-04
3.954182267189025879e-01
2.513516426086425781e+00
1.093232750892639160e+00
3.196763694286346436e-01
2.679544389247894287e-01
7.037910223007202148e-01
3.857204914093017578e-01
4.981774091720581055e-02
6.670457720756530762e-01
5.943350791931152344e-01
6.148401647806167603e-02
2.116889506578445435e-01
1.843407452106475830e-01
1.063853618688881397e-03
3.390819579362869263e-02
6.716614216566085815e-02
3.195656239986419678e-01
2.135241404175758362e-02
3.376142820343375206e-03
5.846384167671203613e-02
9.235380887985229492e-01
4.626702666282653809e-01
3.282523453235626221e-01
9.977319859899580479e-05
3.097691535949707031e-01
8.858931660652160645e-01
3.595581054687500000e+00
1.785394996404647827e-01
5.755139589309692383e-01
3.668010234832763672e-03
3.573117852210998535e-01
5.073885433375835419e-03
1.823668717406690121e-03
1.719718128442764282e-01
5.591401457786560059e-01
4.901738464832305908e-02
5.649353563785552979e-02
6.225955486297607422e-01
1.503536105155944824e-01
7.483701407909393311e-02
6.925483047962188721e-02
6.100462633185088634e-04
1.861994504928588867e+00
1.412251710891723633e+00
4.554622992873191833e-02
2.932341992855072021e-01
1.192393973469734192e-01
1.338284611701965332e-01
2.314091324806213379e-01
2.382378652691841125e-02
7.072413712739944458e-02
4.071400035172700882e-03
7.778681814670562744e-02
2.321158796548843384e-01
1.142062991857528687e-01
1.948760032653808594e+00
8.693490624427795410e-01
1.268155593425035477e-02
1.508688926696777344e-01
4.475646838545799255e-02
3.071339614689350128e-02
7.967120967805385590e-03
4.649219810962677002e-01
3.161608427762985229e-02
4.268230795860290527e-01
3.413881361484527588e-01
2.472203224897384644e-03
1.284630417823791504e+00
6.762120407074689865e-03
1.910925388336181641e+00
1.066626235842704773e-01
4.510784149169921875e-02
4.826830029487609863e-01
1.971024572849273682e-01
1.776813507080078125e+00
1.540220975875854492e-01
3.171574473381042480e-01
1.109192520380020142e-01
5.727880001068115234e-01
3.884276375174522400e-04
1.857220232486724854e-01
1.862438321113586426e-01
1.199468076229095459e-01
9.658059477806091309e-02
4.443549215793609619e-01
8.395259827375411987e-02
7.495494559407234192e-03
4.094516038894653320e-01
9.216589969582855701e-04
4.305643588304519653e-02
1.640287786722183228e-02
1.047821119427680969e-01
3.671109676361083984e-01
2.876797690987586975e-02
2.665024064481258392e-02
2.029627561569213867e-01
1.188836023211479187e-01
8.494955301284790039e-01
1.418108344078063965e+00
2.292871475219726562e-02
4.756878316402435303e-02
2.100620716810226440e-01
3.027457569260150194e-04
4.883386194705963135e-03
5.975887179374694824e-02
4.867884889245033264e-02
1.197233647108078003e-01
1.085039258003234863e+00
7.907194644212722778e-02
3.665805757045745850e-01
1.970852166414260864e-02
2.316311746835708618e-01
1.157163619995117188e+00
5.033316612243652344e-01
4.846717789769172668e-02
1.687084436416625977e-01
1.108157914131879807e-02
5.923802778124809265e-02
1.617657899856567383e+00
4.772951006889343262e-01
1.737209558486938477e+00
2.706432580947875977e+00
1.566376328468322754e+00
1.039637159556150436e-02
1.493510697036981583e-02
3.578570205718278885e-03
5.436516832560300827e-03
1.420873741153627634e-04
1.622903496026992798e-01
9.423301555216312408e-03
3.010191023349761963e-01
2.514722570776939392e-02
3.469401970505714417e-02
2.284777909517288208e-01
2.027124632149934769e-03
5.002126563340425491e-03
2.303822524845600128e-02
5.156855913810431957e-04
1.525618314743041992e+00
1.961501128971576691e-02
8.446270227432250977e-02
1.005499362945556641e+00
6.596442461013793945e-01
5.782524943351745605e-01
3.018159419298171997e-02
8.371482789516448975e-02
7.947797328233718872e-02
3.114662468433380127e-01
2.263798750936985016e-02
1.256337109953165054e-02
1.008651778101921082e-02
3.091811086051166058e-04
6.725071072578430176e-01
7.027208805084228516e-02
6.245792284607887268e-02
3.763370588421821594e-02
2.744433656334877014e-02
8.415908366441726685e-02
4.939319193363189697e-01
4.687082394957542419e-02
1.462371926754713058e-02
2.191668748855590820e-02
1.805252671241760254e+00
1.949692517518997192e-01
7.009794935584068298e-03
3.308323398232460022e-02
1.928037703037261963e-01
2.643338963389396667e-02
1.094127353280782700e-02
1.748045682907104492e+00
3.352304697036743164e-01
1.080862045288085938e+00
4.436620473861694336e-01
1.950326263904571533e-01
7.697799708694219589e-03
2.700088918209075928e-01
3.572794049978256226e-02
5.511577606201171875e+00
1.972593188285827637e+00
7.173223495483398438e-01
1.734801083803176880e-01
1.407436490058898926e+00
2.937409579753875732e-01
3.182346224784851074e-01
1.337196975946426392e-01
1.803464628756046295e-02
3.605053573846817017e-02
3.620089590549468994e-01
5.247381702065467834e-02
2.107056602835655212e-02
8.510295301675796509e-02
8.961412310600280762e-02
8.574607223272323608e-02
9.285727143287658691e-01
9.287605062127113342e-03
5.428454838693141937e-03
1.113081797957420349e-01
7.043342292308807373e-02
1.583632896654307842e-03
7.191778421401977539e-01
2.120910584926605225e-02
4.945066198706626892e-02
2.110149621963500977e+00
4.359574317932128906e-01
9.310045279562473297e-03
1.708966732025146484e+00
7.477647066116333008e-01
8.618303574621677399e-03
3.053045749664306641e+00
7.894965410232543945e-01
4.131135940551757812e-01
1.283790349960327148e+00
1.069089323282241821e-01
5.683964490890502930e-01
3.813568949699401855e-01
2.697342424653470516e-04
4.784439876675605774e-02
2.009165436029434204e-01
8.043737709522247314e-02
5.690286308526992798e-02
3.515564799308776855e-01
1.149137020111083984e+00
2.274927683174610138e-02
4.033283144235610962e-02
1.452327370643615723e-01
2.580018341541290283e-01
1.283305883407592773e+00
4.833205137401819229e-03
6.942722829990088940e-04
1.829729676246643066e-01
1.701276540756225586e+00
6.723600029945373535e-01
2.762081921100616455e-01
1.687547326087951660e+00
5.483315908350050449e-04
1.174342870712280273e+00
1.425924003124237061e-01
2.981478571891784668e-01
1.239657327532768250e-01
1.044421792030334473e-01
3.321982324123382568e-01
1.340321004390716553e-01
1.429368555545806885e-01
4.003030657768249512e-01
4.553825855255126953e-01
3.455252647399902344e-01
8.403902029385790229e-05
2.398487553000450134e-02
5.079578608274459839e-03
3.794211745262145996e-01
2.784508168697357178e-01
3.701408803462982178e-01
7.250679135322570801e-01
3.023878931999206543e-01
8.433210849761962891e-02
4.175160080194473267e-03
8.850266933441162109e-01
1.776403665542602539e+00
2.388292253017425537e-01
2.534337997436523438e+00
1.573995590209960938e+00
4.779992103576660156e-01
7.177705764770507812e-01
9.573189914226531982e-02
1.241135820746421814e-01
2.509611845016479492e-01
3.865551352500915527e-01
4.744725525379180908e-01
4.298802018165588379e-01
2.887130249291658401e-03
4.098044335842132568e-02
6.219319067895412445e-03
9.578920155763626099e-02
6.798630207777023315e-02
2.033750526607036591e-02
1.630026817321777344e+00
9.721940755844116211e-02
1.851155539043247700e-03
1.560817565768957138e-02
9.335241913795471191e-01
3.239583747927099466e-04
1.328131556510925293e+00
7.155605554580688477e-01
1.790344715118408203e-01
8.396666049957275391e-01
1.586382985115051270e-01
1.249199211597442627e-01
2.127722501754760742e-01
6.489323079586029053e-02
6.498514208942651749e-03
1.329087316989898682e-01
1.021459349431097507e-03
1.730067253112792969e+00
4.162506461143493652e-01
1.043278932571411133e+00
3.963161110877990723e-01
8.822460472583770752e-02
1.542695760726928711e+00
6.259006261825561523e-01
3.105436265468597412e-01
1.202064394950866699e+00
1.955509632825851440e-01
1.786742925643920898e+00
1.048827078193426132e-02
1.674233555793762207e+00
1.018458724021911621e+00
3.422957360744476318e-01
2.255839854478836060e-01
1.175789356231689453e+00
6.396875381469726562e-01
1.159264426678419113e-02
1.814599335193634033e-01
7.724230289459228516e-01
4.016324505209922791e-02
2.902682423591613770e-01
1.329297479242086411e-02
1.604880243539810181e-01
1.486780960112810135e-02
4.114366471767425537e-01
1.971617221832275391e+00
6.602851673960685730e-03
6.597610116004943848e-01
7.732254862785339355e-01
1.606960664503276348e-03
2.254579216241836548e-01
5.725753679871559143e-02
2.035876363515853882e-02
8.633183836936950684e-01
3.723446428775787354e-01
6.394165568053722382e-03
5.855430848896503448e-03
3.472750782966613770e-01
1.481120437383651733e-01
4.399335086345672607e-01
1.881911605596542358e-02
2.595413289964199066e-02
1.117452532052993774e-01
1.976294734049588442e-04
7.282310128211975098e-01
1.686493121087551117e-02
2.100984901189804077e-01
1.280417442321777344e+00
2.403151392936706543e-01
1.052659819833934307e-03
1.733989268541336060e-02
1.774761825799942017e-03
2.261939458549022675e-03
6.525540351867675781e-01
2.759341616183519363e-03
1.687970012426376343e-02
4.570130705833435059e-01
4.390956368297338486e-03
6.565531343221664429e-02
8.760960102081298828e-01
5.979588031768798828e-01
8.944546580314636230e-01
1.385667324066162109e-01
8.676255494356155396e-02
2.394146285951137543e-02
8.950239419937133789e-02
1.085526426322758198e-03
1.906195096671581268e-02
2.394728176295757294e-02
3.843937516212463379e-01
1.477901358157396317e-02
1.232136964797973633e+00
6.215521097183227539e-01
8.944506198167800903e-02
7.768457382917404175e-02
2.121112793684005737e-01
4.404792785644531250e+00
1.373440325260162354e-01
5.422455072402954102e-02
2.183850556612014771e-01
2.909978032112121582e-01
6.752481460571289062e-01
4.112646281719207764e-01
3.463268876075744629e-01
1.119824171066284180e+00
2.585998503491282463e-03
6.498370785266160965e-04
1.747604459524154663e-01
2.462689997628331184e-03
8.212749958038330078e-01
4.683112353086471558e-02
1.942653791047632694e-03
3.305451571941375732e-02
5.942372977733612061e-02
4.710943400859832764e-01
1.651575118303298950e-01
3.835605680942535400e-01
8.383676409721374512e-03
2.000237703323364258e+00
1.365920412354171276e-03
6.790176779031753540e-02
1.107250154018402100e-02
1.206271871924400330e-01
2.103145122528076172e-01
7.784078121185302734e-01
6.402171254158020020e-01
6.940305829048156738e-01
6.992778182029724121e-02
3.344658296555280685e-03
1.003363057971000671e-01
2.046810626983642578e+00
2.417990416288375854e-01
2.198362909257411957e-02
3.585837036371231079e-02
1.525474935770034790e-01
8.219961076974868774e-02
2.609836459159851074e-01
2.517984481528401375e-03
1.901047080755233765e-01
6.590399891138076782e-02
2.471056133508682251e-01
6.807904839515686035e-01
2.749258466064929962e-02
2.118608355522155762e-01
3.270859718322753906e-01
5.536317229270935059e-01
1.362493485212326050e-01
3.997221589088439941e-02
3.442316129803657532e-02
1.779607683420181274e-01
1.420818418264389038e-01
1.128775719553232193e-02
1.231333240866661072e-01
5.571515560150146484e-01
3.031607866287231445e-01
5.877236835658550262e-03
2.692867219448089600e-01
1.089983060956001282e-01
3.082980215549468994e-02
5.870363209396600723e-03
4.055943191051483154e-01
1.297804862260818481e-01
1.467242240905761719e+00
1.596368034370243549e-03
6.861260533332824707e-01
1.987831741571426392e-01
1.574349240399897099e-03
1.449839472770690918e+00
3.202385306358337402e-01
5.999326109886169434e-01
1.736839413642883301e-01
9.349136613309383392e-03
6.676322221755981445e-02
5.601731315255165100e-02
1.216953992843627930e-01
4.611773788928985596e-02
1.121170759201049805e+00
1.787126064300537109e+00
8.593512326478958130e-02
1.992356404662132263e-02
5.736843347549438477e-01
1.472157426178455353e-02
4.542993009090423584e-02
1.157296821475028992e-01
7.324981968849897385e-03
6.712563633918762207e-01
1.216147541999816895e-01
4.116889476776123047e+00
8.794607520103454590e-01
3.377151861786842346e-02
1.860969662666320801e-01
1.131538003683090210e-01
4.078876972198486328e-02
1.734244823455810547e-01
1.219280064105987549e-01
6.517238169908523560e-02
2.423778176307678223e-01
2.919957786798477173e-02
8.050538017414510250e-04
7.410753369331359863e-01
1.763089150190353394e-01
3.370409458875656128e-02
4.200673699378967285e-01
7.072342038154602051e-01
2.521476335823535919e-02
4.447064921259880066e-02
6.064821965992450714e-03
8.944549411535263062e-02
9.784375876188278198e-02
5.443912148475646973e-01
9.516074508428573608e-02
5.038303323090076447e-03
1.924804568290710449e+00
2.513225674629211426e-01
6.308691501617431641e-01
1.388560414314270020e+00
1.648973091505467892e-03
1.462677307426929474e-02
1.854926049709320068e-01
7.225915789604187012e-02
5.962323546409606934e-01
4.967743530869483948e-02
3.547408282756805420e-01
1.105163339525461197e-02
4.901000857353210449e-02
2.321263700723648071e-01
4.089490771293640137e-01
2.579474210739135742e+00
5.321682244539260864e-02
5.889360606670379639e-02
1.421366482973098755e-01
8.615290373563766479e-02
6.796781718730926514e-02
6.117666140198707581e-03
9.659453630447387695e-01
4.882434844970703125e+00
5.224965214729309082e-01
8.426362276077270508e-02
3.470154404640197754e-01
4.659095779061317444e-02
3.019671440124511719e-01
1.072882175445556641e+00
2.706302404403686523e-01
1.036737486720085144e-01
1.515012085437774658e-01
1.546745300292968750e+00
9.985435009002685547e-01
7.140470552258193493e-04
1.480548858642578125e+00
3.167621850967407227e+00
1.394662410020828247e-01
5.213620662689208984e-01
2.262300252914428711e-01
3.610868155956268311e-01
2.546413540840148926e-01
4.483181238174438477e-02
3.021480739116668701e-01
1.349349737167358398e+00
2.632702827453613281e+00
6.609985232353210449e-02
2.751844748854637146e-02
6.590043306350708008e-01
6.501071453094482422e-01
1.081425398588180542e-01
5.536333918571472168e-01
7.303825765848159790e-02
1.107945758849382401e-02
9.036082029342651367e-01
2.689080545678734779e-03
5.562340840697288513e-02
6.905793561600148678e-04
4.902147129178047180e-02
3.294046819210052490e-01
3.817693516612052917e-02
1.717506647109985352e-01
4.969792207702994347e-04
2.107045054435729980e-01
5.502470210194587708e-02
5.221022665500640869e-02
9.057859890162944794e-03
1.380854368209838867e+00
5.909962058067321777e-01
2.479930639266967773e+00
1.171389937400817871e+00
3.494270145893096924e-02
7.814232259988784790e-02
3.663221001625061035e-01
2.303774505853652954e-01
3.194843828678131104e-01
3.577517271041870117e+00
2.088932096958160400e-01
1.668376326560974121e+00
5.992898344993591309e-01
9.998892992734909058e-02
1.023731708526611328e+00
4.742509126663208008e-01
4.702278599143028259e-02
1.783920168876647949e+00
1.325324759818613529e-03
1.099162083119153976e-02
8.582913279533386230e-01
1.279794871807098389e-01
5.500394478440284729e-02
2.916370751336216927e-03
6.962716579437255859e-02
1.181514501571655273e+00
4.713616217486560345e-04
1.376693230122327805e-02
1.319610280916094780e-03
4.822781682014465332e-01
4.312905296683311462e-02
1.125539541244506836e-01
1.490832958370447159e-02
3.498725414276123047e+00
6.224354729056358337e-02
4.365913104265928268e-03
4.546780604869127274e-03
9.708656668663024902e-01
3.407621979713439941e-01
1.328015804290771484e+00
2.383961714804172516e-02
5.187027901411056519e-02
6.543436646461486816e-02
1.406213082373142242e-02
1.053527295589447021e-01
9.519976377487182617e-02
1.643979549407958984e-01
4.946638941764831543e-01
1.738872379064559937e-01
1.864462137222290039e+00
1.062988936901092529e-01
3.563870489597320557e-01
1.370578911155462265e-02
1.253728568553924561e-01
3.777387365698814392e-02
4.354084432125091553e-01
9.028451889753341675e-02
4.229843034408986568e-04
1.874750256538391113e-01
2.982621490955352783e-01
1.845158189535140991e-01
1.409574784338474274e-02
2.002409547567367554e-01
7.492843270301818848e-01
8.122621178627014160e-01
2.439363002777099609e+00
1.117494795471429825e-02
3.862539529800415039e-01
3.672149777412414551e-02
1.610916703939437866e-01
1.603152137249708176e-03
1.161786075681447983e-02
3.897878825664520264e-01
1.082842517644166946e-02
1.546318978071212769e-01
1.045252662152051926e-02
2.025648593902587891e+00
1.185843273997306824e-01
1.572982430458068848e+00
2.712182998657226562e-01
1.038598921149969101e-02
1.168838381767272949e+00
9.003089666366577148e-01
2.419364452362060547e-01
4.519540667533874512e-01
1.153319597244262695e+00
